  0.800  0.014000  0.000    0.800   -0.5615    3.6888    3.6888    6.1538    6.5389    0.4860    0.9510    0.5937  5.102E+10  1.0000   4.611  0.000E+00      0.00      0.00      0.00  0.0000   0.000   0.000  0.0000  0.733E+00  0.254E+00  0.220E-02  0.266E-04  0.637E-03  0.553E-02  0.219E-05  0.124E-04  0.182E-02  0.147E-03  0.000E+00
  0.804  0.014000  0.000    0.804   -0.5513    3.6903    3.6903    6.1282    6.5081    0.4783    0.9433    0.5888  5.126E+10  1.0000   4.609  0.000E+00      0.00      0.00      0.00  0.0000   0.000   0.000  0.0000  0.733E+00  0.254E+00  0.220E-02  0.266E-04  0.636E-03  0.553E-02  0.219E-05  0.124E-04  0.182E-02  0.147E-03  0.000E+00
  0.807  0.014000  0.000    0.807   -0.5411    3.6919    3.6919    6.1027    6.4774    0.4706    0.9356    0.5839  5.150E+10  1.0000   4.607  0.000E+00      0.00      0.00      0.00  0.0000   0.000   0.000  0.0000  0.733E+00  0.253E+00  0.220E-02  0.266E-04  0.636E-03  0.553E-02  0.219E-05  0.124E-04  0.182E-02  0.147E-03  0.000E+00
  0.811  0.014000  0.000    0.811   -0.5309    3.6934    3.6934    6.0773    6.4467    0.4629    0.9279    0.5791  5.174E+10  1.0000   4.605  0.000E+00      0.00      0.00      0.00  0.0000   0.000   0.000  0.0000  0.733E+00  0.253E+00  0.220E-02  0.266E-04  0.636E-03  0.553E-02  0.218E-05  0.124E-04  0.182E-02  0.147E-03  0.000E+00
  0.815  0.014000  0.000    0.815   -0.5208    3.6949    3.6949    6.0520    6.4162    0.4553    0.9203    0.5742  5.198E+10  1.0000   4.603  0.000E+00      0.00      0.00      0.00  0.0000   0.000   0.000  0.0000  0.733E+00  0.253E+00  0.220E-02  0.266E-04  0.636E-03  0.553E-02  0.218E-05  0.124E-04  0.182E-02  0.147E-03  0.000E+00
  0.819  0.014000  0.000    0.819   -0.5107    3.6965    3.6965    6.0268    6.3858    0.4477    0.9127    0.5694  5.222E+10  1.0000   4.600  0.000E+00      0.00      0.00      0.00  0.0000   0.000   0.000  0.0000  0.733E+00  0.253E+00  0.220E-02  0.266E-04  0.635E-03  0.552E-02  0.218E-05  0.124E-04  0.182E-02  0.146E-03  0.000E+00
  0.822  0.014000  0.000    0.822   -0.5007    3.6980    3.6980    6.0016    6.3555    0.4402    0.9052    0.5646  5.246E+10  1.0000   4.598  0.000E+00      0.00      0.00      0.00  0.0000   0.000   0.000  0.0000  0.733E+00  0.253E+00  0.220E-02  0.265E-04  0.635E-03  0.552E-02  0.218E-05  0.124E-04  0.182E-02  0.146E-03  0.000E+00
  0.826  0.014000  0.000    0.826   -0.4906    3.6995    3.6995    5.9766    6.3252    0.4326    0.8978    0.5598  5.270E+10  1.0000   4.596  0.000E+00      0.00      0.00      0.00  0.0000   0.000   0.000  0.0000  0.734E+00  0.253E+00  0.220E-02  0.265E-04  0.635E-03  0.552E-02  0.218E-05  0.124E-04  0.182E-02  0.146E-03  0.000E+00
  0.830  0.014000  0.000    0.830   -0.4806    3.7010    3.7010    5.9516    6.2951    0.4251    0.8906    0.5553  5.295E+10  1.0000   4.594  0.000E+00      0.00      0.00      0.00  0.0000   0.000   0.000  0.0000  0.734E+00  0.253E+00  0.219E-02  0.265E-04  0.635E-03  0.552E-02  0.218E-05  0.124E-04  0.182E-02  0.146E-03  0.000E+00
  0.834  0.014000  0.000    0.834   -0.4707    3.7025    3.7025    5.9267    6.2651    0.4177    0.8835    0.5507  5.319E+10  1.0000   4.592  0.000E+00      0.00      0.00      0.00  0.0000   0.000   0.000  0.0000  0.734E+00  0.253E+00  0.219E-02  0.265E-04  0.634E-03  0.552E-02  0.218E-05  0.124E-04  0.182E-02  0.146E-03  0.000E+00
  0.837  0.014000  0.000    0.837   -0.4607    3.7040    3.7040    5.9018    6.2351    0.4102    0.8764    0.5462  5.343E+10  1.0000   4.590  0.000E+00      0.00      0.00      0.00  0.0000   0.000   0.000  0.0000  0.734E+00  0.252E+00  0.219E-02  0.265E-04  0.634E-03  0.552E-02  0.218E-05  0.124E-04  0.182E-02  0.146E-03  0.000E+00
  0.841  0.014000  0.000    0.841   -0.4508    3.7054    3.7054    5.8770    6.2053    0.4028    0.8693    0.5416  5.368E+10  1.0000   4.588  0.000E+00      0.00      0.00      0.00  0.0000   0.000   0.000  0.0000  0.734E+00  0.252E+00  0.219E-02  0.265E-04  0.634E-03  0.551E-02  0.218E-05  0.124E-04  0.181E-02  0.146E-03  0.000E+00
  0.845  0.014000  0.000    0.845   -0.4409    3.7069    3.7069    5.8523    6.1755    0.3954    0.8623    0.5371  5.393E+10  1.0000   4.586  0.000E+00      0.00      0.00      0.00  0.0000   0.000   0.000  0.0000  0.734E+00  0.252E+00  0.219E-02  0.265E-04  0.634E-03  0.551E-02  0.218E-05  0.124E-04  0.181E-02  0.146E-03  0.000E+00
  0.848  0.014000  0.000    0.848   -0.4311    3.7084    3.7084    5.8277    6.1458    0.3880    0.8553    0.5325  5.417E+10  1.0000   4.584  0.000E+00      0.00      0.00      0.00  0.0000   0.000   0.000  0.0000  0.734E+00  0.252E+00  0.219E-02  0.265E-04  0.634E-03  0.551E-02  0.218E-05  0.124E-04  0.181E-02  0.146E-03  0.000E+00
  0.852  0.014000  0.000    0.852   -0.4212    3.7099    3.7099    5.8031    6.1162    0.3807    0.8483    0.5280  5.442E+10  1.0000   4.582  0.000E+00      0.00      0.00      0.00  0.0000   0.000   0.000  0.0000  0.735E+00  0.252E+00  0.219E-02  0.265E-04  0.633E-03  0.551E-02  0.218E-05  0.124E-04  0.181E-02  0.146E-03  0.000E+00
  0.856  0.014000  0.000    0.856   -0.4114    3.7113    3.7113    5.7786    6.0867    0.3734    0.8413    0.5235  5.467E+10  1.0000   4.580  0.000E+00      0.00      0.00      0.00  0.0000   0.000   0.000  0.0000  0.735E+00  0.252E+00  0.219E-02  0.264E-04  0.633E-03  0.551E-02  0.217E-05  0.123E-04  0.181E-02  0.146E-03  0.000E+00
  0.860  0.014000  0.000    0.860   -0.4017    3.7128    3.7128    5.7542    6.0573    0.3661    0.8344    0.5189  5.492E+10  1.0000   4.578  0.000E+00      0.00      0.00      0.00  0.0000   0.000   0.000  0.0000  0.735E+00  0.252E+00  0.219E-02  0.264E-04  0.633E-03  0.550E-02  0.217E-05  0.123E-04  0.181E-02  0.146E-03  0.000E+00
  0.863  0.014000  0.000    0.863   -0.3919    3.7142    3.7142    5.7298    6.0280    0.3589    0.8275    0.5144  5.517E+10  1.0000   4.576  0.000E+00      0.00      0.00      0.00  0.0000   0.000   0.000  0.0000  0.735E+00  0.251E+00  0.219E-02  0.264E-04  0.633E-03  0.550E-02  0.217E-05  0.123E-04  0.181E-02  0.146E-03  0.000E+00
  0.867  0.014000  0.000    0.867   -0.3822    3.7157    3.7157    5.7055    5.9987    0.3516    0.8206    0.5099  5.542E+10  1.0000   4.574  0.000E+00      0.00      0.00      0.00  0.0000   0.000   0.000  0.0000  0.735E+00  0.251E+00  0.219E-02  0.264E-04  0.632E-03  0.550E-02  0.217E-05  0.123E-04  0.181E-02  0.146E-03  0.000E+00
  0.871  0.014000  0.000    0.871   -0.3725    3.7171    3.7171    5.6813    5.9695    0.3444    0.8137    0.5054  5.567E+10  1.0000   4.572  0.000E+00      0.00      0.00      0.00  0.0000   0.000   0.000  0.0000  0.735E+00  0.251E+00  0.219E-02  0.264E-04  0.632E-03  0.550E-02  0.217E-05  0.123E-04  0.181E-02  0.146E-03  0.000E+00
  0.874  0.014000  0.000    0.874   -0.3628    3.7186    3.7186    5.6571    5.9405    0.3372    0.8069    0.5008  5.592E+10  1.0000   4.570  0.000E+00      0.00      0.00      0.00  0.0000   0.000   0.000  0.0000  0.735E+00  0.251E+00  0.218E-02  0.264E-04  0.632E-03  0.550E-02  0.217E-05  0.123E-04  0.181E-02  0.146E-03  0.000E+00
  0.878  0.014000  0.000    0.878   -0.3532    3.7200    3.7200    5.6330    5.9115    0.3301    0.8001    0.4963  5.617E+10  1.0000   4.568  0.000E+00      0.00      0.00      0.00  0.0000   0.000   0.000  0.0000  0.736E+00  0.251E+00  0.218E-02  0.264E-04  0.632E-03  0.549E-02  0.217E-05  0.123E-04  0.181E-02  0.146E-03  0.000E+00
  0.882  0.014000  0.000    0.882   -0.3436    3.7214    3.7214    5.6089    5.8825    0.3230    0.7930    0.4916  5.643E+10  1.0000   4.565  0.000E+00      0.00      0.00      0.00  0.0000   0.000   0.000  0.0000  0.736E+00  0.251E+00  0.218E-02  0.264E-04  0.631E-03  0.549E-02  0.217E-05  0.123E-04  0.181E-02  0.146E-03  0.000E+00
  0.886  0.014000  0.000    0.886   -0.3340    3.7228    3.7228    5.5849    5.8537    0.3159    0.7859    0.4868  5.668E+10  1.0000   4.563  0.000E+00      0.00      0.00      0.00  0.0000   0.000   0.000  0.0000  0.736E+00  0.251E+00  0.218E-02  0.264E-04  0.631E-03  0.549E-02  0.217E-05  0.123E-04  0.181E-02  0.146E-03  0.000E+00
  0.889  0.014000  0.000    0.889   -0.3244    3.7242    3.7242    5.5610    5.8249    0.3088    0.7788    0.4821  5.694E+10  1.0000   4.561  0.000E+00      0.00      0.00      0.00  0.0000   0.000   0.000  0.0000  0.736E+00  0.250E+00  0.218E-02  0.263E-04  0.631E-03  0.549E-02  0.217E-05  0.123E-04  0.181E-02  0.145E-03  0.000E+00
  0.893  0.014000  0.000    0.893   -0.3149    3.7256    3.7256    5.5371    5.7963    0.3018    0.7718    0.4774  5.720E+10  1.0000   4.559  0.000E+00      0.00      0.00      0.00  0.0000   0.000   0.000  0.0000  0.736E+00  0.250E+00  0.218E-02  0.263E-04  0.631E-03  0.549E-02  0.217E-05  0.123E-04  0.181E-02  0.145E-03  0.000E+00
  0.897  0.014000  0.000    0.897   -0.3053    3.7270    3.7270    5.5133    5.7677    0.2948    0.7648    0.4726  5.746E+10  1.0000   4.557  0.000E+00      0.00      0.00      0.00  0.0000   0.000   0.000  0.0000  0.736E+00  0.250E+00  0.218E-02  0.263E-04  0.630E-03  0.548E-02  0.217E-05  0.123E-04  0.181E-02  0.145E-03  0.000E+00
  0.901  0.014000  0.000    0.901   -0.2958    3.7284    3.7284    5.4895    5.7392    0.2880    0.7580    0.4680  5.773E+10  1.0000   4.555  0.000E+00      0.00      0.00      0.00  0.0000   0.000   0.000  0.0000  0.736E+00  0.250E+00  0.218E-02  0.263E-04  0.630E-03  0.548E-02  0.216E-05  0.123E-04  0.181E-02  0.145E-03  0.000E+00
  0.904  0.014000  0.000    0.904   -0.2863    3.7296    3.7296    5.4657    5.7112    0.2819    0.7519    0.4638  5.804E+10  1.0000   4.552  0.000E+00      0.00      0.00      0.00  0.0000   0.000   0.000  0.0000  0.737E+00  0.250E+00  0.218E-02  0.263E-04  0.630E-03  0.548E-02  0.216E-05  0.123E-04  0.180E-02  0.145E-03  0.000E+00
  0.908  0.014000  0.000    0.908   -0.2768    3.7308    3.7308    5.4420    5.6833    0.2758    0.7458    0.4596  5.835E+10  1.0000   4.549  0.000E+00      0.00      0.00      0.00  0.0000   0.000   0.000  0.0000  0.737E+00  0.250E+00  0.218E-02  0.263E-04  0.629E-03  0.548E-02  0.216E-05  0.123E-04  0.180E-02  0.145E-03  0.000E+00
  0.912  0.014000  0.000    0.912   -0.2673    3.7321    3.7321    5.4183    5.6554    0.2697    0.7397    0.4554  5.866E+10  1.0000   4.546  0.000E+00      0.00      0.00      0.00  0.0000   0.000   0.000  0.0000  0.737E+00  0.249E+00  0.217E-02  0.263E-04  0.629E-03  0.547E-02  0.216E-05  0.123E-04  0.180E-02  0.145E-03  0.000E+00
  0.915  0.014000  0.000    0.915   -0.2578    3.7333    3.7333    5.3946    5.6276    0.2637    0.7337    0.4512  5.897E+10  1.0000   4.543  0.000E+00      0.00      0.00      0.00  0.0000   0.000   0.000  0.0000  0.737E+00  0.249E+00  0.217E-02  0.262E-04  0.629E-03  0.547E-02  0.216E-05  0.123E-04  0.180E-02  0.145E-03  0.000E+00
  0.919  0.014000  0.000    0.919   -0.2484    3.7345    3.7345    5.3710    5.5999    0.2577    0.7277    0.4470  5.929E+10  1.0000   4.541  0.000E+00      0.00      0.00      0.00  0.0000   0.000   0.000  0.0000  0.737E+00  0.249E+00  0.217E-02  0.262E-04  0.628E-03  0.547E-02  0.216E-05  0.122E-04  0.180E-02  0.145E-03  0.000E+00
  0.923  0.014000  0.000    0.923   -0.2390    3.7357    3.7357    5.3474    5.5723    0.2517    0.7217    0.4428  5.961E+10  1.0000   4.538  0.000E+00      0.00      0.00      0.00  0.0000   0.000   0.000  0.0000  0.738E+00  0.249E+00  0.217E-02  0.262E-04  0.628E-03  0.546E-02  0.216E-05  0.122E-04  0.180E-02  0.145E-03  0.000E+00
  0.927  0.014000  0.000    0.927   -0.2296    3.7369    3.7369    5.3239    5.5447    0.2457    0.7157    0.4386  5.992E+10  1.0000   4.535  0.000E+00      0.00      0.00      0.00  0.0000   0.000   0.000  0.0000  0.738E+00  0.249E+00  0.217E-02  0.262E-04  0.628E-03  0.546E-02  0.216E-05  0.122E-04  0.180E-02  0.145E-03  0.000E+00
  0.930  0.014000  0.000    0.930   -0.2202    3.7380    3.7380    5.3005    5.5172    0.2398    0.7098    0.4344  6.025E+10  1.0000   4.532  0.000E+00      0.00      0.00      0.00  0.0000   0.000   0.000  0.0000  0.738E+00  0.248E+00  0.217E-02  0.262E-04  0.627E-03  0.546E-02  0.216E-05  0.122E-04  0.180E-02  0.145E-03  0.000E+00
  0.934  0.014000  0.000    0.934   -0.2108    3.7392    3.7392    5.2771    5.4897    0.2339    0.7039    0.4303  6.057E+10  1.0000   4.529  0.000E+00      0.00      0.00      0.00  0.0000   0.000   0.000  0.0000  0.738E+00  0.248E+00  0.217E-02  0.261E-04  0.627E-03  0.546E-02  0.215E-05  0.122E-04  0.180E-02  0.145E-03  0.000E+00
  0.938  0.014000  0.000    0.938   -0.2015    3.7404    3.7404    5.2537    5.4623    0.2280    0.6984    0.4264  6.089E+10  1.0000   4.526  0.000E+00      0.00      0.00      0.00  0.0000   0.000   0.000  0.0000  0.739E+00  0.248E+00  0.217E-02  0.261E-04  0.627E-03  0.545E-02  0.215E-05  0.122E-04  0.180E-02  0.145E-03  0.000E+00
  0.945  0.014000  0.000    0.945   -0.1828    3.7427    3.7427    5.2071    5.4078    0.2164    0.6892    0.4198  6.155E+10  1.0000   4.520  0.000E+00      0.00      0.00      0.00  0.0000   0.000   0.000  0.0000  0.739E+00  0.247E+00  0.216E-02  0.261E-04  0.626E-03  0.545E-02  0.215E-05  0.122E-04  0.179E-02  0.144E-03  0.000E+00
  0.953  0.014000  0.000    0.953   -0.1643    3.7450    3.7450    5.1607    5.3535    0.2048    0.6801    0.4132  6.221E+10  1.0000   4.514  0.000E+00      0.00      0.00      0.00  0.0000   0.000   0.000  0.0000  0.739E+00  0.247E+00  0.216E-02  0.261E-04  0.625E-03  0.544E-02  0.215E-05  0.122E-04  0.179E-02  0.144E-03  0.000E+00
  0.960  0.014000  0.000    0.960   -0.1458    3.7473    3.7473    5.1144    5.2994    0.1934    0.6711    0.4067  6.289E+10  1.0000   4.508  0.000E+00      0.00      0.00      0.00  0.0000   0.000   0.000  0.0000  0.740E+00  0.247E+00  0.216E-02  0.260E-04  0.624E-03  0.543E-02  0.214E-05  0.122E-04  0.179E-02  0.144E-03  0.000E+00
  0.968  0.014000  0.000    0.968   -0.1273    3.7496    3.7496    5.0683    5.2456    0.1821    0.6622    0.4001  6.357E+10  1.0000   4.502  0.000E+00      0.00      0.00      0.00  0.0000   0.000   0.000  0.0000  0.740E+00  0.246E+00  0.215E-02  0.260E-04  0.624E-03  0.543E-02  0.214E-05  0.121E-04  0.179E-02  0.144E-03  0.000E+00
  0.975  0.014000  0.000    0.975   -0.1090    3.7518    3.7518    5.0224    5.1920    0.1709    0.6533    0.3936  6.426E+10  1.0000   4.496  0.000E+00      0.00      0.00      0.00  0.0000   0.000   0.000  0.0000  0.741E+00  0.246E+00  0.215E-02  0.259E-04  0.623E-03  0.542E-02  0.214E-05  0.121E-04  0.179E-02  0.144E-03  0.000E+00
  0.983  0.014000  0.000    0.983   -0.0907    3.7540    3.7540    4.9766    5.1386    0.1598    0.6446    0.3871  6.497E+10  1.0000   4.490  0.000E+00      0.00      0.00      0.00  0.0000   0.000   0.000  0.0000  0.741E+00  0.245E+00  0.215E-02  0.259E-04  0.622E-03  0.541E-02  0.214E-05  0.121E-04  0.179E-02  0.144E-03  0.000E+00
  0.990  0.014000  0.000    0.990   -0.0724    3.7562    3.7562    4.9310    5.0855    0.1488    0.6359    0.3807  6.568E+10  1.0000   4.484  0.000E+00      0.00      0.00      0.00  0.0000   0.000   0.000  0.0000  0.742E+00  0.245E+00  0.214E-02  0.259E-04  0.621E-03  0.541E-02  0.213E-05  0.121E-04  0.178E-02  0.143E-03  0.000E+00
  0.997  0.014000  0.000    0.997   -0.0542    3.7584    3.7584    4.8855    5.0325    0.1380    0.6274    0.3743  6.640E+10  1.0000   4.478  0.000E+00      0.00      0.00      0.00  0.0000   0.000   0.000  0.0000  0.742E+00  0.244E+00  0.214E-02  0.258E-04  0.620E-03  0.540E-02  0.213E-05  0.121E-04  0.178E-02  0.143E-03  0.000E+00
  1.005  0.014000  0.000    1.005   -0.0360    3.7604    3.7604    4.8400    4.9801    0.1278    0.6194    0.3682  6.718E+10  1.0000   4.471  0.000E+00      0.00      0.00      0.00  0.0000   0.000   0.000  0.0000  0.743E+00  0.243E+00  0.214E-02  0.258E-04  0.619E-03  0.539E-02  0.213E-05  0.121E-04  0.178E-02  0.143E-03  0.000E+00
  1.012  0.014000  0.000    1.012   -0.0178    3.7624    3.7624    4.7946    4.9280    0.1181    0.6117    0.3624  6.799E+10  1.0000   4.463  0.000E+00      0.00      0.00      0.00  0.0000   0.000   0.000  0.0000  0.744E+00  0.242E+00  0.213E-02  0.257E-04  0.617E-03  0.537E-02  0.212E-05  0.120E-04  0.177E-02  0.142E-03  0.000E+00
  1.020  0.014000  0.000    1.020    0.0003    3.7643    3.7643    4.7492    4.8761    0.1085    0.6040    0.3565  6.881E+10  1.0000   4.456  0.000E+00      0.00      0.00      0.00  0.0000   0.000   0.000  0.0000  0.745E+00  0.241E+00  0.212E-02  0.256E-04  0.615E-03  0.536E-02  0.211E-05  0.120E-04  0.177E-02  0.142E-03  0.000E+00
  1.027  0.014000  0.000    1.027    0.0184    3.7662    3.7662    4.7041    4.8243    0.0989    0.5965    0.3507  6.964E+10  1.0000   4.449  0.000E+00      0.00      0.00      0.00  0.0000   0.000   0.000  0.0000  0.747E+00  0.240E+00  0.212E-02  0.255E-04  0.613E-03  0.534E-02  0.211E-05  0.119E-04  0.176E-02  0.142E-03  0.000E+00
  1.035  0.014000  0.000    1.035    0.0364    3.7681    3.7681    4.6590    4.7729    0.0895    0.5891    0.3450  7.048E+10  1.0000   4.442  0.000E+00      0.00      0.00      0.00  0.0000   0.000   0.000  0.0000  0.748E+00  0.239E+00  0.211E-02  0.254E-04  0.612E-03  0.533E-02  0.210E-05  0.119E-04  0.176E-02  0.141E-03  0.000E+00
  1.042  0.014000  0.000    1.042    0.0544    3.7700    3.7700    4.6141    4.7216    0.0802    0.5817    0.3393  7.134E+10  1.0000   4.434  0.000E+00      0.00      0.00      0.00  0.0000   0.000   0.000  0.0000  0.749E+00  0.238E+00  0.210E-02  0.253E-04  0.610E-03  0.531E-02  0.209E-05  0.119E-04  0.175E-02  0.141E-03  0.000E+00
  1.050  0.014000  0.000    1.050    0.0723    3.7718    3.7718    4.5693    4.6706    0.0711    0.5745    0.3337  7.222E+10  1.0000   4.427  0.000E+00      0.00      0.00      0.00  0.0000   0.000   0.000  0.0000  0.750E+00  0.236E+00  0.209E-02  0.252E-04  0.607E-03  0.530E-02  0.209E-05  0.118E-04  0.175E-02  0.140E-03  0.000E+00
  1.057  0.014000  0.000    1.057    0.0901    3.7736    3.7736    4.5247    4.6198    0.0621    0.5675    0.3281  7.312E+10  1.0000   4.419  0.000E+00      0.00      0.00      0.00  0.0000   0.000   0.000  0.0000  0.752E+00  0.235E+00  0.209E-02  0.251E-04  0.605E-03  0.528E-02  0.208E-05  0.118E-04  0.174E-02  0.140E-03  0.000E+00
  1.064  0.014000  0.000    1.064    0.1079    3.7753    3.7753    4.4801    4.5693    0.0533    0.5605    0.3226  7.403E+10  1.0000   4.411  0.000E+00      0.00      0.00      0.00  0.0000   0.000   0.000  0.0000  0.753E+00  0.234E+00  0.208E-02  0.250E-04  0.603E-03  0.526E-02  0.207E-05  0.117E-04  0.174E-02  0.139E-03  0.000E+00
  1.072  0.014000  0.000    1.072    0.1257    3.7771    3.7771    4.4357    4.5189    0.0447    0.5537    0.3172  7.496E+10  1.0000   4.404  0.000E+00      0.00      0.00      0.00  0.0000   0.000   0.000  0.0000  0.754E+00  0.233E+00  0.207E-02  0.249E-04  0.601E-03  0.524E-02  0.206E-05  0.117E-04  0.173E-02  0.139E-03  0.000E+00
  1.079  0.014000  0.000    1.079    0.1434    3.7787    3.7787    4.3914    4.4697    0.0388    0.5472    0.3121  7.591E+10  1.0000   4.396  0.000E+00      0.00      0.00      0.00  0.0000   0.000   0.000  0.0000  0.756E+00  0.231E+00  0.206E-02  0.248E-04  0.599E-03  0.522E-02  0.206E-05  0.116E-04  0.173E-02  0.138E-03  0.000E+00
  1.087  0.014000  0.000    1.087    0.1611    3.7804    3.7804    4.3473    4.4219    0.0362    0.5412    0.3072  7.690E+10  1.0000   4.387  0.000E+00      0.00      0.00      0.00  0.0000   0.000   0.000  0.0000  0.757E+00  0.230E+00  0.205E-02  0.247E-04  0.596E-03  0.520E-02  0.205E-05  0.116E-04  0.172E-02  0.138E-03  0.000E+00
  1.094  0.014000  0.000    1.094    0.1787    3.7820    3.7820    4.3033    4.3742    0.0337    0.5353    0.3025  7.790E+10  1.0000   4.379  0.000E+00      0.00      0.00      0.00  0.0000   0.000   0.000  0.0000  0.759E+00  0.228E+00  0.204E-02  0.245E-04  0.594E-03  0.518E-02  0.204E-05  0.115E-04  0.172E-02  0.137E-03  0.000E+00
  1.109  0.014000  0.000    1.109    0.2098    3.7846    3.7846    4.2255    4.2905    0.0295    0.5256    0.2947  7.978E+10  1.0000   4.364  0.000E+00      0.00      0.00      0.00  0.0000   0.000   0.000  0.0000  0.758E+00  0.229E+00  0.205E-02  0.246E-04  0.596E-03  0.520E-02  0.204E-05  0.116E-04  0.172E-02  0.138E-03  0.000E+00
  1.124  0.014000  0.000    1.124    0.2381    3.7868    3.7868    4.1547    4.2146    0.0259    0.5174    0.2880  8.158E+10  1.0000   4.351  0.000E+00      0.00      0.00      0.00  0.0000   0.000   0.000  0.0000  0.754E+00  0.233E+00  0.207E-02  0.249E-04  0.601E-03  0.524E-02  0.207E-05  0.117E-04  0.173E-02  0.139E-03  0.000E+00
  1.139  0.014000  0.000    1.139    0.2660    3.7889    3.7889    4.0851    4.1401    0.0225    0.5095    0.2815  8.342E+10  1.0000   4.337  0.000E+00      0.00      0.00      0.00  0.0000   0.000   0.000  0.0000  0.751E+00  0.236E+00  0.209E-02  0.252E-04  0.608E-03  0.530E-02  0.209E-05  0.118E-04  0.175E-02  0.140E-03  0.000E+00
  1.154  0.014000  0.000    1.154    0.2934    3.7909    3.7909    4.0164    4.0668    0.0193    0.5019    0.2753  8.530E+10  1.0000   4.323  0.000E+00      0.00      0.00      0.00  0.0000   0.000   0.000  0.0000  0.747E+00  0.240E+00  0.212E-02  0.255E-04  0.614E-03  0.535E-02  0.211E-05  0.120E-04  0.177E-02  0.142E-03  0.000E+00
  1.169  0.014000  0.000    1.169    0.3204    3.7928    3.7928    3.9490    3.9951    0.0163    0.4949    0.2696  8.722E+10  1.0000   4.309  0.000E+00      0.00      0.00      0.00  0.0000   0.000   0.000  0.0000  0.743E+00  0.244E+00  0.214E-02  0.258E-04  0.621E-03  0.540E-02  0.213E-05  0.121E-04  0.178E-02  0.143E-03  0.000E+00
  1.184  0.014000  0.000    1.184    0.3469    3.7946    3.7946    3.8827    3.9247    0.0134    0.4883    0.2641  8.919E+10  1.0000   4.296  0.000E+00      0.00      0.00      0.00  0.0000   0.000   0.000  0.0000  0.739E+00  0.248E+00  0.217E-02  0.262E-04  0.627E-03  0.546E-02  0.216E-05  0.122E-04  0.180E-02  0.145E-03  0.000E+00
  1.199  0.014000  0.000    1.199    0.3730    3.7963    3.7963    3.8175    3.8558    0.0107    0.4821    0.2589  9.121E+10  1.0000   4.282  0.000E+00      0.00      0.00      0.00  0.0000   0.000   0.000  0.0000  0.735E+00  0.252E+00  0.219E-02  0.265E-04  0.634E-03  0.552E-02  0.218E-05  0.124E-04  0.182E-02  0.146E-03  0.000E+00
  1.213  0.014000  0.000    1.213    0.3986    3.7979    3.7979    3.7535    3.7881    0.0082    0.4763    0.2540  9.326E+10  1.0000   4.268  0.000E+00      0.00      0.00      0.00  0.0000   0.000   0.000  0.0000  0.730E+00  0.256E+00  0.222E-02  0.268E-04  0.641E-03  0.557E-02  0.220E-05  0.125E-04  0.183E-02  0.148E-03  0.000E+00
  1.228  0.014000  0.000    1.228    0.4238    3.7993    3.7993    3.6905    3.7217    0.0059    0.4707    0.2494  9.535E+10  1.0000   4.254  0.000E+00      0.00      0.00      0.00  0.0000   0.000   0.000  0.0000  0.726E+00  0.260E+00  0.224E-02  0.272E-04  0.648E-03  0.563E-02  0.223E-05  0.127E-04  0.185E-02  0.149E-03  0.000E+00
  1.258  0.014000  0.000    1.258    0.4752    3.8018    3.8018    3.5621    3.5876    0.0019    0.4615    0.2417  1.000E+11  1.0000   4.223  0.000E+00      0.00      0.00      0.00  0.0000   0.000   0.000  0.0000  0.720E+00  0.266E+00  0.228E-02  0.277E-04  0.659E-03  0.572E-02  0.227E-05  0.129E-04  0.188E-02  0.152E-03  0.000E+00
  1.288  0.014000  0.000    1.288    0.5306    3.8022    3.8022    3.4235    3.4481    0.0013    0.4601    0.2405  1.064E+11  1.0000   4.179  0.000E+00      0.00      0.00      0.00  0.0000   0.000   0.000  0.0000  0.720E+00  0.266E+00  0.228E-02  0.277E-04  0.659E-03  0.572E-02  0.227E-05  0.129E-04  0.188E-02  0.152E-03  0.000E+00
  1.318  0.014000  0.000    1.318    0.5844    3.8012    3.8012    3.2889    3.3159    0.0029    0.4639    0.2437  1.137E+11  1.0000   4.131  0.000E+00      0.00      0.00      0.00  0.0000   0.000   0.000  0.0001  0.720E+00  0.266E+00  0.228E-02  0.277E-04  0.659E-03  0.572E-02  0.227E-05  0.129E-04  0.188E-02  0.152E-03  0.000E+00
  1.333  0.014000  0.000    1.333    0.6162    3.8011    3.8011    3.2096    3.2368    0.0031    0.4643    0.2440  1.180E+11  1.0000   4.104  0.000E+00      0.00      0.00      0.00  0.0000   0.000   0.000  0.0001  0.720E+00  0.266E+00  0.228E-02  0.277E-04  0.659E-03  0.572E-02  0.227E-05  0.129E-04  0.188E-02  0.152E-03  0.000E+00
  1.340  0.014000  0.000    1.340    0.6405    3.8028    3.8028    3.1488    3.1720    0.0002    0.4577    0.2385  1.204E+11  1.0000   4.089  0.000E+00      0.00      0.00      0.00  0.0000   0.000   0.000  0.0001  0.720E+00  0.266E+00  0.228E-02  0.277E-04  0.659E-03  0.572E-02  0.227E-05  0.129E-04  0.188E-02  0.152E-03  0.000E+00
  1.342  0.014000  0.000    1.342    0.6502    3.8041    3.8041    3.1245    3.1450   -0.0017    0.4532    0.2347  1.211E+11  1.0000   4.085  0.000E+00      0.00      0.00      0.00  0.0000   0.000   0.000  0.0001  0.720E+00  0.266E+00  0.228E-02  0.277E-04  0.659E-03  0.572E-02  0.227E-05  0.129E-04  0.188E-02  0.152E-03  0.000E+00
  1.344  0.014000  0.000    1.344    0.6635    3.8060    3.8060    3.0912    3.1071   -0.0049    0.4458    0.2284  1.218E+11  1.0000   4.080  0.000E+00      0.00      0.00      0.00  0.0000   0.000   0.000  0.0001  0.720E+00  0.266E+00  0.228E-02  0.277E-04  0.659E-03  0.572E-02  0.227E-05  0.129E-04  0.188E-02  0.152E-03  0.000E+00
  1.345  0.014000  0.000    1.345    0.6728    3.8075    3.8075    3.0679    3.0805   -0.0072    0.4404    0.2238  1.223E+11  1.0000   4.077  0.000E+00      0.00      0.00      0.00  0.0000   0.000   0.000  0.0001  0.720E+00  0.266E+00  0.228E-02  0.277E-04  0.659E-03  0.572E-02  0.227E-05  0.129E-04  0.188E-02  0.152E-03  0.000E+00
  1.346  0.014000  0.000    1.346    0.6863    3.8098    3.8098    3.0344    3.0418   -0.0108    0.4320    0.2167  1.229E+11  1.0000   4.073  0.000E+00      0.00      0.00      0.00  0.0000   0.000   0.000  0.0001  0.720E+00  0.266E+00  0.228E-02  0.277E-04  0.659E-03  0.572E-02  0.227E-05  0.129E-04  0.188E-02  0.152E-03  0.000E+00
  1.346  0.014000  0.000    1.346    0.6973    3.8114    3.8114    3.0068    3.0104   -0.0135    0.4258    0.2113  1.236E+11  1.0000   4.068  0.000E+00      0.00      0.00      0.00  0.0000   0.000   0.000  0.0001  0.720E+00  0.266E+00  0.228E-02  0.277E-04  0.659E-03  0.572E-02  0.227E-05  0.129E-04  0.188E-02  0.152E-03  0.000E+00
  1.347  0.014000  0.000    1.347    0.7108    3.8135    3.8135    2.9730    2.9724   -0.0155    0.4185    0.2051  1.243E+11  1.0000   4.063  0.000E+00      0.00      0.00      0.00  0.0000   0.000   0.000  0.0001  0.720E+00  0.266E+00  0.228E-02  0.277E-04  0.659E-03  0.572E-02  0.227E-05  0.129E-04  0.188E-02  0.152E-03  0.000E+00
  1.348  0.014000  0.000    1.348    0.7351    3.8161    3.8161    2.9123    2.9084   -0.0125    0.4103    0.1980  1.263E+11  1.0000   4.050  0.000E+00      0.00      0.00      0.00  0.0000   0.000   0.000  0.0001  0.720E+00  0.266E+00  0.228E-02  0.277E-04  0.659E-03  0.572E-02  0.227E-05  0.129E-04  0.188E-02  0.152E-03  0.000E+00
  1.349  0.014000  0.000    1.349    0.7462    3.8149    3.8149    2.8845    2.8821   -0.0138    0.4140    0.2012  1.286E+11  1.0000   4.034  0.000E+00      0.00      0.00      0.00  0.0000   0.000   0.000  0.0001  0.720E+00  0.266E+00  0.228E-02  0.277E-04  0.659E-03  0.572E-02  0.227E-05  0.129E-04  0.188E-02  0.152E-03  0.000E+00
  1.353  0.014000  0.000    1.353    0.7548    3.8141    3.8141    2.8630    2.8617   -0.0148    0.4167    0.2035  1.304E+11  1.0000   4.024  0.000E+00      0.00      0.00      0.00  0.0000   0.000   0.000  0.0001  0.720E+00  0.266E+00  0.228E-02  0.277E-04  0.659E-03  0.572E-02  0.227E-05  0.129E-04  0.188E-02  0.152E-03  0.000E+00
  1.361  0.014000  0.000    1.361    0.7709    3.8125    3.8125    2.8227    2.8238   -0.0152    0.4218    0.2079  1.338E+11  1.0000   4.004  0.000E+00      0.00      0.00      0.00  0.0000   0.000   0.000  0.0001  0.720E+00  0.266E+00  0.228E-02  0.277E-04  0.659E-03  0.572E-02  0.227E-05  0.129E-04  0.188E-02  0.152E-03  0.000E+00
  1.368  0.014000  0.000    1.368    0.7875    3.8109    3.8109    2.7813    2.7860   -0.0127    0.4277    0.2130  1.374E+11  1.0000   3.983  0.000E+00      0.00      0.00      0.00  0.0000   0.000   0.000  0.0001  0.720E+00  0.266E+00  0.228E-02  0.277E-04  0.659E-03  0.572E-02  0.227E-05  0.129E-04  0.188E-02  0.152E-03  0.000E+00
  1.376  0.014000  0.000    1.376    0.8048    3.8089    3.8089    2.7380    2.7474   -0.0094    0.4353    0.2195  1.415E+11  1.0000   3.960  0.000E+00      0.00      0.00      0.00  0.0000   0.000   0.000  0.0001  0.720E+00  0.266E+00  0.228E-02  0.277E-04  0.659E-03  0.572E-02  0.227E-05  0.129E-04  0.188E-02  0.152E-03  0.000E+00
  1.383  0.014000  0.000    1.383    0.8227    3.8065    3.8065    2.6932    2.7081   -0.0055    0.4443    0.2271  1.461E+11  1.0000   3.935  0.000E+00      0.00      0.00      0.00  0.0000   0.000   0.000  0.0001  0.720E+00  0.266E+00  0.228E-02  0.277E-04  0.659E-03  0.572E-02  0.227E-05  0.129E-04  0.188E-02  0.152E-03  0.000E+00
  1.387  0.014000  0.000    1.387    0.8320    3.8051    3.8051    2.6701    2.6881   -0.0034    0.4494    0.2314  1.486E+11  1.0000   3.921  0.000E+00      0.00      0.00      0.00  0.0000   0.000   0.000  0.0001  0.720E+00  0.266E+00  0.228E-02  0.277E-04  0.659E-03  0.572E-02  0.227E-05  0.129E-04  0.188E-02  0.152E-03  0.000E+00
  1.390  0.014000  0.000    1.390    0.8413    3.8035    3.8035    2.6468    2.6686   -0.0008    0.4553    0.2365  1.513E+11  1.0000   3.907  0.000E+00      0.00      0.00      0.00  0.0000   0.000   0.000  0.0001  0.720E+00  0.266E+00  0.228E-02  0.277E-04  0.659E-03  0.572E-02  0.227E-05  0.129E-04  0.188E-02  0.152E-03  0.000E+00
  1.394  0.014000  0.000    1.394    0.8506    3.8016    3.8016    2.6235    2.6496    0.0023    0.4624    0.2424  1.542E+11  1.0000   3.891  0.000E+00      0.00      0.00      0.00  0.0000 -17.909   0.000  0.0001  0.720E+00  0.266E+00  0.228E-02  0.277E-04  0.659E-03  0.572E-02  0.227E-05  0.129E-04  0.188E-02  0.152E-03  0.000E+00
  1.398  0.014000  0.000    1.398    0.8598    3.7994    3.7994    2.6004    2.6315    0.0058    0.4705    0.2493  1.575E+11  1.0000   3.874  0.000E+00      0.00      0.00      0.00  0.0000 -18.414   0.000  0.0001  0.720E+00  0.266E+00  0.228E-02  0.277E-04  0.659E-03  0.572E-02  0.227E-05  0.129E-04  0.188E-02  0.152E-03  0.000E+00
  1.402  0.014000  0.000    1.401    0.8688    3.7969    3.7969    2.5780    2.6148    0.0098    0.4799    0.2571  1.610E+11  1.0000   3.856  0.000E+00      0.00      0.00      0.00  0.0000 -18.918   0.000  0.0001  0.720E+00  0.266E+00  0.228E-02  0.277E-04  0.659E-03  0.572E-02  0.227E-05  0.129E-04  0.188E-02  0.152E-03  0.000E+00
  1.403  0.014000  0.000    1.403    0.8731    3.7954    3.7954    2.5673    2.6076    0.0122    0.4855    0.2618  1.629E+11  1.0000   3.846  0.000E+00      0.00      0.00      0.00  0.0000 -19.170   0.000  0.0001  0.720E+00  0.266E+00  0.228E-02  0.277E-04  0.659E-03  0.572E-02  0.227E-05  0.129E-04  0.188E-02  0.152E-03  0.000E+00
  1.405  0.014000  0.000    1.405    0.8770    3.7936    3.7936    2.5574    2.6018    0.0150    0.4921    0.2672  1.650E+11  1.0000   3.836  0.000E+00      0.00      0.00      0.00  0.0000 -11.595   0.000  0.0001  0.720E+00  0.266E+00  0.228E-02  0.277E-04  0.659E-03  0.572E-02  0.227E-05  0.129E-04  0.188E-02  0.152E-03  0.000E+00
  1.407  0.014000  0.000    1.407    0.8808    3.7918    3.7918    2.5480    2.5964    0.0179    0.4986    0.2726  1.670E+11  1.0000   3.826  0.000E+00      0.00      0.00      0.00  0.0000 -11.586   0.000  0.0001  0.720E+00  0.266E+00  0.228E-02  0.277E-04  0.659E-03  0.572E-02  0.227E-05  0.129E-04  0.188E-02  0.152E-03  0.000E+00
  1.409  0.014000  0.000    1.409    0.8837    3.7896    3.7896    2.5408    2.5942    0.0214    0.5068    0.2794  1.693E+11  1.0000   3.814  0.000E+00      0.00      0.00      0.00  0.0000 -11.578   0.000  0.0001  0.720E+00  0.266E+00  0.228E-02  0.277E-04  0.659E-03  0.572E-02  0.227E-05  0.129E-04  0.188E-02  0.152E-03  0.000E+00
  1.411  0.014000  0.000    1.411    0.8862    3.7872    3.7872    2.5345    2.5935    0.0254    0.5160    0.2869  1.717E+11  1.0000   3.803  0.000E+00      0.00      0.00      0.00  0.0000 -11.570   0.000  0.0001  0.720E+00  0.266E+00  0.228E-02  0.277E-04  0.659E-03  0.572E-02  0.227E-05  0.129E-04  0.188E-02  0.152E-03  0.000E+00
  1.412  0.014000  0.000    1.412    0.8872    3.7858    3.7858    2.5320    2.5943    0.0276    0.5211    0.2910  1.730E+11  1.0000   3.796  0.000E+00      0.00      0.00      0.00  0.0000 -11.566   0.000  0.0001  0.720E+00  0.266E+00  0.228E-02  0.277E-04  0.659E-03  0.572E-02  0.227E-05  0.129E-04  0.188E-02  0.152E-03  0.000E+00
  1.413  0.014000  0.000    1.412    0.8875    3.7841    3.7841    2.5311    2.5969    0.0314    0.5275    0.2961  1.744E+11  1.0000   3.790  0.000E+00      0.00      0.00      0.00  0.0000 -11.562   0.000  0.0001  0.720E+00  0.266E+00  0.228E-02  0.277E-04  0.659E-03  0.572E-02  0.227E-05  0.129E-04  0.188E-02  0.152E-03  0.000E+00
  1.414  0.014000  0.000    1.413    0.8873    3.7822    3.7822    2.5317    2.6008    0.0379    0.5349    0.3020  1.759E+11  1.0000   3.783  0.000E+00      0.00      0.00      0.00  0.0000 -11.559   0.000  0.0001  0.720E+00  0.266E+00  0.228E-02  0.277E-04  0.659E-03  0.572E-02  0.227E-05  0.129E-04  0.188E-02  0.152E-03  0.000E+00
  1.415  0.014000  0.000    1.414    0.8870    3.7802    3.7802    2.5324    2.6048    0.0446    0.5427    0.3080  1.775E+11  1.0000   3.775  0.000E+00      0.00      0.00      0.00  0.0000 -11.556   0.000  0.0001  0.720E+00  0.266E+00  0.228E-02  0.277E-04  0.659E-03  0.572E-02  0.227E-05  0.129E-04  0.188E-02  0.152E-03  0.000E+00
  1.416  0.014000  0.000    1.415    0.8860    3.7781    3.7781    2.5349    2.6109    0.0521    0.5513    0.3148  1.790E+11  1.0000   3.768  0.000E+00      0.00      0.00      0.00  0.0000 -11.553   0.000  0.0001  0.720E+00  0.266E+00  0.228E-02  0.277E-04  0.659E-03  0.572E-02  0.227E-05  0.129E-04  0.188E-02  0.152E-03  0.000E+00
  1.416  0.014000  0.000    1.416    0.8845    3.7758    3.7758    2.5387    2.6202    0.0660    0.5607    0.3221  1.806E+11  1.0000   3.761  0.000E+00      0.00      0.00      0.00  0.0000 -11.551   0.000  0.0001  0.720E+00  0.266E+00  0.228E-02  0.277E-04  0.659E-03  0.572E-02  0.227E-05  0.129E-04  0.188E-02  0.152E-03  0.000E+00
  1.417  0.014000  0.000    1.417    0.8831    3.7746    3.7746    2.5423    2.6267    0.0733    0.5658    0.3261  1.813E+11  1.0000   3.758  0.000E+00      0.00      0.00      0.00  0.0000 -11.551   0.000  0.0001  0.720E+00  0.266E+00  0.228E-02  0.277E-04  0.659E-03  0.572E-02  0.227E-05  0.129E-04  0.188E-02  0.152E-03  0.000E+00
  1.417  0.014000  0.000    1.417    0.8815    3.7734    3.7734    2.5461    2.6334    0.0807    0.5710    0.3302  1.820E+11  1.0000   3.754  0.000E+00      0.00      0.00      0.00  0.0000 -11.550   0.000  0.0001  0.720E+00  0.266E+00  0.228E-02  0.277E-04  0.659E-03  0.572E-02  0.227E-05  0.129E-04  0.188E-02  0.152E-03  0.000E+00
  1.418  0.014000  0.000    1.417    0.8798    3.7721    3.7721    2.5506    2.6409    0.0884    0.5766    0.3346  1.828E+11  1.0000   3.751  0.000E+00      0.00      0.00      0.00  0.0000 -11.551   0.000  0.0001  0.720E+00  0.266E+00  0.228E-02  0.277E-04  0.659E-03  0.572E-02  0.227E-05  0.129E-04  0.188E-02  0.152E-03  0.000E+00
  1.418  0.014000  0.000    1.418    0.8780    3.7707    3.7707    2.5551    2.6483    0.0961    0.5822    0.3390  1.835E+11  1.0000   3.747  0.000E+00      0.00      0.00      0.00  0.0000 -11.551   0.000  0.0001  0.720E+00  0.266E+00  0.228E-02  0.277E-04  0.659E-03  0.572E-02  0.227E-05  0.129E-04  0.188E-02  0.152E-03  0.000E+00
  1.419  0.014000  0.000    1.418    0.8761    3.7694    3.7694    2.5597    2.6557    0.1036    0.5879    0.3435  1.842E+11  1.0000   3.744  0.000E+00      0.00      0.00      0.00  0.0000 -11.551   0.000  0.0001  0.720E+00  0.266E+00  0.228E-02  0.277E-04  0.659E-03  0.572E-02  0.227E-05  0.129E-04  0.188E-02  0.152E-03  0.000E+00
  1.419  0.014000  0.000    1.419    0.8736    3.7678    3.7678    2.5661    2.6655    0.1130    0.5946    0.3487  1.850E+11  1.0000   3.741  0.000E+00      0.00      0.00      0.00  0.0000 -11.552   0.000  0.0001  0.720E+00  0.266E+00  0.228E-02  0.277E-04  0.659E-03  0.572E-02  0.227E-05  0.129E-04  0.188E-02  0.152E-03  0.000E+00
  1.420  0.014000  0.000    1.419    0.8705    3.7662    3.7662    2.5736    2.6765    0.1236    0.6019    0.3545  1.858E+11  1.0000   3.737  0.000E+00      0.00      0.00      0.00  0.0000 -11.553   0.000  0.0001  0.720E+00  0.266E+00  0.228E-02  0.277E-04  0.659E-03  0.572E-02  0.227E-05  0.129E-04  0.188E-02  0.152E-03  0.000E+00
  1.420  0.014000  0.000    1.420    0.8662    3.7641    3.7641    2.5845    2.6916    0.1364    0.6109    0.3616  1.866E+11  1.0000   3.733  0.000E+00      0.00      0.00      0.00  0.0000 -11.556   0.000  0.0001  0.720E+00  0.266E+00  0.228E-02  0.277E-04  0.659E-03  0.572E-02  0.227E-05  0.129E-04  0.188E-02  0.152E-03  0.000E+00
  1.421  0.014000  0.000    1.420    0.8618    3.7620    3.7620    2.5955    2.7067    0.1494    0.6201    0.3688  1.875E+11  1.0000   3.729  0.000E+00      0.00      0.00      0.00  0.0000 -11.558   0.000  0.0001  0.720E+00  0.266E+00  0.228E-02  0.277E-04  0.659E-03  0.572E-02  0.227E-05  0.129E-04  0.188E-02  0.152E-03  0.000E+00
  1.421  0.014000  0.000    1.420    0.8594    3.7609    3.7609    2.6016    2.7149    0.1565    0.6251    0.3727  1.879E+11  1.0000   3.728  0.000E+00      0.00      0.00      0.00  0.0000 -11.559   0.000  0.0001  0.720E+00  0.266E+00  0.228E-02  0.277E-04  0.659E-03  0.572E-02  0.227E-05  0.129E-04  0.188E-02  0.152E-03  0.000E+00
  1.421  0.014000  0.000    1.421    0.8569    3.7598    3.7598    2.6077    2.7232    0.1636    0.6301    0.3767  1.884E+11  1.0000   3.726  0.000E+00      0.00      0.00      0.00  0.0000 -11.561   0.000  0.0001  0.720E+00  0.266E+00  0.228E-02  0.277E-04  0.659E-03  0.572E-02  0.227E-05  0.129E-04  0.188E-02  0.152E-03  0.000E+00
  1.421  0.014000  0.000    1.421    0.8545    3.7587    3.7587    2.6139    2.7313    0.1707    0.6352    0.3806  1.888E+11  1.0000   3.724  0.000E+00      0.00      0.00      0.00  0.0000 -11.562   0.000  0.0001  0.720E+00  0.266E+00  0.228E-02  0.277E-04  0.659E-03  0.572E-02  0.227E-05  0.129E-04  0.188E-02  0.152E-03  0.000E+00
  1.422  0.014000  0.000    1.421    0.8520    3.7575    3.7575    2.6200    2.7395    0.1778    0.6402    0.3846  1.892E+11  1.0000   3.722  0.000E+00      0.00      0.00      0.00  0.0000 -11.564   0.000  0.0001  0.720E+00  0.266E+00  0.228E-02  0.277E-04  0.659E-03  0.572E-02  0.227E-05  0.129E-04  0.188E-02  0.152E-03  0.000E+00
  1.422  0.014000  0.000    1.421    0.8495    3.7564    3.7564    2.6262    2.7476    0.1850    0.6454    0.3887  1.897E+11  1.0000   3.720  0.000E+00      0.00      0.00      0.00  0.0000 -11.565   0.000  0.0001  0.720E+00  0.266E+00  0.228E-02  0.277E-04  0.659E-03  0.572E-02  0.227E-05  0.129E-04  0.188E-02  0.152E-03  0.000E+00
  1.422  0.014000  0.000    1.422    0.8470    3.7553    3.7553    2.6324    2.7557    0.1922    0.6505    0.3928  1.901E+11  1.0000   3.718  0.000E+00      0.00      0.00      0.00  0.0000 -11.567   0.000  0.0001  0.720E+00  0.266E+00  0.228E-02  0.277E-04  0.659E-03  0.572E-02  0.227E-05  0.129E-04  0.188E-02  0.152E-03  0.000E+00
  1.422  0.014000  0.000    1.422    0.8429    3.7539    3.7539    2.6429    2.7684    0.2004    0.6565    0.3975  1.904E+11  1.0000   3.717  0.000E+00      0.00      0.00      0.00  0.0000 -11.571   0.000  0.0001  0.720E+00  0.266E+00  0.228E-02  0.277E-04  0.659E-03  0.572E-02  0.227E-05  0.129E-04  0.188E-02  0.152E-03  0.000E+00
  1.423  0.014000  0.000    1.422    0.8386    3.7526    3.7526    2.6535    2.7814    0.2086    0.6625    0.4023  1.906E+11  1.0000   3.716  0.000E+00      0.00      0.00      0.00  0.0000 -11.575   0.000  0.0001  0.720E+00  0.266E+00  0.228E-02  0.277E-04  0.659E-03  0.572E-02  0.227E-05  0.129E-04  0.188E-02  0.152E-03  0.000E+00
  1.423  0.014000  0.000    1.422    0.8343    3.7513    3.7513    2.6642    2.7944    0.2169    0.6686    0.4071  1.909E+11  1.0000   3.715  0.000E+00      0.00      0.00      0.00  0.0000 -11.578   0.000  0.0001  0.720E+00  0.266E+00  0.228E-02  0.277E-04  0.659E-03  0.572E-02  0.227E-05  0.129E-04  0.188E-02  0.152E-03  0.000E+00
  1.423  0.014000  0.000    1.422    0.8300    3.7499    3.7499    2.6750    2.8073    0.2252    0.6747    0.4119  1.911E+11  1.0000   3.714  0.000E+00      0.00      0.00      0.00  0.0000 -11.582   0.000  0.0001  0.720E+00  0.266E+00  0.228E-02  0.277E-04  0.659E-03  0.572E-02  0.227E-05  0.129E-04  0.188E-02  0.152E-03  0.000E+00
  1.423  0.014000  0.000    1.423    0.8259    3.7486    3.7486    2.6853    2.8197    0.2333    0.6806    0.4166  1.913E+11  1.0000   3.713  0.000E+00      0.00      0.00      0.00  0.0000 -11.586   0.000  0.0001  0.720E+00  0.266E+00  0.228E-02  0.277E-04  0.659E-03  0.572E-02  0.227E-05  0.129E-04  0.188E-02  0.152E-03  0.000E+00
  1.423  0.014000  0.000    1.423    0.8218    3.7474    3.7474    2.6955    2.8318    0.2411    0.6864    0.4212  1.915E+11  1.0000   3.712  0.000E+00      0.00      0.00      0.00  0.0000 -11.590   0.000  0.0001  0.720E+00  0.266E+00  0.228E-02  0.277E-04  0.659E-03  0.572E-02  0.227E-05  0.129E-04  0.188E-02  0.152E-03  0.000E+00
  1.424  0.014000  0.000    1.423    0.8177    3.7461    3.7461    2.7056    2.8442    0.2500    0.6921    0.4258  1.917E+11  1.0000   3.711  0.000E+00      0.00      0.00      0.00  0.0000 -11.593   0.000  0.0001  0.720E+00  0.266E+00  0.228E-02  0.277E-04  0.659E-03  0.572E-02  0.227E-05  0.129E-04  0.188E-02  0.152E-03  0.000E+00
  1.424  0.014000  0.000    1.423    0.8137    3.7449    3.7449    2.7158    2.8569    0.2595    0.6978    0.4304  1.920E+11  1.0000   3.710  0.000E+00      0.00      0.00      0.00  0.0000 -11.597   0.000  0.0001  0.720E+00  0.266E+00  0.228E-02  0.277E-04  0.659E-03  0.572E-02  0.227E-05  0.129E-04  0.188E-02  0.152E-03  0.000E+00
  1.424  0.014000  0.000    1.424    0.8096    3.7436    3.7436    2.7260    2.8695    0.2690    0.7036    0.4349  1.922E+11  1.0000   3.709  0.000E+00      0.00      0.00      0.00  0.0000 -11.600   0.000  0.0001  0.720E+00  0.266E+00  0.228E-02  0.277E-04  0.659E-03  0.572E-02  0.227E-05  0.129E-04  0.188E-02  0.152E-03  0.000E+00
  1.424  0.014000  0.000    1.424    0.8051    3.7423    3.7423    2.7371    2.8831    0.2786    0.7093    0.4396  1.923E+11  1.0000   3.708  0.000E+00      0.00      0.00      0.00  0.0000 -11.605   0.000  0.0001  0.720E+00  0.266E+00  0.228E-02  0.277E-04  0.659E-03  0.572E-02  0.227E-05  0.129E-04  0.188E-02  0.152E-03  0.000E+00
  1.425  0.014000  0.000    1.424    0.8006    3.7410    3.7410    2.7485    2.8969    0.2883    0.7151    0.4442  1.925E+11  1.0000   3.708  0.000E+00      0.00      0.00      0.00  0.0000 -11.609   0.000  0.0001  0.720E+00  0.266E+00  0.228E-02  0.277E-04  0.659E-03  0.572E-02  0.227E-05  0.129E-04  0.188E-02  0.152E-03  0.000E+00
  1.425  0.014000  0.000    1.424    0.7961    3.7397    3.7397    2.7599    2.9107    0.2982    0.7211    0.4490  1.926E+11  1.0000   3.707  0.000E+00      0.00      0.00      0.00  0.0000 -11.614   0.000  0.0001  0.720E+00  0.266E+00  0.228E-02  0.277E-04  0.659E-03  0.572E-02  0.227E-05  0.129E-04  0.188E-02  0.152E-03  0.000E+00
  1.425  0.014000  0.000    1.425    0.7915    3.7385    3.7385    2.7713    2.9245    0.3081    0.7274    0.4540  1.927E+11  1.0000   3.707  0.000E+00      0.00      0.00      0.00  0.0000 -11.619   0.000  0.0001  0.720E+00  0.266E+00  0.228E-02  0.277E-04  0.659E-03  0.572E-02  0.227E-05  0.129E-04  0.188E-02  0.152E-03  0.000E+00
  1.425  0.014000  0.000    1.425    0.7869    3.7372    3.7372    2.7827    2.9383    0.3181    0.7337    0.4590  1.929E+11  1.0000   3.706  0.000E+00      0.00      0.00      0.00  0.0000 -11.623   0.000  0.0001  0.720E+00  0.266E+00  0.228E-02  0.277E-04  0.659E-03  0.572E-02  0.227E-05  0.129E-04  0.188E-02  0.152E-03  0.000E+00
  1.426  0.014000  0.000    1.425    0.7823    3.7359    3.7359    2.7942    2.9522    0.3282    0.7399    0.4640  1.930E+11  1.0000   3.706  0.000E+00      0.00      0.00      0.00  0.0000 -11.628   0.000  0.0001  0.720E+00  0.266E+00  0.228E-02  0.277E-04  0.659E-03  0.572E-02  0.227E-05  0.129E-04  0.188E-02  0.152E-03  0.000E+00
  1.426  0.014000  0.000    1.425    0.7777    3.7346    3.7346    2.8057    2.9661    0.3384    0.7462    0.4690  1.931E+11  1.0000   3.705  0.000E+00      0.00      0.00      0.00  0.0000 -11.632   0.000  0.0001  0.720E+00  0.266E+00  0.228E-02  0.277E-04  0.659E-03  0.572E-02  0.227E-05  0.129E-04  0.188E-02  0.152E-03  0.000E+00
  1.426  0.014000  0.000    1.425    0.7731    3.7333    3.7333    2.8172    2.9799    0.3487    0.7524    0.4740  1.932E+11  1.0000   3.705  0.000E+00      0.00      0.00      0.00  0.0000 -11.637   0.000  0.0001  0.720E+00  0.266E+00  0.228E-02  0.277E-04  0.659E-03  0.572E-02  0.227E-05  0.129E-04  0.188E-02  0.152E-03  0.000E+00
  1.426  0.014000  0.000    1.426    0.7685    3.7320    3.7320    2.8288    2.9937    0.3591    0.7586    0.4790  1.933E+11  1.0000   3.704  0.000E+00      0.00      0.00      0.00  0.0000 -11.641   0.000  0.0001  0.720E+00  0.266E+00  0.228E-02  0.277E-04  0.659E-03  0.572E-02  0.227E-05  0.129E-04  0.188E-02  0.152E-03  0.000E+00
  1.426  0.014000  0.000    1.426    0.7639    3.7307    3.7307    2.8403    3.0076    0.3696    0.7648    0.4840  1.935E+11  1.0000   3.704  0.000E+00      0.00      0.00      0.00  0.0000 -11.645   0.000  0.0001  0.720E+00  0.266E+00  0.228E-02  0.277E-04  0.659E-03  0.572E-02  0.227E-05  0.129E-04  0.188E-02  0.152E-03  0.000E+00
  1.427  0.014000  0.000    1.426    0.7596    3.7294    3.7294    2.8509    3.0203    0.3808    0.7712    0.4893  1.937E+11  1.0000   3.703  0.000E+00      0.00      0.00      0.00  0.0000 -11.649   0.000  0.0001  0.720E+00  0.266E+00  0.228E-02  0.277E-04  0.659E-03  0.572E-02  0.227E-05  0.129E-04  0.188E-02  0.152E-03  0.000E+00
  1.427  0.014000  0.000    1.426    0.7554    3.7280    3.7280    2.8614    3.0329    0.3922    0.7777    0.4946  1.940E+11  1.0000   3.702  0.000E+00      0.00      0.00      0.00  0.0000 -11.653   0.000  0.0001  0.720E+00  0.266E+00  0.228E-02  0.277E-04  0.659E-03  0.572E-02  0.227E-05  0.129E-04  0.188E-02  0.152E-03  0.000E+00
  1.427  0.014000  0.000    1.427    0.7513    3.7266    3.7266    2.8719    3.0455    0.4037    0.7842    0.4999  1.943E+11  1.0000   3.700  0.000E+00      0.00      0.00      0.00  0.0000 -11.656   0.000  0.0001  0.720E+00  0.266E+00  0.228E-02  0.277E-04  0.659E-03  0.572E-02  0.227E-05  0.129E-04  0.188E-02  0.152E-03  0.000E+00
  1.427  0.014000  0.000    1.427    0.7471    3.7253    3.7253    2.8824    3.0581    0.4153    0.7906    0.5052  1.946E+11  1.0000   3.699  0.000E+00      0.00      0.00      0.00  0.0000 -11.660   0.000  0.0001  0.720E+00  0.266E+00  0.228E-02  0.277E-04  0.659E-03  0.572E-02  0.227E-05  0.129E-04  0.188E-02  0.152E-03  0.000E+00
  1.428  0.014000  0.000    1.427    0.7435    3.7240    3.7240    2.8912    3.0687    0.4262    0.7965    0.5101  1.949E+11  1.0000   3.698  0.000E+00      0.00      0.00      0.00  0.0000 -11.663   0.000  0.0001  0.720E+00  0.266E+00  0.228E-02  0.277E-04  0.659E-03  0.572E-02  0.227E-05  0.129E-04  0.188E-02  0.152E-03  0.000E+00
  1.428  0.014000  0.000    1.427    0.7404    3.7229    3.7229    2.8990    3.0788    0.4370    0.8021    0.5148  1.953E+11  1.0000   3.696  0.000E+00      0.00      0.00      0.00  0.0000 -11.666   0.000  0.0001  0.720E+00  0.266E+00  0.228E-02  0.277E-04  0.659E-03  0.572E-02  0.227E-05  0.129E-04  0.188E-02  0.152E-03  0.000E+00
  1.428  0.014000  0.000    1.427    0.7373    3.7217    3.7217    2.9067    3.0889    0.4480    0.8078    0.5195  1.956E+11  1.0000   3.695  0.000E+00      0.00      0.00      0.00  0.0000 -11.668   0.000  0.0001  0.720E+00  0.266E+00  0.228E-02  0.277E-04  0.659E-03  0.572E-02  0.227E-05  0.129E-04  0.188E-02  0.152E-03  0.000E+00
  1.428  0.014000  0.000    1.428    0.7342    3.7205    3.7205    2.9145    3.0990    0.4590    0.8134    0.5242  1.960E+11  1.0000   3.693  0.000E+00      0.00      0.00      0.00  0.0000 -11.671   0.000  0.0001  0.720E+00  0.266E+00  0.228E-02  0.277E-04  0.659E-03  0.572E-02  0.227E-05  0.129E-04  0.188E-02  0.152E-03  0.000E+00
  1.429  0.014000  0.000    1.428    0.7311    3.7193    3.7193    2.9223    3.1091    0.4701    0.8189    0.5290  1.963E+11  1.0000   3.692  0.000E+00      0.00      0.00      0.00  0.0000 -11.673   0.000  0.0001  0.720E+00  0.266E+00  0.228E-02  0.277E-04  0.659E-03  0.572E-02  0.227E-05  0.129E-04  0.188E-02  0.152E-03  0.000E+00
  1.429  0.014000  0.000    1.428    0.7280    3.7181    3.7181    2.9299    3.1190    0.4814    0.8245    0.5337  1.967E+11  1.0000   3.690  0.000E+00      0.00      0.00      0.00  0.0000 -11.675   0.000  0.0001  0.720E+00  0.266E+00  0.228E-02  0.277E-04  0.659E-03  0.572E-02  0.227E-05  0.129E-04  0.188E-02  0.152E-03  0.000E+00
  1.429  0.014000  0.000    1.428    0.7264    3.7170    3.7170    2.9339    3.1249    0.4931    0.8300    0.5385  1.974E+11  1.0000   3.687  0.000E+00      0.00      0.00      0.00  0.0000 -11.676   0.000  0.0001  0.720E+00  0.266E+00  0.228E-02  0.277E-04  0.659E-03  0.572E-02  0.227E-05  0.129E-04  0.188E-02  0.152E-03  0.000E+00
  1.429  0.014000  0.000    1.429    0.7248    3.7158    3.7158    2.9380    3.1308    0.5049    0.8354    0.5433  1.981E+11  1.0000   3.684  0.000E+00      0.00      0.00      0.00  0.0000 -11.676   0.000  0.0001  0.720E+00  0.266E+00  0.228E-02  0.277E-04  0.659E-03  0.572E-02  0.227E-05  0.129E-04  0.188E-02  0.152E-03  0.000E+00
  1.430  0.014000  0.000    1.429    0.7232    3.7147    3.7147    2.9420    3.1367    0.5168    0.8409    0.5481  1.988E+11  1.0000   3.681  0.000E+00      0.00      0.00      0.00  0.0000 -11.676   0.000  0.0001  0.720E+00  0.266E+00  0.228E-02  0.277E-04  0.659E-03  0.572E-02  0.227E-05  0.129E-04  0.188E-02  0.152E-03  0.000E+00
  1.430  0.014000  0.000    1.429    0.7216    3.7135    3.7135    2.9460    3.1426    0.5289    0.8464    0.5529  1.995E+11  1.0000   3.678  0.000E+00      0.00      0.00      0.00  0.0000 -11.676   0.000  0.0001  0.720E+00  0.266E+00  0.228E-02  0.277E-04  0.659E-03  0.572E-02  0.227E-05  0.129E-04  0.188E-02  0.152E-03  0.000E+00
  1.430  0.014000  0.000    1.430    0.7196    3.7114    3.7114    2.9510    3.1532    0.5483    0.8562    0.5612  2.010E+11  1.0000   3.672  0.000E+00      0.00      0.00      0.00  0.0000 -11.675   0.000  0.0001  0.720E+00  0.266E+00  0.228E-02  0.277E-04  0.659E-03  0.572E-02  0.227E-05  0.129E-04  0.188E-02  0.152E-03  0.000E+00
  1.431  0.014000  0.000    1.430    0.7191    3.7094    3.7094    2.9522    3.1608    0.5636    0.8649    0.5683  2.027E+11  1.0000   3.665  0.000E+00      0.00      0.00      0.00  0.0000 -11.672   0.000  0.0001  0.720E+00  0.266E+00  0.228E-02  0.277E-04  0.659E-03  0.572E-02  0.227E-05  0.129E-04  0.188E-02  0.152E-03  0.000E+00
  1.431  0.014000  0.000    1.430    0.7211    3.7078    3.7078    2.9472    3.1612    0.5759    0.8719    0.5739  2.047E+11  1.0000   3.656  0.000E+00      0.00      0.00      0.00  0.0000 -11.666   0.000  0.0001  0.720E+00  0.266E+00  0.228E-02  0.278E-04  0.659E-03  0.572E-02  0.227E-05  0.129E-04  0.188E-02  0.152E-03  0.000E+00
  1.432  0.014000  0.000    1.431    0.7240    3.7064    3.7064    2.9401    3.1588    0.5871    0.8784    0.5791  2.067E+11  1.0000   3.648  0.000E+00      0.00      0.00      0.00  0.0000 -11.659   0.000  0.0001  0.719E+00  0.266E+00  0.228E-02  0.279E-04  0.659E-03  0.572E-02  0.227E-05  0.129E-04  0.188E-02  0.152E-03  0.000E+00
  1.432  0.014000  0.000    1.431    0.7268    3.7049    3.7049    2.9329    3.1583    0.5994    0.8854    0.5848  2.088E+11  1.0000   3.639  0.000E+00      0.00      0.00      0.00  0.0000 -11.652   0.000  0.0001  0.719E+00  0.266E+00  0.228E-02  0.281E-04  0.659E-03  0.572E-02  0.227E-05  0.129E-04  0.188E-02  0.152E-03  0.000E+00
  1.433  0.014000  0.000    1.432    0.7297    3.7035    3.7035    2.9257    3.1583    0.6121    0.8926    0.5906  2.109E+11  1.0000   3.631  0.000E+00      0.00      0.00      0.00  0.0000 -11.644   0.000  0.0001  0.719E+00  0.266E+00  0.228E-02  0.282E-04  0.659E-03  0.572E-02  0.227E-05  0.129E-04  0.188E-02  0.152E-03  0.000E+00
  1.433  0.014000  0.000    1.432    0.7326    3.7020    3.7020    2.9185    3.1584    0.6248    0.8999    0.5965  2.130E+11  1.0000   3.622  0.000E+00      0.00      0.00      0.00  0.0000 -11.637   0.000  0.0001  0.719E+00  0.266E+00  0.228E-02  0.283E-04  0.659E-03  0.572E-02  0.227E-05  0.129E-04  0.188E-02  0.152E-03  0.000E+00
  1.433  0.014000  0.000    1.433    0.7374    3.7009    3.7009    2.9064    3.1517    0.6343    0.9053    0.6009  2.152E+11  1.0000   3.613  0.000E+00      0.00      0.00      0.00  0.0000 -11.628   0.000  0.0001  0.719E+00  0.266E+00  0.228E-02  0.295E-04  0.659E-03  0.572E-02  0.227E-05  0.129E-04  0.188E-02  0.152E-03  0.000E+00
  1.434  0.014000  0.000    1.434    0.7487    3.6991    3.6991    2.8783    3.1331    0.6508    0.9147    0.6085  2.200E+11  1.0000   3.595  0.000E+00      0.00      0.00      0.00  0.0000 -11.608   0.000  0.0001  0.719E+00  0.267E+00  0.228E-02  0.329E-04  0.660E-03  0.572E-02  0.227E-05  0.129E-04  0.188E-02  0.152E-03  0.000E+00
  1.435  0.014000  0.000    1.435    0.7600    3.6972    3.6972    2.8501    3.1139    0.6697    0.9241    0.6160  2.248E+11  1.0000   3.576  0.000E+00      0.00      0.00      0.00  0.0000 -11.587   0.000  0.0001  0.718E+00  0.267E+00  0.227E-02  0.363E-04  0.660E-03  0.572E-02  0.227E-05  0.129E-04  0.188E-02  0.152E-03  0.000E+00
  1.436  0.014000  0.000    1.436    0.7731    3.6955    3.6955    2.8172    3.0886    0.6891    0.9325    0.6227  2.300E+11  1.0000   3.557  0.000E+00      0.00      0.00      0.00  0.0000 -11.563   0.000  0.0001  0.718E+00  0.268E+00  0.226E-02  0.456E-04  0.669E-03  0.572E-02  0.227E-05  0.129E-04  0.188E-02  0.152E-03  0.000E+00
  1.437  0.014000  0.000    1.436    0.7866    3.6939    3.6939    2.7835    3.0624    0.7082    0.9407    0.6293  2.353E+11  1.0000   3.537  0.000E+00      0.00      0.00      0.00  0.0000 -11.539   0.000  0.0001  0.717E+00  0.268E+00  0.224E-02  0.559E-04  0.678E-03  0.572E-02  0.227E-05  0.129E-04  0.188E-02  0.152E-03  0.000E+00
  1.439  0.014000  0.000    1.438    0.8180    3.6924    3.6924    2.7049    2.9904    0.7249    0.9478    0.6350  2.456E+11  1.0000   3.500  0.000E+00      0.00      0.00      0.00  0.0000 -11.490   0.000  0.0001  0.716E+00  0.269E+00  0.216E-02  0.723E-04  0.751E-03  0.572E-02  0.227E-05  0.128E-04  0.188E-02  0.152E-03  0.000E+00
  1.441  0.014000  0.000    1.440    0.8502    3.6905    3.6905    2.6246    2.9189    0.7473    0.9574    0.6428  2.571E+11  1.0000   3.461  0.000E+00      0.00      0.00      0.00  0.0000 -11.440   0.000  0.0001  0.714E+00  0.271E+00  0.206E-02  0.805E-04  0.859E-03  0.572E-02  0.228E-05  0.126E-04  0.188E-02  0.152E-03  0.000E+00
  1.442  0.014000  0.000    1.441    0.8658    3.6891    3.6891    2.5855    2.8864    0.7639    0.9645    0.6485  2.635E+11  1.0000   3.440  0.000E+00      0.00      0.00      0.00  0.0000 -11.414   0.000  0.0001  0.713E+00  0.272E+00  0.201E-02  0.822E-04  0.917E-03  0.572E-02  0.229E-05  0.125E-04  0.188E-02  0.152E-03  0.000E+00
  1.444  0.014000  0.000    1.443    0.9008    3.6875    3.6875    2.4981    2.8060    0.7821    0.9723    0.6547  2.763E+11  1.0000   3.399  0.000E+00      0.00      0.00      0.00  0.0000 -11.358   0.000  0.0001  0.712E+00  0.274E+00  0.191E-02  0.799E-04  0.104E-02  0.572E-02  0.233E-05  0.121E-04  0.188E-02  0.152E-03  0.000E+00
  1.446  0.014000  0.000    1.445    0.9379    3.6867    3.6867    2.4052    2.7172    0.7922    0.9767    0.6583  2.895E+11  1.0000   3.359  0.000E+00      0.00      0.00      0.00  0.0000 -11.301   0.000  0.0002  0.709E+00  0.276E+00  0.183E-02  0.769E-04  0.114E-02  0.572E-02  0.244E-05  0.117E-04  0.188E-02  0.152E-03  0.000E+00
  1.447  0.014000  0.000    1.446    0.9761    3.6853    3.6853    2.3098    2.6281    0.8084    0.9836    0.6638  3.045E+11  1.0000   3.316  0.000E+00      0.00      0.00      0.00  0.0000 -11.242   0.000  0.0002  0.707E+00  0.278E+00  0.177E-02  0.742E-04  0.121E-02  0.572E-02  0.267E-05  0.113E-04  0.188E-02  0.152E-03  0.000E+00
  1.449  0.014000  0.000    1.448    1.0159    3.6834    3.6834    2.2103    2.5373    0.8304    0.9930    0.6714  3.216E+11  1.0000   3.269  0.000E+00      0.00      0.00      0.00  0.0000 -11.179   0.000  0.0002  0.706E+00  0.280E+00  0.172E-02  0.724E-04  0.127E-02  0.572E-02  0.296E-05  0.111E-04  0.188E-02  0.152E-03  0.000E+00
  1.451  0.014000  0.000    1.450    1.0587    3.6818    3.6818    2.1032    2.4372    0.8485    1.0008    0.6776  3.402E+11  1.0000   3.221  0.000E+00      0.00      0.00      0.00  0.0000 -11.112   0.000  0.0002  0.704E+00  0.281E+00  0.169E-02  0.713E-04  0.131E-02  0.572E-02  0.324E-05  0.109E-04  0.188E-02  0.152E-03  0.000E+00
  1.452  0.014000  0.000    1.451    1.0819    3.6808    3.6808    2.0452    2.3838    0.8603    1.0058    0.6817  3.511E+11  1.0000   3.194  0.000E+00      0.00      0.00      0.00  0.0000 -11.076   0.000  0.0002  0.704E+00  0.282E+00  0.168E-02  0.708E-04  0.132E-02  0.572E-02  0.347E-05  0.108E-04  0.188E-02  0.152E-03  0.000E+00
  1.454  0.014000  0.000    1.452    1.1301    3.6790    3.6790    1.9249    2.2720    0.8817    1.0150    0.6891  3.742E+11  1.0000   3.139  0.000E+00      0.00      0.00      0.00  0.0000 -11.000   0.000  0.0002  0.702E+00  0.283E+00  0.165E-02  0.698E-04  0.135E-02  0.572E-02  0.402E-05  0.106E-04  0.188E-02  0.152E-03  0.000E+00
  1.456  0.014000  0.000    1.454    1.1827    3.6773    3.6773    1.7934    2.1484    0.9020    1.0237    0.6961  4.008E+11  1.0000   3.080  0.000E+00      0.00      0.00      0.00  0.0000 -10.917   0.000  0.0003  0.701E+00  0.284E+00  0.163E-02  0.689E-04  0.138E-02  0.572E-02  0.468E-05  0.105E-04  0.188E-02  0.152E-03  0.000E+00
  1.457  0.014000  0.000    1.455    1.2125    3.6759    3.6759    1.7187    2.0800    0.9177    1.0304    0.7015  4.174E+11  1.0000   3.045  0.000E+00      0.00      0.00      0.00  0.0000 -10.870   0.000  0.0003  0.701E+00  0.284E+00  0.163E-02  0.688E-04  0.138E-02  0.572E-02  0.484E-05  0.105E-04  0.188E-02  0.152E-03  0.000E+00
  1.458  0.014000  0.000    1.456    1.2423    3.6746    3.6746    1.6442    2.0116    0.9334    1.0372    0.7069  4.346E+11  1.0000   3.010  0.000E+00      0.00      0.00      0.00  0.0000 -10.823   0.000  0.0003  0.701E+00  0.284E+00  0.163E-02  0.687E-04  0.138E-02  0.572E-02  0.500E-05  0.105E-04  0.188E-02  0.152E-03  0.000E+00
  1.459  0.014000  0.000    1.457    1.2753    3.6728    3.6728    1.5616    1.9378    0.9514    1.0462    0.7142  4.552E+11  1.0000   2.970  0.000E+00      0.00      0.00      0.00  0.0000 -10.771   0.000  0.0003  0.700E+00  0.285E+00  0.162E-02  0.684E-04  0.139E-02  0.572E-02  0.546E-05  0.104E-04  0.188E-02  0.152E-03  0.000E+00
  1.460  0.014000  0.000    1.457    1.3085    3.6709    3.6709    1.4788    1.8641    0.9681    1.0553    0.7215  4.769E+11  1.0000   2.930  0.000E+00      0.00      0.00      0.00  0.0000 -10.719   0.000  0.0004  0.700E+00  0.285E+00  0.161E-02  0.681E-04  0.140E-02  0.572E-02  0.593E-05  0.104E-04  0.188E-02  0.152E-03  0.000E+00
  1.460  0.014000  0.000    1.458    1.3459    3.6690    3.6690    1.3851    1.7804    0.9863    1.0652    0.7295  5.025E+11  1.0000   2.885  0.000E+00      0.00      0.00      0.00  0.0000 -10.659   0.000  0.0004  0.700E+00  0.286E+00  0.161E-02  0.679E-04  0.141E-02  0.571E-02  0.615E-05  0.103E-04  0.188E-02  0.152E-03  0.000E+00
  1.461  0.014000  0.000    1.459    1.3663    3.6679    3.6679    1.3342    1.7347    0.9959    1.0705    0.7338  5.170E+11  1.0000   2.860  0.000E+00      0.00      0.00      0.00  0.0000 -10.626   0.000  0.0004  0.700E+00  0.286E+00  0.161E-02  0.679E-04  0.141E-02  0.571E-02  0.616E-05  0.103E-04  0.188E-02  0.152E-03  0.000E+00
  1.461  0.014000  0.000    1.459    1.3867    3.6668    3.6668    1.2833    1.6891    1.0056    1.0758    0.7381  5.318E+11  1.0000   2.836  0.000E+00      0.00      0.00      0.00  0.0000 -10.594   0.000  0.0004  0.700E+00  0.286E+00  0.160E-02  0.679E-04  0.141E-02  0.571E-02  0.617E-05  0.103E-04  0.188E-02  0.152E-03  0.000E+00
  1.462  0.014000  0.000    1.459    1.4071    3.6658    3.6658    1.2324    1.6434    1.0152    1.0810    0.7423  5.471E+11  1.0000   2.811  0.000E+00      0.00      0.00      0.00  0.0000 -10.561   0.000  0.0005  0.700E+00  0.286E+00  0.160E-02  0.679E-04  0.141E-02  0.571E-02  0.618E-05  0.103E-04  0.188E-02  0.152E-03  0.000E+00
  1.462  0.014000  0.000    1.460    1.4287    3.6646    3.6646    1.1782    1.5950    1.0257    1.0868    0.7469  5.638E+11  1.0000   2.785  0.000E+00      0.00      0.00      0.00  0.0000 -10.526   0.000  0.0005  0.700E+00  0.286E+00  0.160E-02  0.679E-04  0.141E-02  0.571E-02  0.619E-05  0.103E-04  0.188E-02  0.152E-03  0.000E+00
  1.463  0.014000  0.000    1.460    1.4538    3.6633    3.6633    1.1156    1.5393    1.0384    1.0937    0.7525  5.841E+11  1.0000   2.755  0.000E+00      0.00      0.00      0.00  0.0000 -10.486   0.000  0.0005  0.700E+00  0.286E+00  0.160E-02  0.679E-04  0.141E-02  0.571E-02  0.620E-05  0.103E-04  0.188E-02  0.152E-03  0.000E+00
  1.463  0.014000  0.000    1.460    1.4788    3.6619    3.6619    1.0529    1.4836    1.0511    1.1006    0.7582  6.050E+11  1.0000   2.724  0.000E+00      0.00      0.00      0.00  0.0000 -10.445   0.000  0.0005  0.700E+00  0.286E+00  0.160E-02  0.679E-04  0.141E-02  0.571E-02  0.621E-05  0.103E-04  0.188E-02  0.152E-03  0.000E+00
  1.464  0.014000  0.000    1.461    1.5039    3.6605    3.6605    0.9903    1.4279    1.0639    1.1076    0.7638  6.267E+11  1.0000   2.693  0.000E+00      0.00      0.00      0.00  0.0000 -10.405   0.000  0.0006  0.700E+00  0.286E+00  0.160E-02  0.679E-04  0.141E-02  0.571E-02  0.622E-05  0.103E-04  0.188E-02  0.152E-03  0.000E+00
  1.464  0.014000  0.000    1.461    1.5289    3.6591    3.6591    0.9277    1.3722    1.0766    1.1145    0.7694  6.492E+11  1.0000   2.663  0.000E+00      0.00      0.00      0.00  0.0000 -10.364   0.000  0.0006  0.700E+00  0.286E+00  0.160E-02  0.679E-04  0.141E-02  0.571E-02  0.622E-05  0.103E-04  0.188E-02  0.152E-03  0.000E+00
  1.465  0.014000  0.000    1.461    1.5558    3.6575    3.6575    0.8605    1.3129    1.0910    1.1224    0.7758  6.744E+11  1.0000   2.630  0.000E+00      0.00      0.00      0.00  0.0000 -10.321   0.000  0.0006  0.700E+00  0.286E+00  0.160E-02  0.679E-04  0.141E-02  0.571E-02  0.623E-05  0.103E-04  0.188E-02  0.152E-03  0.000E+00
  1.465  0.014000  0.000    1.462    1.5848    3.6557    3.6557    0.7881    1.2494    1.1074    1.1313    0.7831  7.031E+11  1.0000   2.594  0.000E+00      0.00      0.00      0.00  0.0000 -10.274   0.000  0.0007  0.700E+00  0.286E+00  0.160E-02  0.679E-04  0.141E-02  0.571E-02  0.624E-05  0.103E-04  0.188E-02  0.152E-03  0.000E+00
  1.466  0.014000  0.000    1.462    1.6137    3.6540    3.6540    0.7157    1.1859    1.1237    1.1402    0.7904  7.329E+11  1.0000   2.558  0.000E+00      0.00      0.00      0.00  0.0000 -10.227   0.000  0.0007  0.700E+00  0.286E+00  0.160E-02  0.679E-04  0.141E-02  0.571E-02  0.625E-05  0.103E-04  0.188E-02  0.152E-03  0.000E+00
  1.466  0.014000  0.000    1.462    1.6427    3.6522    3.6522    0.6434    1.1225    1.1401    1.1491    0.7977  7.640E+11  1.0000   2.522  0.000E+00      0.00      0.00      0.00  0.0000 -10.180   0.000  0.0008  0.700E+00  0.286E+00  0.160E-02  0.679E-04  0.141E-02  0.571E-02  0.626E-05  0.103E-04  0.188E-02  0.152E-03  0.000E+00
  1.467  0.014000  0.000    1.462    1.6716    3.6504    3.6504    0.5711    1.0591    1.1564    1.1580    0.8050  7.963E+11  1.0000   2.486  0.000E+00      0.00      0.00      0.00  0.0000 -10.134   0.000  0.0008  0.700E+00  0.286E+00  0.160E-02  0.679E-04  0.141E-02  0.571E-02  0.627E-05  0.103E-04  0.188E-02  0.152E-03  0.000E+00
  1.467  0.014000  0.000    1.463    1.6936    3.6492    3.6492    0.5159    1.0108    1.1680    1.1640    0.8099  8.213E+11  1.0000   2.459  0.000E+00      0.00      0.00      0.00  0.0000 -10.098   0.000  0.0009  0.700E+00  0.286E+00  0.160E-02  0.679E-04  0.141E-02  0.571E-02  0.629E-05  0.103E-04  0.188E-02  0.152E-03  0.000E+00
  1.468  0.014000  0.000    1.463    1.7068    3.6486    3.6486    0.4831    0.9816    1.1741    1.1670    0.8123  8.362E+11  1.0000   2.444  0.000E+00      0.00      0.00      0.00  0.0000 -10.078   0.000  0.0009  0.700E+00  0.286E+00  0.160E-02  0.679E-04  0.141E-02  0.571E-02  0.630E-05  0.103E-04  0.188E-02  0.152E-03  0.000E+00
  1.469  0.014000  0.000    1.463    1.7133    3.6483    3.6483    0.4667    0.9671    1.1771    1.1685    0.8136  8.437E+11  1.0000   2.436  0.000E+00      0.00      0.00      0.00  0.0000 -10.067   0.000  0.0009  0.700E+00  0.286E+00  0.160E-02  0.679E-04  0.142E-02  0.571E-02  0.631E-05  0.103E-04  0.188E-02  0.152E-03  0.000E+00
  1.469  0.014000  0.000    1.463    1.7259    3.6476    3.6476    0.4352    0.9401    1.1845    1.1722    0.8166  8.589E+11  1.0000   2.420  0.000E+00      0.00      0.00      0.00  0.0000 -10.047   0.000  0.0010  0.700E+00  0.286E+00  0.160E-02  0.679E-04  0.142E-02  0.571E-02  0.632E-05  0.103E-04  0.188E-02  0.152E-03  0.000E+00
  1.469  0.014000  0.000    1.463    1.7480    3.6462    3.6462    0.3800    0.8929    1.1978    1.1789    0.8221  8.865E+11  1.0000   2.393  0.000E+00      0.00      0.00      0.00  0.0000 -10.011   0.000  0.0010  0.700E+00  0.286E+00  0.160E-02  0.679E-04  0.142E-02  0.571E-02  0.632E-05  0.103E-04  0.188E-02  0.152E-03  0.000E+00
  1.470  0.014000  0.000    1.463    1.7701    3.6449    3.6449    0.3247    0.8458    1.2112    1.1856    0.8276  9.149E+11  1.0000   2.366  0.000E+00      0.00      0.00      0.00  0.0000  -9.975   0.000  0.0011  0.700E+00  0.286E+00  0.160E-02  0.679E-04  0.142E-02  0.571E-02  0.632E-05  0.103E-04  0.188E-02  0.152E-03  0.000E+00
  1.470  0.014000  0.000    1.463    1.7922    3.6435    3.6435    0.2694    0.7986    1.2245    1.1923    0.8331  9.443E+11  1.0000   2.338  0.000E+00      0.00      0.00      0.00  0.0000  -9.940   0.000  0.0011  0.700E+00  0.286E+00  0.160E-02  0.679E-04  0.142E-02  0.571E-02  0.633E-05  0.103E-04  0.188E-02  0.152E-03  0.000E+00
  1.470  0.014000  0.000    1.463    1.8143    3.6422    3.6422    0.2142    0.7515    1.2379    1.1989    0.8387  9.746E+11  1.0000   2.311  0.000E+00      0.00      0.00      0.00  0.0000  -9.904   0.000  0.0012  0.700E+00  0.286E+00  0.160E-02  0.679E-04  0.142E-02  0.571E-02  0.633E-05  0.103E-04  0.188E-02  0.152E-03  0.000E+00
  1.470  0.014000  0.000    1.463    1.8364    3.6409    3.6409    0.1590    0.7044    1.2512    1.2056    0.8442  1.006E+12  1.0000   2.283  0.000E+00      0.00      0.00      0.00  0.0000  -9.868   0.000  0.0013  0.700E+00  0.286E+00  0.160E-02  0.679E-04  0.142E-02  0.571E-02  0.634E-05  0.103E-04  0.188E-02  0.152E-03  0.000E+00
  1.470  0.014000  0.000    1.463    1.8585    3.6395    3.6395    0.1037    0.6572    1.2646    1.2123    0.8497  1.038E+12  1.0000   2.256  0.000E+00      0.00      0.00      0.00  0.0000  -9.832   0.000  0.0013  0.700E+00  0.286E+00  0.160E-02  0.679E-04  0.142E-02  0.571E-02  0.634E-05  0.103E-04  0.188E-02  0.152E-03  0.000E+00
  1.471  0.014000  0.000    1.463    1.8806    3.6382    3.6382    0.0485    0.6101    1.2780    1.2190    0.8553  1.071E+12  1.0000   2.228  0.000E+00      0.00      0.00      0.00  0.0000  -9.797   0.000  0.0014  0.700E+00  0.286E+00  0.160E-02  0.679E-04  0.142E-02  0.571E-02  0.635E-05  0.103E-04  0.188E-02  0.152E-03  0.000E+00
  1.471  0.014000  0.000    1.463    1.9027    3.6369    3.6369   -0.0067    0.5630    1.2913    1.2257    0.8609  1.106E+12  1.0000   2.201  0.000E+00      0.00      0.00      0.00  0.0000  -9.761   0.000  0.0014  0.700E+00  0.286E+00  0.160E-02  0.679E-04  0.142E-02  0.571E-02  0.635E-05  0.103E-04  0.188E-02  0.152E-03  0.000E+00
  1.471  0.014000  0.000    1.463    1.9248    3.6355    3.6355   -0.0619    0.5159    1.3047    1.2323    0.8665  1.141E+12  1.0000   2.174  0.000E+00      0.00      0.00      0.00  0.0000  -9.725   0.000  0.0015  0.700E+00  0.286E+00  0.160E-02  0.679E-04  0.142E-02  0.571E-02  0.635E-05  0.103E-04  0.188E-02  0.152E-03  0.000E+00
  1.471  0.014000  0.000    1.463    1.9406    3.6345    3.6345   -0.1015    0.4825    1.3149    1.2374    0.8707  1.168E+12  1.0000   2.154  0.000E+00      0.00      0.00      0.00  0.0000  -9.699   0.000  0.0016  0.700E+00  0.286E+00  0.160E-02  0.679E-04  0.142E-02  0.571E-02  0.636E-05  0.103E-04  0.188E-02  0.152E-03  0.000E+00
  1.471  0.014000  0.000    1.463    1.9594    3.6333    3.6333   -0.1485    0.4430    1.3272    1.2436    0.8759  1.200E+12  1.0000   2.130  0.000E+00      0.00      0.00      0.00  0.0000  -9.668   0.000  0.0017  0.700E+00  0.286E+00  0.160E-02  0.679E-04  0.142E-02  0.571E-02  0.636E-05  0.103E-04  0.188E-02  0.152E-03  0.000E+00
  1.472  0.014000  0.000    1.463    1.9782    3.6320    3.6320   -0.1955    0.4036    1.3396    1.2498    0.8811  1.233E+12  1.0000   2.106  0.000E+00      0.00      0.00      0.00  0.0000  -9.638   0.000  0.0018  0.700E+00  0.286E+00  0.160E-02  0.679E-04  0.142E-02  0.571E-02  0.636E-05  0.103E-04  0.188E-02  0.152E-03  0.000E+00
  1.472  0.014000  0.000    1.462    1.9970    3.6308    3.6308   -0.2424    0.3641    1.3520    1.2560    0.8864  1.268E+12  1.0000   2.082  0.000E+00      0.00      0.00      0.00  0.0000  -9.607   0.000  0.0019  0.700E+00  0.286E+00  0.160E-02  0.679E-04  0.142E-02  0.571E-02  0.636E-05  0.103E-04  0.188E-02  0.152E-03  0.000E+00
  1.472  0.014000  0.000    1.462    2.0158    3.6296    3.6296   -0.2894    0.3247    1.3644    1.2622    0.8916  1.303E+12  1.0000   2.058  0.000E+00      0.00      0.00      0.00  0.0000  -9.576   0.000  0.0020  0.700E+00  0.286E+00  0.160E-02  0.679E-04  0.142E-02  0.571E-02  0.637E-05  0.103E-04  0.188E-02  0.152E-03  0.000E+00
  1.472  0.014000  0.000    1.462    2.0345    3.6283    3.6283   -0.3364    0.2852    1.3767    1.2684    0.8968  1.339E+12  1.0000   2.035  0.000E+00      0.00      0.00      0.00  0.0000  -9.545   0.000  0.0021  0.700E+00  0.286E+00  0.160E-02  0.679E-04  0.142E-02  0.571E-02  0.637E-05  0.103E-04  0.188E-02  0.152E-03  0.000E+00
  1.472  0.014000  0.000    1.462    2.0533    3.6271    3.6271   -0.3833    0.2458    1.3891    1.2746    0.9021  1.376E+12  1.0000   2.011  0.000E+00      0.00      0.00      0.00  0.0000  -9.515   0.000  0.0022  0.700E+00  0.286E+00  0.160E-02  0.679E-04  0.142E-02  0.571E-02  0.637E-05  0.103E-04  0.188E-02  0.152E-03  0.000E+00
  1.472  0.014000  0.000    1.462    2.0721    3.6259    3.6259   -0.4303    0.2063    1.4015    1.2807    0.9074  1.414E+12  1.0000   1.987  0.000E+00      0.00      0.00      0.00  0.0000  -9.484   0.000  0.0023  0.700E+00  0.286E+00  0.160E-02  0.679E-04  0.142E-02  0.571E-02  0.637E-05  0.103E-04  0.188E-02  0.152E-03  0.000E+00
  1.472  0.014000  0.000    1.461    2.0909    3.6246    3.6246   -0.4772    0.1669    1.4139    1.2869    0.9127  1.453E+12  1.0000   1.963  0.000E+00      0.00      0.00      0.00  0.0000  -9.453   0.000  0.0024  0.700E+00  0.286E+00  0.160E-02  0.679E-04  0.142E-02  0.571E-02  0.637E-05  0.103E-04  0.188E-02  0.152E-03  0.000E+00
  1.472  0.014000  0.000    1.461    2.1097    3.6234    3.6234   -0.5242    0.1274    1.4262    1.2931    0.9180  1.493E+12  1.0000   1.939  0.000E+00      0.00      0.00      0.00  0.0000  -9.423   0.000  0.0025  0.700E+00  0.286E+00  0.160E-02  0.679E-04  0.142E-02  0.571E-02  0.638E-05  0.103E-04  0.188E-02  0.152E-03  0.000E+00
  1.473  0.014000  0.000    1.461    2.1285    3.6221    3.6221   -0.5711    0.0880    1.4386    1.2993    0.9233  1.535E+12  1.0000   1.916  0.000E+00      0.00      0.00      0.00  0.0000  -9.392   0.000  0.0026  0.700E+00  0.286E+00  0.160E-02  0.679E-04  0.142E-02  0.571E-02  0.638E-05  0.103E-04  0.188E-02  0.152E-03  0.000E+00
  1.473  0.014000  0.000    1.461    2.1472    3.6209    3.6209   -0.6181    0.0514    1.4502    1.3055    0.9286  1.577E+12  1.0000   1.892  0.000E+00      0.00      0.00      0.00  0.0000  -9.361   0.000  0.0027  0.700E+00  0.286E+00  0.160E-02  0.679E-04  0.142E-02  0.571E-02  0.638E-05  0.103E-04  0.188E-02  0.152E-03  0.000E+00
  1.473  0.014000  0.000    1.460    2.1660    3.6197    3.6197   -0.6650    0.0152    1.4618    1.3117    0.9339  1.621E+12  1.0000   1.868  0.000E+00      0.00      0.00      0.00  0.0000  -9.330   0.000  0.0028  0.700E+00  0.286E+00  0.160E-02  0.679E-04  0.142E-02  0.571E-02  0.638E-05  0.103E-04  0.188E-02  0.152E-03  0.000E+00
  1.473  0.014000  0.000    1.460    2.1848    3.6184    3.6184   -0.7120   -0.0211    1.4733    1.3178    0.9393  1.666E+12  1.0000   1.844  0.000E+00      0.00      0.00      0.00  0.0000  -9.300   0.000  0.0029  0.700E+00  0.286E+00  0.160E-02  0.679E-04  0.142E-02  0.571E-02  0.639E-05  0.103E-04  0.188E-02  0.152E-03  0.000E+00
  1.473  0.014000  0.000    1.460    2.2036    3.6172    3.6172   -0.7589   -0.0573    1.4849    1.3240    0.9447  1.712E+12  1.0000   1.820  0.000E+00      0.00      0.00      0.00  0.0000  -9.269   0.000  0.0030  0.700E+00  0.286E+00  0.160E-02  0.679E-04  0.142E-02  0.571E-02  0.639E-05  0.103E-04  0.188E-02  0.152E-03  0.000E+00
  1.473  0.014000  0.000    1.460    2.2224    3.6160    3.6160   -0.8059   -0.0935    1.4964    1.3302    0.9501  1.759E+12  1.0000   1.797  0.000E+00      0.00      0.00      0.00  0.0000  -9.238   0.000  0.0031  0.700E+00  0.286E+00  0.160E-02  0.679E-04  0.142E-02  0.571E-02  0.639E-05  0.103E-04  0.188E-02  0.152E-03  0.000E+00
  1.473  0.014000  0.000    1.460    2.2411    3.6147    3.6147   -0.8528   -0.1297    1.5079    1.3364    0.9555  1.808E+12  1.0000   1.773  0.000E+00      0.00      0.00      0.00  0.0000  -9.207   0.000  0.0032  0.700E+00  0.286E+00  0.160E-02  0.679E-04  0.142E-02  0.571E-02  0.639E-05  0.103E-04  0.188E-02  0.152E-03  0.000E+00
  1.473  0.014000  0.000    1.459    2.2599    3.6135    3.6135   -0.8998   -0.1660    1.5195    1.3426    0.9609  1.858E+12  1.0000   1.749  0.000E+00      0.00      0.00      0.00  0.0000  -9.177   0.000  0.0033  0.700E+00  0.286E+00  0.160E-02  0.679E-04  0.142E-02  0.571E-02  0.639E-05  0.103E-04  0.188E-02  0.152E-03  0.000E+00
  1.473  0.014000  0.000    1.459    2.2787    3.6122    3.6122   -0.9467   -0.2022    1.5310    1.3488    0.9663  1.910E+12  1.0000   1.725  0.000E+00      0.00      0.00      0.00  0.0000  -9.146   0.000  0.0034  0.700E+00  0.286E+00  0.160E-02  0.679E-04  0.142E-02  0.571E-02  0.640E-05  0.103E-04  0.188E-02  0.152E-03  0.000E+00
  1.474  0.014000  0.000    1.454    2.3228    3.6083    3.6083   -1.0571   -0.2785    1.5677    1.3684    0.9838  2.046E+12  1.0000   1.664  0.000E+00      0.00      0.00      0.00  0.0000  -9.070   0.000  0.0051  0.700E+00  0.286E+00  0.160E-02  0.679E-04  0.142E-02  0.571E-02  0.640E-05  0.103E-04  0.188E-02  0.152E-03  0.000E+00
  1.474  0.014000  0.000    1.447    2.3827    3.6027    3.6027   -1.2068   -0.3796    1.6200    1.3964    1.0089  2.249E+12  1.0000   1.579  0.000E+00      0.00      0.00      0.00  0.0000  -8.967   0.000  0.0076  0.700E+00  0.286E+00  0.160E-02  0.679E-04  0.142E-02  0.571E-02  0.640E-05  0.103E-04  0.188E-02  0.152E-03  0.000E+00
  1.474  0.014000  0.000    1.439    2.4426    3.5971    3.5971   -1.3564   -0.4808    1.6722    1.4244    1.0346  2.472E+12  1.0000   1.495  0.000E+00      0.00      0.00      0.00  0.0000  -8.864   0.000  0.0102  0.700E+00  0.286E+00  0.160E-02  0.679E-04  0.142E-02  0.571E-02  0.640E-05  0.103E-04  0.188E-02  0.152E-03  0.000E+00
  1.474  0.014000  0.000    1.432    2.5024    3.5915    3.5915   -1.5060   -0.5788    1.7232    1.4524    1.0606  2.718E+12  1.0000   1.410  0.000E+00      0.00      0.00      0.00  0.0000  -8.760   0.000  0.0128  0.700E+00  0.286E+00  0.160E-02  0.679E-04  0.142E-02  0.571E-02  0.641E-05  0.103E-04  0.188E-02  0.152E-03  0.000E+00
  1.474  0.014000  0.000    1.424    2.5622    3.5859    3.5859   -1.6555   -0.6445    1.7605    1.4804    1.0873  2.988E+12  1.0000   1.326  0.000E+00      0.00      0.00      0.00  0.0000  -8.657   0.000  0.0154  0.700E+00  0.286E+00  0.160E-02  0.679E-04  0.142E-02  0.571E-02  0.641E-05  0.103E-04  0.188E-02  0.152E-03  0.000E+00
  1.474  0.014000  0.000    1.416    2.6220    3.5803    3.5803   -1.8051   -0.7101    1.7978    1.5083    1.1145  3.284E+12  1.0000   1.241  0.000E+00      0.00      0.00      0.00  0.0000  -8.554   0.000  0.0180  0.700E+00  0.286E+00  0.160E-02  0.679E-04  0.142E-02  0.571E-02  0.641E-05  0.103E-04  0.188E-02  0.152E-03  0.000E+00
  1.474  0.014000  0.000    1.409    2.6818    3.5747    3.5747   -1.9546   -0.7757    1.8351    1.5363    1.1423  3.610E+12  1.0000   1.157  0.000E+00      0.00      0.00      0.00  0.0000  -8.451   0.000  0.0206  0.700E+00  0.286E+00  0.160E-02  0.679E-04  0.142E-02  0.571E-02  0.641E-05  0.103E-04  0.188E-02  0.152E-03  0.000E+00
  1.474  0.014000  0.000    1.401    2.7416    3.5691    3.5691   -2.1041   -0.8380    1.8465    1.5513    1.1575  3.968E+12  1.0000   1.072  0.000E+00      0.00      0.00      0.00  0.0000  -8.347   0.000  0.0231  0.700E+00  0.286E+00  0.160E-02  0.679E-04  0.142E-02  0.571E-02  0.641E-05  0.103E-04  0.188E-02  0.152E-03  0.000E+00
  1.475  0.014000  0.000    1.394    2.8014    3.5636    3.5636   -2.2535   -0.8999    1.8539    1.5644    1.1709  4.362E+12  1.0000   0.988  0.000E+00      0.00      0.00      0.00  0.0000  -8.244   0.000  0.0257  0.700E+00  0.286E+00  0.160E-02  0.679E-04  0.142E-02  0.571E-02  0.642E-05  0.103E-04  0.188E-02  0.152E-03  0.000E+00
  1.475  0.014000  0.000    1.386    2.8612    3.5580    3.5580   -2.4029   -0.9617    1.8614    1.5774    1.1845  4.795E+12  1.0000   0.903  0.000E+00      0.00      0.00      0.00  0.0000  -8.141   0.000  0.0283  0.700E+00  0.286E+00  0.160E-02  0.679E-04  0.142E-02  0.571E-02  0.642E-05  0.103E-04  0.188E-02  0.152E-03  0.000E+00
  1.475  0.014000  0.000    1.379    2.9209    3.5524    3.5524   -2.5523   -1.0235    1.8688    1.5905    1.1982  5.270E+12  1.0000   0.819  0.000E+00      0.00      0.00      0.00  0.0000  -8.038   0.000  0.0309  0.700E+00  0.286E+00  0.160E-02  0.679E-04  0.142E-02  0.571E-02  0.642E-05  0.103E-04  0.188E-02  0.152E-03  0.000E+00
  1.475  0.014000  0.000    1.371    2.9807    3.5468    3.5468   -2.7017   -1.0853    1.8763    1.6035    1.2120  5.793E+12  1.0000   0.734  0.000E+00      0.00      0.00      0.00  0.0000  -7.935   0.000  0.0335  0.700E+00  0.286E+00  0.160E-02  0.679E-04  0.142E-02  0.571E-02  0.642E-05  0.103E-04  0.188E-02  0.152E-03  0.000E+00
  1.475  0.014000  0.000    1.364    3.0404    3.5412    3.5412   -2.8511   -1.3956    1.9261    1.7018    1.3364  6.367E+12  1.0000   0.650  0.000E+00      0.00      0.00      0.00  0.0000  -7.831   0.000  0.0360  0.700E+00  0.286E+00  0.160E-02  0.679E-04  0.142E-02  0.571E-02  0.642E-05  0.103E-04  0.188E-02  0.152E-03  0.000E+00
  1.475  0.014000  0.000    1.356    3.1001    3.5356    3.5356   -3.0004   -1.4943    1.9384    1.7052    1.3399  6.998E+12  1.0000   0.565  0.000E+00      0.00      0.00      0.00  0.0000  -7.728   0.000  0.0386  0.700E+00  0.286E+00  0.160E-02  0.679E-04  0.142E-02  0.571E-02  0.643E-05  0.103E-04  0.188E-02  0.152E-03  0.000E+00
  1.475  0.014000  0.000    1.341    3.2196    3.5244    3.5244   -3.2989   -1.6916    1.9628    1.7122    1.3468  8.453E+12  1.0000   0.396  0.000E+00      0.00      0.00      0.00  0.0000  -7.522   0.000  0.0438  0.700E+00  0.286E+00  0.160E-02  0.679E-04  0.142E-02  0.571E-02  0.643E-05  0.103E-04  0.188E-02  0.152E-03  0.000E+00
