  0.800  0.014000  0.400    0.800   -0.4845    3.6955    3.6955    5.9612    6.3235    0.4526    0.9176    0.5725  5.406E+10  1.0000   4.560  0.168E-05      0.91      0.00      0.00  0.0000   0.000   0.000  0.0000  0.734E+00  0.251E+00  0.219E-02  0.292E-04  0.633E-03  0.551E-02  0.217E-05  0.123E-04  0.181E-02  0.146E-03  0.000E+00
  0.804  0.014000  0.400    0.804   -0.4722    3.6972    3.6972    5.9305    6.2871    0.4442    0.9092    0.5671  5.441E+10  1.0000   4.557  0.169E-05      0.92      0.00      0.00  0.0000   0.000   0.000  0.0000  0.734E+00  0.251E+00  0.218E-02  0.293E-04  0.633E-03  0.550E-02  0.217E-05  0.123E-04  0.181E-02  0.146E-03  0.000E+00
  0.807  0.014000  0.400    0.807   -0.4599    3.6988    3.6988    5.8998    6.2506    0.4359    0.9009    0.5618  5.476E+10  1.0000   4.553  0.170E-05      0.93      0.00      0.00  0.0000   0.000   0.000  0.0000  0.734E+00  0.251E+00  0.218E-02  0.294E-04  0.633E-03  0.550E-02  0.217E-05  0.123E-04  0.181E-02  0.146E-03  0.000E+00
  0.811  0.014000  0.400    0.811   -0.4476    3.7005    3.7005    5.8690    6.2142    0.4276    0.8929    0.5567  5.512E+10  1.0000   4.550  0.171E-05      0.95      0.00      0.00  0.0000   0.000   0.000  0.0000  0.734E+00  0.251E+00  0.218E-02  0.296E-04  0.633E-03  0.550E-02  0.217E-05  0.123E-04  0.181E-02  0.146E-03  0.000E+00
  0.815  0.014000  0.400    0.815   -0.4353    3.7021    3.7021    5.8383    6.1778    0.4193    0.8850    0.5517  5.548E+10  1.0000   4.546  0.172E-05      0.96      0.00      0.00  0.0000   0.000   0.000  0.0000  0.734E+00  0.251E+00  0.218E-02  0.297E-04  0.633E-03  0.550E-02  0.217E-05  0.123E-04  0.181E-02  0.146E-03  0.000E+00
  0.819  0.014000  0.400    0.819   -0.4230    3.7038    3.7038    5.8074    6.1413    0.4111    0.8772    0.5467  5.585E+10  1.0000   4.542  0.172E-05      0.97      0.00      0.00  0.0000   0.000   0.000  0.0000  0.734E+00  0.251E+00  0.218E-02  0.299E-04  0.633E-03  0.550E-02  0.217E-05  0.123E-04  0.181E-02  0.146E-03  0.000E+00
  0.822  0.014000  0.400    0.822   -0.4106    3.7054    3.7054    5.7766    6.1048    0.4028    0.8694    0.5416  5.622E+10  1.0000   4.538  0.173E-05      0.98      0.00      0.00  0.0000   0.000   0.000  0.0000  0.734E+00  0.251E+00  0.218E-02  0.300E-04  0.633E-03  0.550E-02  0.217E-05  0.123E-04  0.181E-02  0.146E-03  0.000E+00
  0.826  0.014000  0.400    0.826   -0.3983    3.7071    3.7071    5.7457    6.0683    0.3946    0.8615    0.5366  5.660E+10  1.0000   4.534  0.174E-05      0.99      0.00      0.00  0.0000   0.000   0.000  0.0000  0.734E+00  0.251E+00  0.218E-02  0.302E-04  0.633E-03  0.550E-02  0.217E-05  0.123E-04  0.181E-02  0.146E-03  0.000E+00
  0.830  0.014000  0.400    0.830   -0.3859    3.7087    3.7087    5.7147    6.0317    0.3865    0.8538    0.5316  5.698E+10  1.0000   4.531  0.174E-05      1.00      0.00      0.00  0.0000   0.000   0.000  0.0000  0.734E+00  0.251E+00  0.218E-02  0.303E-04  0.633E-03  0.550E-02  0.217E-05  0.123E-04  0.181E-02  0.146E-03  0.000E+00
  0.834  0.014000  0.400    0.834   -0.3735    3.7103    3.7103    5.6837    5.9952    0.3783    0.8460    0.5265  5.737E+10  1.0000   4.527  0.175E-05      1.01      0.00      0.00  0.0000   0.000   0.000  0.0000  0.735E+00  0.251E+00  0.218E-02  0.305E-04  0.633E-03  0.550E-02  0.217E-05  0.123E-04  0.181E-02  0.146E-03  0.000E+00
  0.837  0.014000  0.400    0.837   -0.3611    3.7119    3.7119    5.6527    5.9586    0.3703    0.8383    0.5215  5.776E+10  1.0000   4.523  0.176E-05      1.02      0.00      0.00  0.0000   0.000   0.000  0.0000  0.735E+00  0.250E+00  0.218E-02  0.307E-04  0.633E-03  0.550E-02  0.217E-05  0.123E-04  0.181E-02  0.146E-03  0.000E+00
  0.841  0.014000  0.400    0.841   -0.3486    3.7136    3.7136    5.6216    5.9221    0.3622    0.8307    0.5165  5.817E+10  1.0000   4.518  0.176E-05      1.04      0.00      0.00  0.0000   0.000   0.000  0.0000  0.735E+00  0.250E+00  0.218E-02  0.308E-04  0.633E-03  0.550E-02  0.217E-05  0.123E-04  0.181E-02  0.146E-03  0.000E+00
  0.845  0.014000  0.400    0.845   -0.3362    3.7152    3.7152    5.5904    5.8854    0.3542    0.8231    0.5115  5.857E+10  1.0000   4.514  0.177E-05      1.05      0.00      0.00  0.0000   0.000   0.000  0.0000  0.735E+00  0.250E+00  0.218E-02  0.310E-04  0.633E-03  0.550E-02  0.217E-05  0.123E-04  0.181E-02  0.146E-03  0.000E+00
  0.848  0.014000  0.400    0.848   -0.3237    3.7167    3.7167    5.5592    5.8488    0.3463    0.8155    0.5065  5.899E+10  1.0000   4.510  0.177E-05      1.06      0.00      0.00  0.0000   0.000   0.000  0.0000  0.735E+00  0.250E+00  0.218E-02  0.312E-04  0.633E-03  0.550E-02  0.217E-05  0.123E-04  0.181E-02  0.146E-03  0.000E+00
  0.852  0.014000  0.400    0.852   -0.3112    3.7183    3.7183    5.5279    5.8121    0.3385    0.8081    0.5016  5.941E+10  1.0000   4.506  0.178E-05      1.07      0.00      0.00  0.0000   0.000   0.000  0.0000  0.735E+00  0.250E+00  0.218E-02  0.314E-04  0.633E-03  0.549E-02  0.217E-05  0.123E-04  0.181E-02  0.146E-03  0.000E+00
  0.856  0.014000  0.400    0.856   -0.2986    3.7199    3.7199    5.4966    5.7755    0.3307    0.8007    0.4967  5.985E+10  1.0000   4.501  0.179E-05      1.08      0.00      0.00  0.0000   0.000   0.000  0.0000  0.735E+00  0.250E+00  0.218E-02  0.316E-04  0.633E-03  0.549E-02  0.217E-05  0.123E-04  0.181E-02  0.146E-03  0.000E+00
  0.860  0.014000  0.400    0.860   -0.2861    3.7214    3.7214    5.4652    5.7389    0.3230    0.7930    0.4916  6.029E+10  1.0000   4.497  0.179E-05      1.09      0.00      0.00  0.0000   0.000   0.000  0.0000  0.735E+00  0.250E+00  0.218E-02  0.318E-04  0.633E-03  0.549E-02  0.217E-05  0.123E-04  0.181E-02  0.146E-03  0.000E+00
  0.863  0.014000  0.400    0.863   -0.2735    3.7229    3.7229    5.4338    5.7022    0.3153    0.7853    0.4865  6.074E+10  1.0000   4.492  0.179E-05      1.10      0.00      0.00  0.0000   0.000   0.000  0.0000  0.735E+00  0.250E+00  0.218E-02  0.320E-04  0.633E-03  0.549E-02  0.217E-05  0.123E-04  0.181E-02  0.146E-03  0.000E+00
  0.867  0.014000  0.400    0.867   -0.2609    3.7244    3.7244    5.4023    5.6655    0.3078    0.7778    0.4814  6.120E+10  1.0000   4.488  0.179E-05      1.11      0.00      0.00  0.0000   0.000   0.000  0.0000  0.735E+00  0.250E+00  0.218E-02  0.322E-04  0.633E-03  0.549E-02  0.217E-05  0.123E-04  0.181E-02  0.146E-03  0.000E+00
  0.871  0.014000  0.400    0.871   -0.2483    3.7259    3.7259    5.3707    5.6288    0.3003    0.7703    0.4763  6.167E+10  1.0000   4.483  0.180E-05      1.12      0.00      0.00  0.0000   0.000   0.000  0.0000  0.735E+00  0.250E+00  0.217E-02  0.324E-04  0.633E-03  0.549E-02  0.217E-05  0.123E-04  0.181E-02  0.146E-03  0.000E+00
  0.874  0.014000  0.400    0.874   -0.2356    3.7274    3.7274    5.3390    5.5920    0.2929    0.7629    0.4713  6.215E+10  1.0000   4.478  0.180E-05      1.13      0.00      0.00  0.0000   0.000   0.000  0.0000  0.735E+00  0.250E+00  0.217E-02  0.326E-04  0.633E-03  0.549E-02  0.217E-05  0.123E-04  0.181E-02  0.146E-03  0.000E+00
  0.878  0.014000  0.400    0.878   -0.2229    3.7289    3.7289    5.3073    5.5552    0.2855    0.7555    0.4662  6.264E+10  1.0000   4.473  0.181E-05      1.14      0.00      0.00  0.0000   0.000   0.000  0.0000  0.735E+00  0.250E+00  0.217E-02  0.328E-04  0.633E-03  0.549E-02  0.217E-05  0.123E-04  0.181E-02  0.146E-03  0.000E+00
  0.882  0.014000  0.400    0.882   -0.2102    3.7304    3.7304    5.2754    5.5184    0.2781    0.7481    0.4612  6.313E+10  1.0000   4.468  0.182E-05      1.16      0.00      0.00  0.0000   0.000   0.000  0.0000  0.735E+00  0.250E+00  0.217E-02  0.331E-04  0.634E-03  0.549E-02  0.217E-05  0.123E-04  0.181E-02  0.146E-03  0.000E+00
  0.886  0.014000  0.400    0.886   -0.1974    3.7318    3.7318    5.2435    5.4814    0.2708    0.7408    0.4561  6.364E+10  1.0000   4.463  0.182E-05      1.16      0.00      0.00  0.0000   0.000   0.000  0.0000  0.735E+00  0.250E+00  0.217E-02  0.333E-04  0.634E-03  0.549E-02  0.217E-05  0.123E-04  0.181E-02  0.146E-03  0.000E+00
  0.889  0.014000  0.400    0.889   -0.1846    3.7333    3.7333    5.2114    5.4443    0.2635    0.7335    0.4510  6.415E+10  1.0000   4.458  0.182E-05      1.17      0.00      0.00  0.0000   0.000   0.000  0.0000  0.735E+00  0.250E+00  0.217E-02  0.336E-04  0.634E-03  0.549E-02  0.217E-05  0.123E-04  0.181E-02  0.146E-03  0.000E+00
  0.893  0.014000  0.400    0.893   -0.1717    3.7347    3.7347    5.1792    5.4072    0.2563    0.7263    0.4460  6.468E+10  1.0000   4.452  0.183E-05      1.18      0.00      0.00  0.0000   0.000   0.000  0.0000  0.735E+00  0.250E+00  0.217E-02  0.338E-04  0.634E-03  0.549E-02  0.217E-05  0.123E-04  0.181E-02  0.146E-03  0.000E+00
  0.897  0.014000  0.400    0.897   -0.1588    3.7362    3.7362    5.1469    5.3700    0.2492    0.7192    0.4410  6.522E+10  1.0000   4.447  0.183E-05      1.20      0.00      0.00  0.0000   0.000   0.000  0.0000  0.735E+00  0.250E+00  0.217E-02  0.341E-04  0.634E-03  0.549E-02  0.217E-05  0.123E-04  0.181E-02  0.146E-03  0.000E+00
  0.901  0.014000  0.400    0.901   -0.1458    3.7376    3.7376    5.1145    5.3328    0.2422    0.7122    0.4361  6.577E+10  1.0000   4.441  0.183E-05      1.20      0.00      0.00  0.0000   0.000   0.000  0.0000  0.735E+00  0.250E+00  0.217E-02  0.343E-04  0.634E-03  0.549E-02  0.217E-05  0.123E-04  0.181E-02  0.146E-03  0.000E+00
  0.904  0.014000  0.400    0.904   -0.1328    3.7388    3.7388    5.0819    5.2959    0.2359    0.7059    0.4317  6.639E+10  1.0000   4.435  0.184E-05      1.22      0.00      0.00  0.0000   0.000   0.000  0.0000  0.735E+00  0.250E+00  0.217E-02  0.345E-04  0.634E-03  0.549E-02  0.217E-05  0.123E-04  0.181E-02  0.146E-03  0.000E+00
  0.908  0.014000  0.400    0.908   -0.1196    3.7400    3.7400    5.0491    5.2590    0.2298    0.6998    0.4274  6.702E+10  1.0000   4.429  0.185E-05      1.24      0.00      0.00  0.0000   0.000   0.000  0.0000  0.735E+00  0.250E+00  0.217E-02  0.348E-04  0.634E-03  0.549E-02  0.217E-05  0.123E-04  0.181E-02  0.146E-03  0.000E+00
  0.915  0.014000  0.400    0.915   -0.0933    3.7424    3.7424    4.9832    5.1848    0.2178    0.6903    0.4206  6.832E+10  1.0000   4.416  0.185E-05      1.27      0.00      0.00  0.0000   0.000   0.000  0.0000  0.735E+00  0.250E+00  0.217E-02  0.353E-04  0.635E-03  0.549E-02  0.217E-05  0.123E-04  0.181E-02  0.146E-03  0.000E+00
  0.923  0.014000  0.400    0.923   -0.0667    3.7447    3.7447    4.9167    5.1106    0.2064    0.6813    0.4141  6.971E+10  1.0000   4.402  0.186E-05      1.31      0.00      0.00  0.0000   0.000   0.000  0.0000  0.735E+00  0.250E+00  0.217E-02  0.358E-04  0.635E-03  0.549E-02  0.217E-05  0.123E-04  0.181E-02  0.146E-03  0.000E+00
  0.930  0.014000  0.400    0.930   -0.0398    3.7470    3.7470    4.8496    5.0358    0.1952    0.6726    0.4077  7.117E+10  1.0000   4.387  0.187E-05      1.35      0.00      0.00  0.0000   0.000   0.000  0.0000  0.735E+00  0.250E+00  0.217E-02  0.363E-04  0.636E-03  0.549E-02  0.217E-05  0.123E-04  0.181E-02  0.145E-03  0.000E+00
  0.938  0.014000  0.400    0.938   -0.0128    3.7490    3.7490    4.7821    4.9612    0.1849    0.6644    0.4018  7.272E+10  1.0000   4.372  0.188E-05      1.38      0.00      0.00  0.0000   0.000   0.000  0.0000  0.735E+00  0.250E+00  0.217E-02  0.369E-04  0.636E-03  0.549E-02  0.217E-05  0.123E-04  0.181E-02  0.145E-03  0.000E+00
  0.945  0.014000  0.400    0.945    0.0143    3.7509    3.7509    4.7142    4.8868    0.1753    0.6568    0.3962  7.437E+10  1.0000   4.356  0.189E-05      1.42      0.00      0.00  0.0000   0.000   0.000  0.0000  0.735E+00  0.250E+00  0.216E-02  0.375E-04  0.637E-03  0.549E-02  0.217E-05  0.123E-04  0.181E-02  0.145E-03  0.000E+00
  0.953  0.014000  0.400    0.953    0.0414    3.7526    3.7526    4.6465    4.8133    0.1669    0.6502    0.3913  7.613E+10  1.0000   4.339  0.190E-05      1.46      0.00      0.00  0.0000   0.000   0.000  0.0000  0.735E+00  0.250E+00  0.216E-02  0.382E-04  0.637E-03  0.549E-02  0.217E-05  0.123E-04  0.181E-02  0.145E-03  0.000E+00
  0.960  0.014000  0.400    0.960    0.0685    3.7541    3.7541    4.5789    4.7405    0.1593    0.6442    0.3869  7.799E+10  1.0000   4.321  0.192E-05      1.51      0.00      0.00  0.0000   0.000   0.000  0.0000  0.734E+00  0.250E+00  0.216E-02  0.390E-04  0.638E-03  0.549E-02  0.217E-05  0.123E-04  0.181E-02  0.146E-03  0.000E+00
  0.975  0.014000  0.400    0.975    0.1253    3.7566    3.7566    4.4367    4.5899    0.1470    0.6345    0.3796  8.233E+10  1.0000   4.281  0.193E-05      1.60      0.00      0.00  0.0000   0.000   0.000  0.0000  0.733E+00  0.251E+00  0.216E-02  0.407E-04  0.641E-03  0.550E-02  0.217E-05  0.123E-04  0.181E-02  0.146E-03  0.000E+00
  0.990  0.014000  0.400    0.990    0.1862    3.7585    3.7585    4.2845    4.4312    0.1375    0.6270    0.3740  8.754E+10  1.0000   4.234  0.198E-05      1.74      0.00      0.00  0.0000   0.000   0.000  0.0000  0.731E+00  0.254E+00  0.217E-02  0.429E-04  0.648E-03  0.553E-02  0.219E-05  0.124E-04  0.182E-02  0.147E-03  0.000E+00
  1.005  0.014000  0.400    1.005    0.2523    3.7587    3.7587    4.1192    4.2653    0.1366    0.6263    0.3734  9.438E+10  1.0000   4.175  0.202E-05      1.90      0.00      0.00  0.0000   0.000   0.000  0.0000  0.729E+00  0.256E+00  0.218E-02  0.450E-04  0.653E-03  0.555E-02  0.219E-05  0.124E-04  0.183E-02  0.147E-03  0.000E+00
  1.012  0.014000  0.400    1.012    0.2877    3.7574    3.7574    4.0307    4.1812    0.1430    0.6313    0.3772  9.889E+10  1.0000   4.138  0.202E-05      2.01      0.00      0.00  0.0000   0.000   0.000  0.0000  0.728E+00  0.257E+00  0.218E-02  0.459E-04  0.656E-03  0.556E-02  0.220E-05  0.125E-04  0.183E-02  0.148E-03  0.000E+00
  1.020  0.014000  0.400    1.020    0.3242    3.7552    3.7552    3.9396    4.0977    0.1542    0.6402    0.3839  1.042E+11  1.0000   4.096  0.200E-05      2.09      0.00      0.00  0.0000   0.000   0.000  0.0000  0.727E+00  0.257E+00  0.218E-02  0.469E-04  0.658E-03  0.557E-02  0.220E-05  0.125E-04  0.184E-02  0.148E-03  0.000E+00
  1.023  0.014000  0.400    1.023    0.3424    3.7531    3.7531    3.8939    4.0591    0.1645    0.6483    0.3899  1.074E+11  1.0000   4.071  0.198E-05      2.13      0.00      0.00  0.0000   0.000   0.000  0.0000  0.727E+00  0.258E+00  0.218E-02  0.475E-04  0.660E-03  0.557E-02  0.220E-05  0.125E-04  0.184E-02  0.148E-03  0.000E+00
  1.025  0.014000  0.400    1.025    0.3514    3.7518    3.7518    3.8715    4.0401    0.1723    0.6538    0.3941  1.092E+11  1.0000   4.057  0.196E-05      2.16      0.00      0.00  0.0000   0.000   0.000  0.0000  0.727E+00  0.258E+00  0.218E-02  0.478E-04  0.661E-03  0.557E-02  0.220E-05  0.125E-04  0.184E-02  0.148E-03  0.000E+00
  1.027  0.014000  0.400    1.027    0.3602    3.7500    3.7500    3.8496    4.0199    0.1857    0.6623    0.4006  1.112E+11  1.0000   4.042  0.196E-05      2.19      0.00      0.00  0.0000   0.000   0.000  0.0000  0.727E+00  0.258E+00  0.218E-02  0.481E-04  0.661E-03  0.557E-02  0.220E-05  0.125E-04  0.184E-02  0.148E-03  0.000E+00
  1.028  0.014000  0.400    1.028    0.3644    3.7490    3.7490    3.8389    4.0101    0.1933    0.6671    0.4043  1.123E+11  1.0000   4.034  0.196E-05      2.21      0.00      0.00  0.0000   0.000   0.000  0.0000  0.727E+00  0.258E+00  0.218E-02  0.482E-04  0.662E-03  0.558E-02  0.221E-05  0.125E-04  0.184E-02  0.148E-03  0.000E+00
  1.029  0.014000  0.400    1.029    0.3686    3.7479    3.7479    3.8285    4.0007    0.2014    0.6724    0.4083  1.134E+11  1.0000   4.026  0.196E-05      2.23      0.00      0.00  0.0000   0.000   0.000  0.0000  0.726E+00  0.258E+00  0.218E-02  0.484E-04  0.662E-03  0.558E-02  0.221E-05  0.125E-04  0.184E-02  0.148E-03  0.000E+00
  1.030  0.014000  0.400    1.030    0.3726    3.7467    3.7467    3.8185    3.9919    0.2102    0.6780    0.4127  1.146E+11  1.0000   4.018  0.196E-05      2.26      0.00      0.00  0.0000   0.000   0.000  0.0000  0.726E+00  0.258E+00  0.218E-02  0.485E-04  0.663E-03  0.558E-02  0.221E-05  0.125E-04  0.184E-02  0.148E-03  0.000E+00
  1.031  0.014000  0.400    1.031    0.3763    3.7453    3.7453    3.8091    3.9839    0.2205    0.6844    0.4176  1.158E+11  1.0000   4.009  0.196E-05      2.29      0.00      0.00  0.0000   0.000   0.000  0.0000  0.726E+00  0.258E+00  0.218E-02  0.487E-04  0.663E-03  0.558E-02  0.221E-05  0.125E-04  0.184E-02  0.148E-03  0.000E+00
  1.032  0.014000  0.400    1.032    0.3799    3.7439    3.7439    3.8002    3.9765    0.2316    0.6912    0.4230  1.170E+11  1.0000   4.000  0.197E-05      2.32      0.00      0.00  0.0000   0.000   0.000  0.0000  0.726E+00  0.259E+00  0.218E-02  0.489E-04  0.664E-03  0.558E-02  0.221E-05  0.125E-04  0.184E-02  0.148E-03  0.000E+00
  1.033  0.014000  0.400    1.033    0.3833    3.7423    3.7423    3.7918    3.9698    0.2439    0.6986    0.4288  1.183E+11  1.0000   3.991  0.198E-05      2.36      0.00      0.00  0.0000   0.000   0.000  0.0000  0.726E+00  0.259E+00  0.218E-02  0.491E-04  0.664E-03  0.558E-02  0.221E-05  0.125E-04  0.184E-02  0.148E-03  0.000E+00
  1.034  0.014000  0.400    1.034    0.3863    3.7407    3.7407    3.7843    3.9641    0.2573    0.7066    0.4351  1.196E+11  1.0000   3.982  0.199E-05      2.40      0.00      0.00  0.0000   0.000   0.000  0.0000  0.726E+00  0.259E+00  0.218E-02  0.493E-04  0.665E-03  0.558E-02  0.221E-05  0.125E-04  0.184E-02  0.148E-03  0.000E+00
  1.034  0.014000  0.400    1.034    0.3876    3.7397    3.7397    3.7811    3.9620    0.2650    0.7114    0.4388  1.204E+11  1.0000   3.977  0.200E-05      2.43      0.00      0.00  0.0000   0.000   0.000  0.0000  0.726E+00  0.259E+00  0.218E-02  0.494E-04  0.665E-03  0.558E-02  0.221E-05  0.125E-04  0.184E-02  0.148E-03  0.000E+00
  1.035  0.014000  0.400    1.035    0.3886    3.7386    3.7386    3.7785    3.9606    0.2737    0.7172    0.4434  1.211E+11  1.0000   3.972  0.200E-05      2.45      0.00      0.00  0.0000   0.000   0.000  0.0000  0.726E+00  0.259E+00  0.218E-02  0.496E-04  0.665E-03  0.558E-02  0.221E-05  0.125E-04  0.184E-02  0.148E-03  0.000E+00
  1.035  0.014000  0.400    1.035    0.3896    3.7376    3.7376    3.7759    3.9592    0.2824    0.7230    0.4479  1.218E+11  1.0000   3.966  0.201E-05      2.48      0.00      0.00  0.0000   0.000   0.000  0.0000  0.726E+00  0.259E+00  0.218E-02  0.497E-04  0.666E-03  0.558E-02  0.221E-05  0.125E-04  0.184E-02  0.148E-03  0.000E+00
  1.036  0.014000  0.400    1.036    0.3904    3.7363    3.7363    3.7739    3.9586    0.2923    0.7294    0.4530  1.226E+11  1.0000   3.961  0.202E-05      2.51      0.00      0.00  0.0000   0.000   0.000  0.0000  0.726E+00  0.259E+00  0.218E-02  0.498E-04  0.666E-03  0.558E-02  0.221E-05  0.125E-04  0.184E-02  0.148E-03  0.000E+00
  1.036  0.014000  0.400    1.036    0.3911    3.7351    3.7351    3.7721    3.9582    0.3026    0.7360    0.4582  1.234E+11  1.0000   3.956  0.203E-05      2.53      0.00      0.00  0.0000   0.000   0.000  0.0000  0.726E+00  0.259E+00  0.218E-02  0.500E-04  0.666E-03  0.558E-02  0.221E-05  0.125E-04  0.184E-02  0.148E-03  0.000E+00
  1.037  0.014000  0.400    1.037    0.3915    3.7338    3.7338    3.7712    3.9588    0.3139    0.7431    0.4638  1.243E+11  1.0000   3.950  0.204E-05      2.56      0.00      0.00  0.0000   0.000   0.000  0.0000  0.725E+00  0.259E+00  0.218E-02  0.501E-04  0.667E-03  0.558E-02  0.221E-05  0.125E-04  0.184E-02  0.148E-03  0.000E+00
  1.037  0.014000  0.400    1.037    0.3916    3.7323    3.7323    3.7709    3.9603    0.3263    0.7508    0.4699  1.251E+11  1.0000   3.944  0.205E-05      2.60      0.00      0.00  0.0000   0.000   0.000  0.0000  0.725E+00  0.259E+00  0.218E-02  0.503E-04  0.667E-03  0.559E-02  0.221E-05  0.125E-04  0.184E-02  0.148E-03  0.000E+00
  1.037  0.014000  0.400    1.037    0.3917    3.7308    3.7308    3.7708    3.9617    0.3389    0.7584    0.4759  1.260E+11  1.0000   3.938  0.206E-05      2.63      0.00      0.00  0.0000   0.000   0.000  0.0000  0.725E+00  0.259E+00  0.218E-02  0.505E-04  0.668E-03  0.559E-02  0.221E-05  0.125E-04  0.184E-02  0.148E-03  0.000E+00
  1.038  0.014000  0.400    1.038    0.3912    3.7290    3.7290    3.7719    3.9649    0.3541    0.7674    0.4832  1.269E+11  1.0000   3.932  0.207E-05      2.66      0.00      0.00  0.0000   0.000   0.000  0.0000  0.725E+00  0.259E+00  0.218E-02  0.508E-04  0.668E-03  0.559E-02  0.221E-05  0.125E-04  0.184E-02  0.148E-03  0.000E+00
  1.038  0.014000  0.400    1.038    0.3907    3.7273    3.7273    3.7732    3.9681    0.3698    0.7765    0.4905  1.279E+11  1.0000   3.926  0.208E-05      2.69      0.00      0.00  0.0000   0.000   0.000  0.0000  0.725E+00  0.260E+00  0.218E-02  0.510E-04  0.669E-03  0.559E-02  0.221E-05  0.125E-04  0.184E-02  0.148E-03  0.000E+00
  1.039  0.014000  0.400    1.039    0.3899    3.7253    3.7253    3.7753    3.9721    0.3874    0.7863    0.4985  1.290E+11  1.0000   3.919  0.209E-05      2.72      0.00      0.00  0.0000   0.000   0.000  0.0000  0.725E+00  0.260E+00  0.218E-02  0.514E-04  0.670E-03  0.559E-02  0.221E-05  0.125E-04  0.184E-02  0.148E-03  0.000E+00
  1.039  0.014000  0.400    1.039    0.3893    3.7242    3.7242    3.7767    3.9747    0.3973    0.7918    0.5030  1.295E+11  1.0000   3.915  0.209E-05      2.73      0.00      0.00  0.0000   0.000   0.000  0.0000  0.725E+00  0.260E+00  0.218E-02  0.515E-04  0.671E-03  0.559E-02  0.221E-05  0.125E-04  0.184E-02  0.148E-03  0.000E+00
  1.039  0.014000  0.400    1.039    0.3887    3.7231    3.7231    3.7782    3.9777    0.4075    0.7973    0.5075  1.301E+11  1.0000   3.911  0.209E-05      2.75      0.00      0.00  0.0000   0.000   0.000  0.0000  0.725E+00  0.260E+00  0.218E-02  0.517E-04  0.671E-03  0.559E-02  0.221E-05  0.125E-04  0.184E-02  0.149E-03  0.000E+00
  1.040  0.014000  0.400    1.040    0.3881    3.7220    3.7220    3.7797    3.9808    0.4180    0.8028    0.5121  1.307E+11  1.0000   3.907  0.209E-05      2.76      0.00      0.00  0.0000   0.000   0.000  0.0000  0.725E+00  0.260E+00  0.218E-02  0.519E-04  0.672E-03  0.559E-02  0.221E-05  0.125E-04  0.184E-02  0.149E-03  0.000E+00
  1.040  0.014000  0.400    1.040    0.3875    3.7209    3.7209    3.7812    3.9840    0.4286    0.8083    0.5166  1.313E+11  1.0000   3.904  0.209E-05      2.77      0.00      0.00  0.0000   0.000   0.000  0.0000  0.725E+00  0.260E+00  0.218E-02  0.521E-04  0.672E-03  0.559E-02  0.221E-05  0.125E-04  0.184E-02  0.149E-03  0.000E+00
  1.040  0.014000  0.400    1.040    0.3869    3.7197    3.7197    3.7828    3.9873    0.4399    0.8140    0.5215  1.319E+11  1.0000   3.900  0.209E-05      2.78      0.00      0.00  0.0000   0.000   0.000  0.0000  0.724E+00  0.260E+00  0.218E-02  0.524E-04  0.673E-03  0.559E-02  0.221E-05  0.125E-04  0.184E-02  0.149E-03  0.000E+00
  1.040  0.014000  0.400    1.040    0.3862    3.7185    3.7185    3.7846    3.9908    0.4521    0.8200    0.5266  1.325E+11  1.0000   3.896  0.209E-05      2.79      0.00      0.00  0.0000   0.000   0.000  0.0000  0.724E+00  0.260E+00  0.218E-02  0.527E-04  0.674E-03  0.559E-02  0.221E-05  0.125E-04  0.184E-02  0.149E-03  0.000E+00
  1.040  0.014000  0.400    1.040    0.3855    3.7172    3.7172    3.7863    3.9943    0.4645    0.8261    0.5317  1.332E+11  1.0000   3.891  0.208E-05      2.80      0.00      0.00  0.0000   0.000   0.000  0.0000  0.724E+00  0.260E+00  0.218E-02  0.530E-04  0.675E-03  0.559E-02  0.221E-05  0.125E-04  0.184E-02  0.149E-03  0.000E+00
  1.041  0.014000  0.400    1.041    0.3848    3.7160    3.7160    3.7881    3.9979    0.4770    0.8321    0.5369  1.338E+11  1.0000   3.887  0.208E-05      2.80      0.00      0.00  0.0000   0.000   0.000  0.0000  0.724E+00  0.260E+00  0.218E-02  0.533E-04  0.675E-03  0.559E-02  0.221E-05  0.125E-04  0.184E-02  0.149E-03  0.000E+00
  1.041  0.014000  0.400    1.041    0.3840    3.7147    3.7147    3.7899    4.0015    0.4898    0.8381    0.5421  1.345E+11  1.0000   3.883  0.207E-05      2.81      0.00      0.00  0.0000   0.000   0.000  0.0000  0.724E+00  0.261E+00  0.217E-02  0.537E-04  0.676E-03  0.559E-02  0.221E-05  0.125E-04  0.184E-02  0.149E-03  0.000E+00
  1.041  0.014000  0.400    1.041    0.3839    3.7134    3.7134    3.7903    4.0035    0.5033    0.8443    0.5475  1.353E+11  1.0000   3.878  0.206E-05      2.80      0.00      0.00  0.0000   0.000   0.000  0.0000  0.724E+00  0.261E+00  0.217E-02  0.541E-04  0.678E-03  0.560E-02  0.222E-05  0.125E-04  0.184E-02  0.149E-03  0.000E+00
  1.041  0.014000  0.400    1.041    0.3838    3.7121    3.7121    3.7906    4.0056    0.5170    0.8505    0.5529  1.360E+11  1.0000   3.873  0.205E-05      2.80      0.00      0.00  0.0000   0.000   0.000  0.0000  0.724E+00  0.261E+00  0.217E-02  0.545E-04  0.679E-03  0.560E-02  0.222E-05  0.125E-04  0.184E-02  0.149E-03  0.000E+00
  1.042  0.014000  0.400    1.042    0.3836    3.7109    3.7109    3.7910    4.0076    0.5309    0.8566    0.5584  1.368E+11  1.0000   3.868  0.204E-05      2.80      0.00      0.00  0.0000   0.000   0.000  0.0000  0.723E+00  0.261E+00  0.217E-02  0.549E-04  0.680E-03  0.560E-02  0.222E-05  0.125E-04  0.184E-02  0.149E-03  0.000E+00
  1.042  0.014000  0.400    1.042    0.3835    3.7096    3.7096    3.7914    4.0096    0.5450    0.8628    0.5640  1.376E+11  1.0000   3.863  0.203E-05      2.80      0.00      0.00  0.0000   0.000   0.000  0.0000  0.723E+00  0.261E+00  0.217E-02  0.554E-04  0.682E-03  0.560E-02  0.222E-05  0.125E-04  0.184E-02  0.149E-03  0.000E+00
  1.042  0.014000  0.400    1.042    0.3833    3.7083    3.7083    3.7917    4.0117    0.5593    0.8689    0.5695  1.384E+11  1.0000   3.859  0.202E-05      2.79      0.00      0.00  0.0000   0.000   0.000  0.0000  0.723E+00  0.261E+00  0.217E-02  0.558E-04  0.683E-03  0.560E-02  0.222E-05  0.125E-04  0.184E-02  0.149E-03  0.000E+00
  1.042  0.014000  0.400    1.042    0.3840    3.7069    3.7069    3.7900    4.0115    0.5746    0.8752    0.5754  1.394E+11  1.0000   3.853  0.201E-05      2.78      0.00      0.00  0.0000   0.000   0.000  0.0000  0.723E+00  0.262E+00  0.217E-02  0.563E-04  0.685E-03  0.560E-02  0.222E-05  0.125E-04  0.184E-02  0.149E-03  0.000E+00
  1.043  0.014000  0.400    1.043    0.3847    3.7056    3.7056    3.7882    4.0118    0.5906    0.8818    0.5814  1.404E+11  1.0000   3.847  0.199E-05      2.77      0.00      0.00  0.0000   0.000   0.000  0.0000  0.723E+00  0.262E+00  0.217E-02  0.569E-04  0.687E-03  0.560E-02  0.222E-05  0.125E-04  0.184E-02  0.149E-03  0.000E+00
  1.043  0.014000  0.400    1.043    0.3854    3.7043    3.7043    3.7864    4.0151    0.6052    0.8887    0.5874  1.413E+11  1.0000   3.841  0.197E-05      2.76      0.00      0.00  0.0000   0.000   0.000  0.0000  0.723E+00  0.262E+00  0.216E-02  0.574E-04  0.689E-03  0.560E-02  0.222E-05  0.125E-04  0.184E-02  0.149E-03  0.000E+00
  1.043  0.014000  0.400    1.043    0.3862    3.7029    3.7029    3.7845    4.0198    0.6168    0.8953    0.5928  1.423E+11  1.0000   3.835  0.195E-05      2.75      0.00      0.00  0.0000   0.000   0.000  0.0000  0.722E+00  0.262E+00  0.216E-02  0.579E-04  0.691E-03  0.560E-02  0.222E-05  0.125E-04  0.184E-02  0.149E-03  0.000E+00
  1.043  0.014000  0.400    1.043    0.3880    3.7017    3.7017    3.7801    4.0217    0.6278    0.9016    0.5979  1.435E+11  1.0000   3.828  0.192E-05      2.73      0.00      0.00  0.0000   0.000   0.000  0.0000  0.722E+00  0.262E+00  0.216E-02  0.586E-04  0.693E-03  0.560E-02  0.222E-05  0.125E-04  0.184E-02  0.149E-03  0.000E+00
  1.044  0.014000  0.400    1.044    0.3897    3.7004    3.7004    3.7757    4.0236    0.6388    0.9079    0.6029  1.446E+11  1.0000   3.821  0.190E-05      2.71      0.00      0.00  0.0000   0.000   0.000  0.0000  0.722E+00  0.263E+00  0.216E-02  0.593E-04  0.696E-03  0.560E-02  0.222E-05  0.125E-04  0.184E-02  0.149E-03  0.000E+00
  1.044  0.014000  0.400    1.044    0.3916    3.6992    3.6992    3.7710    4.0250    0.6496    0.9141    0.6079  1.457E+11  1.0000   3.815  0.187E-05      2.70      0.00      0.00  0.0000   0.000   0.000  0.0000  0.722E+00  0.263E+00  0.216E-02  0.599E-04  0.699E-03  0.561E-02  0.222E-05  0.125E-04  0.185E-02  0.149E-03  0.000E+00
  1.044  0.014000  0.400    1.044    0.3945    3.6981    3.6981    3.7637    4.0232    0.6592    0.9196    0.6123  1.470E+11  1.0000   3.807  0.184E-05      2.67      0.00      0.00  0.0000   0.000   0.000  0.0000  0.721E+00  0.263E+00  0.215E-02  0.607E-04  0.702E-03  0.561E-02  0.222E-05  0.125E-04  0.185E-02  0.149E-03  0.000E+00
  1.044  0.014000  0.400    1.044    0.3975    3.6970    3.6970    3.7564    4.0210    0.6718    0.9250    0.6167  1.482E+11  1.0000   3.800  0.181E-05      2.64      0.00      0.00  0.0000   0.000   0.000  0.0000  0.721E+00  0.263E+00  0.215E-02  0.615E-04  0.706E-03  0.561E-02  0.223E-05  0.125E-04  0.185E-02  0.149E-03  0.000E+00
  1.044  0.014000  0.400    1.044    0.4004    3.6959    3.6959    3.7490    4.0187    0.6846    0.9305    0.6212  1.495E+11  1.0000   3.793  0.179E-05      2.61      0.00      0.00  0.0000 -23.091   0.000  0.0000  0.721E+00  0.264E+00  0.215E-02  0.622E-04  0.710E-03  0.561E-02  0.223E-05  0.125E-04  0.185E-02  0.149E-03  0.000E+00
  1.045  0.014000  0.400    1.045    0.4087    3.6940    3.6940    3.7283    4.0065    0.7065    0.9399    0.6287  1.522E+11  1.0000   3.777  0.172E-05      2.55      0.00      0.00  0.0000 -22.729   0.000  0.0000  0.720E+00  0.264E+00  0.214E-02  0.639E-04  0.718E-03  0.561E-02  0.223E-05  0.125E-04  0.185E-02  0.149E-03  0.000E+00
  1.045  0.014000  0.400    1.045    0.4176    3.6922    3.6922    3.7061    3.9926    0.7276    0.9490    0.6360  1.550E+11  1.0000   3.761  0.165E-05      2.48      0.00      0.00  0.0000 -22.626   0.000  0.0000  0.719E+00  0.265E+00  0.213E-02  0.656E-04  0.728E-03  0.561E-02  0.223E-05  0.125E-04  0.185E-02  0.149E-03  0.000E+00
  1.046  0.014000  0.400    1.046    0.4281    3.6906    3.6906    3.6797    3.9735    0.7461    0.9569    0.6424  1.581E+11  1.0000   3.745  0.157E-05      2.42      0.00      0.00  0.0000 -22.525   0.000  0.0000  0.719E+00  0.266E+00  0.212E-02  0.674E-04  0.738E-03  0.562E-02  0.224E-05  0.125E-04  0.185E-02  0.149E-03  0.000E+00
  1.046  0.014000  0.400    1.046    0.4406    3.6892    3.6892    3.6485    3.9487    0.7626    0.9640    0.6480  1.614E+11  1.0000   3.727  0.149E-05      2.35      0.00      0.00  0.0000 -16.949   0.000  0.0000  0.718E+00  0.266E+00  0.211E-02  0.693E-04  0.751E-03  0.562E-02  0.225E-05  0.124E-04  0.185E-02  0.149E-03  0.000E+00
  1.047  0.014000  0.400    1.047    0.4536    3.6878    3.6878    3.6160    3.9226    0.7785    0.9708    0.6535  1.649E+11  1.0000   3.708  0.142E-05      2.29      0.00      0.00  0.0000 -11.892   0.000  0.0000  0.717E+00  0.267E+00  0.210E-02  0.713E-04  0.764E-03  0.562E-02  0.225E-05  0.124E-04  0.185E-02  0.149E-03  0.000E+00
  1.047  0.014000  0.400    1.047    0.4684    3.6867    3.6867    3.5791    3.8911    0.7923    0.9767    0.6583  1.686E+11  1.0000   3.689  0.134E-05      2.22      0.00      0.00  0.0000 -11.868   0.000  0.0000  0.716E+00  0.268E+00  0.208E-02  0.733E-04  0.780E-03  0.562E-02  0.226E-05  0.124E-04  0.185E-02  0.149E-03  0.000E+00
  1.048  0.014000  0.400    1.048    0.4844    3.6856    3.6856    3.5391    3.8558    0.8046    0.9820    0.6625  1.726E+11  1.0000   3.669  0.127E-05      2.16      0.00      0.00  0.0000 -11.842   0.000  0.0000  0.715E+00  0.269E+00  0.207E-02  0.754E-04  0.798E-03  0.562E-02  0.227E-05  0.124E-04  0.185E-02  0.149E-03  0.000E+00
  1.049  0.014000  0.400    1.048    0.5191    3.6837    3.6837    3.4522    3.7775    0.8263    0.9913    0.6700  1.812E+11  1.0000   3.627  0.113E-05      2.04      0.00      0.00  0.0000 -11.787   0.000  0.0000  0.713E+00  0.272E+00  0.203E-02  0.798E-04  0.843E-03  0.563E-02  0.231E-05  0.123E-04  0.185E-02  0.149E-03  0.000E+00
  1.050  0.014000  0.400    1.049    0.5586    3.6825    3.6825    3.3535    3.6847    0.8413    0.9977    0.6752  1.908E+11  1.0000   3.583  0.101E-05      1.92      0.00      0.00  0.0000 -11.725   0.000  0.0000  0.710E+00  0.274E+00  0.198E-02  0.837E-04  0.896E-03  0.563E-02  0.236E-05  0.121E-04  0.185E-02  0.150E-03  0.000E+00
  1.051  0.014000  0.400    1.050    0.6027    3.6811    3.6811    3.2431    3.5807    0.8575    1.0047    0.6807  2.020E+11  1.0000   3.534  0.906E-06      1.81      0.00      0.00  0.0000 -11.656   0.000  0.0000  0.707E+00  0.277E+00  0.193E-02  0.866E-04  0.954E-03  0.564E-02  0.244E-05  0.120E-04  0.185E-02  0.150E-03  0.000E+00
  1.051  0.014000  0.400    1.051    0.6522    3.6800    3.6800    3.1195    3.4621    0.8703    1.0101    0.6851  2.149E+11  1.0000   3.480  0.801E-06      1.70      0.00      0.00  0.0000 -11.580   0.000  0.0000  0.704E+00  0.281E+00  0.188E-02  0.884E-04  0.102E-02  0.564E-02  0.258E-05  0.118E-04  0.186E-02  0.150E-03  0.000E+00
  1.052  0.014000  0.400    1.052    0.7073    3.6786    3.6786    2.9818    3.3305    0.8858    1.0168    0.6905  2.304E+11  1.0000   3.420  0.698E-06      1.59      0.00      0.00  0.0000 -11.495   0.000  0.0000  0.700E+00  0.284E+00  0.182E-02  0.889E-04  0.109E-02  0.565E-02  0.277E-05  0.116E-04  0.186E-02  0.150E-03  0.000E+00
  1.053  0.014000  0.400    1.053    0.7715    3.6769    3.6769    2.8211    3.1777    0.9058    1.0253    0.6974  2.500E+11  1.0000   3.349  0.597E-06      1.47      0.00      0.00  0.0000 -11.396   0.000  0.0000  0.697E+00  0.288E+00  0.177E-02  0.885E-04  0.115E-02  0.565E-02  0.304E-05  0.114E-04  0.186E-02  0.150E-03  0.000E+00
  1.054  0.014000  0.400    1.053    0.8458    3.6750    3.6750    2.6356    3.0011    0.9287    1.0351    0.7053  2.748E+11  1.0000   3.268  0.474E-06      1.35      0.00      0.00  0.0000 -11.281   0.000  0.0000  0.694E+00  0.291E+00  0.173E-02  0.875E-04  0.120E-02  0.565E-02  0.336E-05  0.112E-04  0.186E-02  0.150E-03  0.000E+00
  1.055  0.014000  0.400    1.054    0.8872    3.6736    3.6736    2.5319    2.9037    0.9432    1.0418    0.7106  2.900E+11  1.0000   3.221  0.419E-06      1.29      0.00      0.00  0.0000 -11.215   0.000  0.0000  0.693E+00  0.292E+00  0.171E-02  0.870E-04  0.122E-02  0.566E-02  0.354E-05  0.111E-04  0.186E-02  0.150E-03  0.000E+00
  1.055  0.014000  0.400    1.054    0.9319    3.6721    3.6721    2.4202    2.7996    0.9573    1.0494    0.7168  3.075E+11  1.0000   3.170  0.395E-06      1.22      0.00      0.00  0.0000 -11.145   0.000  0.0000  0.691E+00  0.293E+00  0.170E-02  0.865E-04  0.124E-02  0.566E-02  0.373E-05  0.110E-04  0.186E-02  0.150E-03  0.000E+00
  1.055  0.014000  0.400    1.054    0.9600    3.6711    3.6711    2.3500    2.7346    0.9668    1.0546    0.7210  3.191E+11  1.0000   3.138  0.373E-06      1.18      0.00      0.00  0.0000 -11.100   0.000  0.0000  0.690E+00  0.294E+00  0.169E-02  0.860E-04  0.126E-02  0.566E-02  0.390E-05  0.109E-04  0.186E-02  0.150E-03  0.000E+00
  1.056  0.014000  0.400    1.054    0.9911    3.6699    3.6699    2.2723    2.6628    0.9777    1.0606    0.7258  3.326E+11  1.0000   3.102  0.346E-06      1.14      0.00      0.00  0.0000 -11.051   0.000  0.0000  0.689E+00  0.295E+00  0.167E-02  0.855E-04  0.127E-02  0.566E-02  0.411E-05  0.109E-04  0.186E-02  0.150E-03  0.000E+00
  1.056  0.014000  0.400    1.055    1.0222    3.6687    3.6687    2.1945    2.5910    0.9886    1.0665    0.7306  3.466E+11  1.0000   3.067  0.318E-06      1.09      0.00      0.00  0.0000 -11.002   0.000  0.0000  0.688E+00  0.297E+00  0.166E-02  0.850E-04  0.129E-02  0.566E-02  0.433E-05  0.108E-04  0.186E-02  0.150E-03  0.000E+00
  1.056  0.014000  0.400    1.055    1.0617    3.6672    3.6672    2.0958    2.5000    1.0028    1.0742    0.7368  3.653E+11  1.0000   3.021  0.287E-06      1.04      0.00      0.00  0.0000 -10.942   0.000  0.0000  0.687E+00  0.298E+00  0.165E-02  0.843E-04  0.131E-02  0.566E-02  0.473E-05  0.107E-04  0.186E-02  0.150E-03  0.000E+00
