  0.800  0.014000  0.000    0.800   -0.5742    3.6877    3.6877    6.1854    6.5743    0.4914    0.9564    0.5972  5.053E+10  1.0000   4.619  0.000E+00      0.00      0.00      0.00  0.0000   0.000   0.000  0.0000  0.728E+00  0.258E+00  0.223E-02  0.270E-04  0.645E-03  0.560E-02  0.222E-05  0.126E-04  0.184E-02  0.149E-03  0.000E+00
  0.804  0.014000  0.000    0.804   -0.5642    3.6892    3.6892    6.1606    6.5443    0.4839    0.9489    0.5924  5.076E+10  1.0000   4.617  0.000E+00      0.00      0.00      0.00  0.0000   0.000   0.000  0.0000  0.728E+00  0.258E+00  0.223E-02  0.270E-04  0.645E-03  0.560E-02  0.222E-05  0.126E-04  0.184E-02  0.149E-03  0.000E+00
  0.807  0.014000  0.000    0.807   -0.5543    3.6907    3.6907    6.1358    6.5144    0.4763    0.9413    0.5876  5.099E+10  1.0000   4.615  0.000E+00      0.00      0.00      0.00  0.0000   0.000   0.000  0.0000  0.728E+00  0.258E+00  0.223E-02  0.270E-04  0.645E-03  0.560E-02  0.222E-05  0.126E-04  0.184E-02  0.149E-03  0.000E+00
  0.811  0.014000  0.000    0.811   -0.5445    3.6922    3.6922    6.1112    6.4845    0.4688    0.9338    0.5828  5.121E+10  1.0000   4.613  0.000E+00      0.00      0.00      0.00  0.0000   0.000   0.000  0.0000  0.728E+00  0.258E+00  0.223E-02  0.270E-04  0.645E-03  0.560E-02  0.222E-05  0.126E-04  0.184E-02  0.149E-03  0.000E+00
  0.815  0.014000  0.000    0.815   -0.5346    3.6937    3.6937    6.0866    6.4548    0.4613    0.9263    0.5780  5.144E+10  1.0000   4.612  0.000E+00      0.00      0.00      0.00  0.0000   0.000   0.000  0.0000  0.728E+00  0.258E+00  0.223E-02  0.270E-04  0.644E-03  0.560E-02  0.221E-05  0.126E-04  0.184E-02  0.149E-03  0.000E+00
  0.819  0.014000  0.000    0.819   -0.5248    3.6952    3.6952    6.0621    6.4253    0.4539    0.9189    0.5733  5.167E+10  1.0000   4.610  0.000E+00      0.00      0.00      0.00  0.0000   0.000   0.000  0.0000  0.728E+00  0.258E+00  0.223E-02  0.270E-04  0.644E-03  0.560E-02  0.221E-05  0.126E-04  0.184E-02  0.148E-03  0.000E+00
  0.822  0.014000  0.000    0.822   -0.5151    3.6967    3.6967    6.0377    6.3958    0.4464    0.9114    0.5686  5.190E+10  1.0000   4.608  0.000E+00      0.00      0.00      0.00  0.0000   0.000   0.000  0.0000  0.728E+00  0.258E+00  0.223E-02  0.270E-04  0.644E-03  0.560E-02  0.221E-05  0.126E-04  0.184E-02  0.148E-03  0.000E+00
  0.826  0.014000  0.000    0.826   -0.5054    3.6982    3.6982    6.0134    6.3664    0.4391    0.9041    0.5639  5.212E+10  1.0000   4.606  0.000E+00      0.00      0.00      0.00  0.0000   0.000   0.000  0.0000  0.728E+00  0.258E+00  0.223E-02  0.270E-04  0.644E-03  0.560E-02  0.221E-05  0.126E-04  0.184E-02  0.148E-03  0.000E+00
  0.830  0.014000  0.000    0.830   -0.4957    3.6997    3.6997    5.9892    6.3372    0.4317    0.8968    0.5593  5.235E+10  1.0000   4.604  0.000E+00      0.00      0.00      0.00  0.0000   0.000   0.000  0.0000  0.729E+00  0.258E+00  0.223E-02  0.270E-04  0.644E-03  0.559E-02  0.221E-05  0.126E-04  0.184E-02  0.148E-03  0.000E+00
  0.834  0.014000  0.000    0.834   -0.4860    3.7011    3.7011    5.9651    6.3080    0.4244    0.8899    0.5548  5.258E+10  1.0000   4.602  0.000E+00      0.00      0.00      0.00  0.0000   0.000   0.000  0.0000  0.729E+00  0.258E+00  0.223E-02  0.270E-04  0.644E-03  0.559E-02  0.221E-05  0.126E-04  0.184E-02  0.148E-03  0.000E+00
  0.837  0.014000  0.000    0.837   -0.4764    3.7026    3.7026    5.9410    6.2790    0.4171    0.8829    0.5503  5.281E+10  1.0000   4.600  0.000E+00      0.00      0.00      0.00  0.0000   0.000   0.000  0.0000  0.729E+00  0.257E+00  0.223E-02  0.270E-04  0.644E-03  0.559E-02  0.221E-05  0.126E-04  0.184E-02  0.148E-03  0.000E+00
  0.841  0.014000  0.000    0.841   -0.4668    3.7040    3.7040    5.9170    6.2500    0.4098    0.8760    0.5459  5.304E+10  1.0000   4.599  0.000E+00      0.00      0.00      0.00  0.0000   0.000   0.000  0.0000  0.729E+00  0.257E+00  0.223E-02  0.270E-04  0.643E-03  0.559E-02  0.221E-05  0.126E-04  0.184E-02  0.148E-03  0.000E+00
  0.845  0.014000  0.000    0.845   -0.4573    3.7055    3.7055    5.8932    6.2212    0.4025    0.8691    0.5414  5.327E+10  1.0000   4.597  0.000E+00      0.00      0.00      0.00  0.0000   0.000   0.000  0.0000  0.729E+00  0.257E+00  0.223E-02  0.269E-04  0.643E-03  0.559E-02  0.221E-05  0.126E-04  0.184E-02  0.148E-03  0.000E+00
  0.848  0.014000  0.000    0.848   -0.4477    3.7069    3.7069    5.8694    6.1925    0.3953    0.8622    0.5370  5.350E+10  1.0000   4.595  0.000E+00      0.00      0.00      0.00  0.0000   0.000   0.000  0.0000  0.729E+00  0.257E+00  0.223E-02  0.269E-04  0.643E-03  0.559E-02  0.221E-05  0.126E-04  0.184E-02  0.148E-03  0.000E+00
  0.852  0.014000  0.000    0.852   -0.4383    3.7084    3.7084    5.8457    6.1638    0.3881    0.8553    0.5326  5.373E+10  1.0000   4.593  0.000E+00      0.00      0.00      0.00  0.0000   0.000   0.000  0.0000  0.729E+00  0.257E+00  0.223E-02  0.269E-04  0.643E-03  0.559E-02  0.221E-05  0.126E-04  0.184E-02  0.148E-03  0.000E+00
  0.856  0.014000  0.000    0.856   -0.4288    3.7098    3.7098    5.8220    6.1353    0.3809    0.8485    0.5281  5.396E+10  1.0000   4.591  0.000E+00      0.00      0.00      0.00  0.0000   0.000   0.000  0.0000  0.729E+00  0.257E+00  0.222E-02  0.269E-04  0.643E-03  0.559E-02  0.221E-05  0.126E-04  0.184E-02  0.148E-03  0.000E+00
  0.860  0.014000  0.000    0.860   -0.4194    3.7112    3.7112    5.7985    6.1068    0.3738    0.8417    0.5237  5.419E+10  1.0000   4.590  0.000E+00      0.00      0.00      0.00  0.0000   0.000   0.000  0.0000  0.729E+00  0.257E+00  0.222E-02  0.269E-04  0.643E-03  0.558E-02  0.221E-05  0.126E-04  0.184E-02  0.148E-03  0.000E+00
  0.863  0.014000  0.000    0.863   -0.4100    3.7127    3.7127    5.7750    6.0785    0.3667    0.8349    0.5193  5.442E+10  1.0000   4.588  0.000E+00      0.00      0.00      0.00  0.0000   0.000   0.000  0.0000  0.729E+00  0.257E+00  0.222E-02  0.269E-04  0.642E-03  0.558E-02  0.221E-05  0.125E-04  0.184E-02  0.148E-03  0.000E+00
  0.867  0.014000  0.000    0.867   -0.4006    3.7141    3.7141    5.7516    6.0502    0.3596    0.8282    0.5149  5.465E+10  1.0000   4.586  0.000E+00      0.00      0.00      0.00  0.0000   0.000   0.000  0.0000  0.729E+00  0.257E+00  0.222E-02  0.269E-04  0.642E-03  0.558E-02  0.221E-05  0.125E-04  0.184E-02  0.148E-03  0.000E+00
  0.871  0.014000  0.000    0.871   -0.3913    3.7155    3.7155    5.7282    6.0221    0.3525    0.8215    0.5105  5.489E+10  1.0000   4.584  0.000E+00      0.00      0.00      0.00  0.0000   0.000   0.000  0.0000  0.730E+00  0.257E+00  0.222E-02  0.269E-04  0.642E-03  0.558E-02  0.221E-05  0.125E-04  0.184E-02  0.148E-03  0.000E+00
  0.874  0.014000  0.000    0.874   -0.3820    3.7169    3.7169    5.7050    5.9940    0.3455    0.8148    0.5061  5.512E+10  1.0000   4.582  0.000E+00      0.00      0.00      0.00  0.0000   0.000   0.000  0.0000  0.730E+00  0.257E+00  0.222E-02  0.269E-04  0.642E-03  0.558E-02  0.221E-05  0.125E-04  0.184E-02  0.148E-03  0.000E+00
  0.878  0.014000  0.000    0.878   -0.3727    3.7183    3.7183    5.6818    5.9660    0.3385    0.8081    0.5016  5.535E+10  1.0000   4.580  0.000E+00      0.00      0.00      0.00  0.0000   0.000   0.000  0.0000  0.730E+00  0.257E+00  0.222E-02  0.269E-04  0.642E-03  0.558E-02  0.221E-05  0.125E-04  0.183E-02  0.148E-03  0.000E+00
  0.882  0.014000  0.000    0.882   -0.3635    3.7197    3.7197    5.6587    5.9381    0.3315    0.8014    0.4972  5.559E+10  1.0000   4.579  0.000E+00      0.00      0.00      0.00  0.0000   0.000   0.000  0.0000  0.730E+00  0.256E+00  0.222E-02  0.269E-04  0.642E-03  0.558E-02  0.221E-05  0.125E-04  0.183E-02  0.148E-03  0.000E+00
  0.886  0.014000  0.000    0.886   -0.3543    3.7211    3.7211    5.6356    5.9103    0.3246    0.7946    0.4926  5.582E+10  1.0000   4.577  0.000E+00      0.00      0.00      0.00  0.0000   0.000   0.000  0.0000  0.730E+00  0.256E+00  0.222E-02  0.269E-04  0.642E-03  0.558E-02  0.221E-05  0.125E-04  0.183E-02  0.148E-03  0.000E+00
  0.889  0.014000  0.000    0.889   -0.3451    3.7225    3.7225    5.6127    5.8826    0.3176    0.7876    0.4880  5.605E+10  1.0000   4.575  0.000E+00      0.00      0.00      0.00  0.0000   0.000   0.000  0.0000  0.730E+00  0.256E+00  0.222E-02  0.269E-04  0.641E-03  0.558E-02  0.220E-05  0.125E-04  0.183E-02  0.148E-03  0.000E+00
  0.893  0.014000  0.000    0.893   -0.3359    3.7239    3.7239    5.5898    5.8550    0.3107    0.7807    0.4834  5.629E+10  1.0000   4.573  0.000E+00      0.00      0.00      0.00  0.0000   0.000   0.000  0.0000  0.730E+00  0.256E+00  0.222E-02  0.268E-04  0.641E-03  0.557E-02  0.220E-05  0.125E-04  0.183E-02  0.148E-03  0.000E+00
  0.897  0.014000  0.000    0.897   -0.3268    3.7252    3.7252    5.5670    5.8275    0.3039    0.7739    0.4787  5.652E+10  1.0000   4.571  0.000E+00      0.00      0.00      0.00  0.0000   0.000   0.000  0.0000  0.730E+00  0.256E+00  0.222E-02  0.268E-04  0.641E-03  0.557E-02  0.220E-05  0.125E-04  0.183E-02  0.148E-03  0.000E+00
  0.901  0.014000  0.000    0.901   -0.3177    3.7266    3.7266    5.5442    5.8001    0.2971    0.7671    0.4742  5.677E+10  1.0000   4.569  0.000E+00      0.00      0.00      0.00  0.0000   0.000   0.000  0.0000  0.730E+00  0.256E+00  0.222E-02  0.268E-04  0.641E-03  0.557E-02  0.220E-05  0.125E-04  0.183E-02  0.148E-03  0.000E+00
  0.904  0.014000  0.000    0.904   -0.3086    3.7278    3.7278    5.5214    5.7731    0.2910    0.7610    0.4700  5.704E+10  1.0000   4.567  0.000E+00      0.00      0.00      0.00  0.0000   0.000   0.000  0.0000  0.730E+00  0.256E+00  0.222E-02  0.268E-04  0.641E-03  0.557E-02  0.220E-05  0.125E-04  0.183E-02  0.148E-03  0.000E+00
  0.908  0.014000  0.000    0.908   -0.2995    3.7290    3.7290    5.4986    5.7462    0.2849    0.7549    0.4658  5.732E+10  1.0000   4.564  0.000E+00      0.00      0.00      0.00  0.0000   0.000   0.000  0.0000  0.731E+00  0.256E+00  0.222E-02  0.268E-04  0.641E-03  0.557E-02  0.220E-05  0.125E-04  0.183E-02  0.148E-03  0.000E+00
  0.912  0.014000  0.000    0.912   -0.2904    3.7302    3.7302    5.4760    5.7194    0.2788    0.7488    0.4616  5.760E+10  1.0000   4.562  0.000E+00      0.00      0.00      0.00  0.0000   0.000   0.000  0.0000  0.731E+00  0.256E+00  0.222E-02  0.268E-04  0.640E-03  0.557E-02  0.220E-05  0.125E-04  0.183E-02  0.148E-03  0.000E+00
  0.915  0.014000  0.000    0.915   -0.2813    3.7314    3.7314    5.4533    5.6926    0.2728    0.7428    0.4575  5.788E+10  1.0000   4.560  0.000E+00      0.00      0.00      0.00  0.0000   0.000   0.000  0.0000  0.731E+00  0.255E+00  0.221E-02  0.268E-04  0.640E-03  0.556E-02  0.220E-05  0.125E-04  0.183E-02  0.148E-03  0.000E+00
  0.919  0.014000  0.000    0.919   -0.2723    3.7326    3.7326    5.4308    5.6660    0.2668    0.7368    0.4533  5.816E+10  1.0000   4.557  0.000E+00      0.00      0.00      0.00  0.0000   0.000   0.000  0.0000  0.731E+00  0.255E+00  0.221E-02  0.268E-04  0.640E-03  0.556E-02  0.220E-05  0.125E-04  0.183E-02  0.148E-03  0.000E+00
  0.923  0.014000  0.000    0.923   -0.2633    3.7338    3.7338    5.4083    5.6394    0.2608    0.7308    0.4491  5.844E+10  1.0000   4.555  0.000E+00      0.00      0.00      0.00  0.0000   0.000   0.000  0.0000  0.731E+00  0.255E+00  0.221E-02  0.268E-04  0.640E-03  0.556E-02  0.220E-05  0.125E-04  0.183E-02  0.147E-03  0.000E+00
  0.927  0.014000  0.000    0.927   -0.2544    3.7350    3.7350    5.3859    5.6129    0.2548    0.7248    0.4450  5.873E+10  1.0000   4.552  0.000E+00      0.00      0.00      0.00  0.0000   0.000   0.000  0.0000  0.731E+00  0.255E+00  0.221E-02  0.268E-04  0.639E-03  0.556E-02  0.220E-05  0.125E-04  0.183E-02  0.147E-03  0.000E+00
  0.930  0.014000  0.000    0.930   -0.2454    3.7362    3.7362    5.3635    5.5865    0.2489    0.7189    0.4408  5.901E+10  1.0000   4.550  0.000E+00      0.00      0.00      0.00  0.0000   0.000   0.000  0.0000  0.731E+00  0.255E+00  0.221E-02  0.267E-04  0.639E-03  0.556E-02  0.220E-05  0.125E-04  0.183E-02  0.147E-03  0.000E+00
  0.934  0.014000  0.000    0.934   -0.2365    3.7374    3.7374    5.3413    5.5601    0.2430    0.7130    0.4367  5.930E+10  1.0000   4.547  0.000E+00      0.00      0.00      0.00  0.0000   0.000   0.000  0.0000  0.731E+00  0.255E+00  0.221E-02  0.267E-04  0.639E-03  0.556E-02  0.220E-05  0.125E-04  0.183E-02  0.147E-03  0.000E+00
  0.938  0.014000  0.000    0.938   -0.2276    3.7386    3.7386    5.3190    5.5339    0.2371    0.7071    0.4325  5.958E+10  1.0000   4.545  0.000E+00      0.00      0.00      0.00  0.0000   0.000   0.000  0.0000  0.732E+00  0.255E+00  0.221E-02  0.267E-04  0.639E-03  0.555E-02  0.220E-05  0.125E-04  0.183E-02  0.147E-03  0.000E+00
  0.942  0.014000  0.000    0.942   -0.2187    3.7398    3.7398    5.2969    5.5077    0.2312    0.7012    0.4284  5.987E+10  1.0000   4.542  0.000E+00      0.00      0.00      0.00  0.0000   0.000   0.000  0.0000  0.732E+00  0.255E+00  0.221E-02  0.267E-04  0.639E-03  0.555E-02  0.219E-05  0.125E-04  0.183E-02  0.147E-03  0.000E+00
  0.949  0.014000  0.000    0.949   -0.2011    3.7421    3.7421    5.2527    5.4556    0.2196    0.6918    0.4216  6.045E+10  1.0000   4.538  0.000E+00      0.00      0.00      0.00  0.0000   0.000   0.000  0.0000  0.732E+00  0.254E+00  0.221E-02  0.267E-04  0.638E-03  0.555E-02  0.219E-05  0.125E-04  0.183E-02  0.147E-03  0.000E+00
  0.956  0.014000  0.000    0.956   -0.1835    3.7444    3.7444    5.2088    5.4038    0.2081    0.6827    0.4151  6.103E+10  1.0000   4.533  0.000E+00      0.00      0.00      0.00  0.0000   0.000   0.000  0.0000  0.732E+00  0.254E+00  0.221E-02  0.267E-04  0.638E-03  0.554E-02  0.219E-05  0.124E-04  0.182E-02  0.147E-03  0.000E+00
  0.964  0.014000  0.000    0.964   -0.1660    3.7467    3.7467    5.1651    5.3523    0.1967    0.6737    0.4085  6.162E+10  1.0000   4.528  0.000E+00      0.00      0.00      0.00  0.0000   0.000   0.000  0.0000  0.733E+00  0.254E+00  0.220E-02  0.266E-04  0.637E-03  0.554E-02  0.219E-05  0.124E-04  0.182E-02  0.147E-03  0.000E+00
  0.971  0.014000  0.000    0.971   -0.1487    3.7489    3.7489    5.1217    5.3011    0.1854    0.6648    0.4020  6.222E+10  1.0000   4.523  0.000E+00      0.00      0.00      0.00  0.0000   0.000   0.000  0.0000  0.733E+00  0.253E+00  0.220E-02  0.266E-04  0.637E-03  0.554E-02  0.219E-05  0.124E-04  0.182E-02  0.147E-03  0.000E+00
  0.979  0.014000  0.000    0.979   -0.1314    3.7512    3.7512    5.0784    5.2502    0.1742    0.6559    0.3955  6.282E+10  1.0000   4.518  0.000E+00      0.00      0.00      0.00  0.0000   0.000   0.000  0.0000  0.733E+00  0.253E+00  0.220E-02  0.266E-04  0.636E-03  0.553E-02  0.219E-05  0.124E-04  0.182E-02  0.147E-03  0.000E+00
  0.986  0.014000  0.000    0.986   -0.1141    3.7534    3.7534    5.0354    5.1996    0.1631    0.6472    0.3891  6.342E+10  1.0000   4.513  0.000E+00      0.00      0.00      0.00  0.0000   0.000   0.000  0.0000  0.733E+00  0.253E+00  0.220E-02  0.266E-04  0.636E-03  0.553E-02  0.218E-05  0.124E-04  0.182E-02  0.147E-03  0.000E+00
  0.994  0.014000  0.000    0.994   -0.0970    3.7556    3.7556    4.9925    5.1492    0.1521    0.6385    0.3826  6.403E+10  1.0000   4.507  0.000E+00      0.00      0.00      0.00  0.0000   0.000   0.000  0.0000  0.734E+00  0.253E+00  0.220E-02  0.265E-04  0.635E-03  0.552E-02  0.218E-05  0.124E-04  0.182E-02  0.147E-03  0.000E+00
  1.001  0.014000  0.000    1.001   -0.0799    3.7577    3.7577    4.9499    5.0992    0.1413    0.6300    0.3762  6.466E+10  1.0000   4.502  0.000E+00      0.00      0.00      0.00  0.0000   0.000   0.000  0.0000  0.734E+00  0.252E+00  0.219E-02  0.265E-04  0.635E-03  0.552E-02  0.218E-05  0.124E-04  0.182E-02  0.146E-03  0.000E+00
  1.009  0.014000  0.000    1.009   -0.0629    3.7597    3.7597    4.9072    5.0497    0.1314    0.6222    0.3704  6.535E+10  1.0000   4.496  0.000E+00      0.00      0.00      0.00  0.0000   0.000   0.000  0.0000  0.735E+00  0.251E+00  0.219E-02  0.265E-04  0.633E-03  0.551E-02  0.218E-05  0.124E-04  0.181E-02  0.146E-03  0.000E+00
  1.016  0.014000  0.000    1.016   -0.0459    3.7617    3.7617    4.8647    5.0006    0.1217    0.6145    0.3645  6.604E+10  1.0000   4.490  0.000E+00      0.00      0.00      0.00  0.0000   0.000   0.000  0.0000  0.736E+00  0.251E+00  0.219E-02  0.264E-04  0.632E-03  0.550E-02  0.217E-05  0.123E-04  0.181E-02  0.146E-03  0.000E+00
  1.023  0.014000  0.000    1.023   -0.0290    3.7636    3.7636    4.8224    4.9516    0.1120    0.6068    0.3587  6.674E+10  1.0000   4.484  0.000E+00      0.00      0.00      0.00  0.0000   0.000   0.000  0.0000  0.736E+00  0.250E+00  0.218E-02  0.263E-04  0.631E-03  0.549E-02  0.217E-05  0.123E-04  0.181E-02  0.146E-03  0.000E+00
  1.031  0.014000  0.000    1.031   -0.0121    3.7655    3.7655    4.7803    4.9029    0.1024    0.5992    0.3529  6.745E+10  1.0000   4.478  0.000E+00      0.00      0.00      0.00  0.0000   0.000   0.000  0.0000  0.737E+00  0.249E+00  0.218E-02  0.263E-04  0.630E-03  0.548E-02  0.216E-05  0.123E-04  0.181E-02  0.145E-03  0.000E+00
  1.038  0.014000  0.000    1.038    0.0047    3.7674    3.7674    4.7383    4.8545    0.0929    0.5917    0.3471  6.817E+10  1.0000   4.472  0.000E+00      0.00      0.00      0.00  0.0000   0.000   0.000  0.0000  0.738E+00  0.249E+00  0.217E-02  0.262E-04  0.629E-03  0.547E-02  0.216E-05  0.123E-04  0.180E-02  0.145E-03  0.000E+00
  1.046  0.014000  0.000    1.046    0.0214    3.7693    3.7693    4.6966    4.8063    0.0835    0.5843    0.3413  6.889E+10  1.0000   4.466  0.000E+00      0.00      0.00      0.00  0.0000   0.000   0.000  0.0000  0.739E+00  0.248E+00  0.217E-02  0.262E-04  0.627E-03  0.546E-02  0.216E-05  0.122E-04  0.180E-02  0.145E-03  0.000E+00
  1.053  0.014000  0.000    1.053    0.0380    3.7712    3.7712    4.6550    4.7584    0.0741    0.5770    0.3356  6.962E+10  1.0000   4.460  0.000E+00      0.00      0.00      0.00  0.0000   0.000   0.000  0.0000  0.740E+00  0.247E+00  0.216E-02  0.261E-04  0.626E-03  0.545E-02  0.215E-05  0.122E-04  0.180E-02  0.144E-03  0.000E+00
  1.061  0.014000  0.000    1.061    0.0546    3.7730    3.7730    4.6136    4.7106    0.0649    0.5697    0.3299  7.036E+10  1.0000   4.454  0.000E+00      0.00      0.00      0.00  0.0000   0.000   0.000  0.0000  0.740E+00  0.246E+00  0.216E-02  0.260E-04  0.625E-03  0.544E-02  0.215E-05  0.122E-04  0.179E-02  0.144E-03  0.000E+00
  1.068  0.014000  0.000    1.068    0.0711    3.7748    3.7748    4.5724    4.6632    0.0558    0.5625    0.3242  7.111E+10  1.0000   4.448  0.000E+00      0.00      0.00      0.00  0.0000   0.000   0.000  0.0000  0.741E+00  0.245E+00  0.215E-02  0.260E-04  0.623E-03  0.542E-02  0.214E-05  0.121E-04  0.179E-02  0.144E-03  0.000E+00
  1.076  0.014000  0.000    1.076    0.0875    3.7767    3.7767    4.5312    4.6158    0.0467    0.5553    0.3185  7.187E+10  1.0000   4.442  0.000E+00      0.00      0.00      0.00  0.0000   0.000   0.000  0.0000  0.742E+00  0.244E+00  0.215E-02  0.259E-04  0.622E-03  0.541E-02  0.214E-05  0.121E-04  0.179E-02  0.144E-03  0.000E+00
  1.083  0.014000  0.000    1.083    0.1039    3.7784    3.7784    4.4903    4.5693    0.0393    0.5484    0.3130  7.264E+10  1.0000   4.435  0.000E+00      0.00      0.00      0.00  0.0000   0.000   0.000  0.0000  0.743E+00  0.244E+00  0.214E-02  0.258E-04  0.620E-03  0.540E-02  0.213E-05  0.121E-04  0.178E-02  0.143E-03  0.000E+00
  1.091  0.014000  0.000    1.091    0.1202    3.7802    3.7802    4.4495    4.5244    0.0365    0.5418    0.3077  7.341E+10  1.0000   4.429  0.000E+00      0.00      0.00      0.00  0.0000   0.000   0.000  0.0000  0.744E+00  0.243E+00  0.214E-02  0.257E-04  0.619E-03  0.539E-02  0.213E-05  0.120E-04  0.178E-02  0.143E-03  0.000E+00
  1.098  0.014000  0.000    1.098    0.1365    3.7820    3.7820    4.4088    4.4798    0.0337    0.5353    0.3025  7.420E+10  1.0000   4.423  0.000E+00      0.00      0.00      0.00  0.0000   0.000   0.000  0.0000  0.745E+00  0.242E+00  0.213E-02  0.257E-04  0.617E-03  0.538E-02  0.212E-05  0.120E-04  0.177E-02  0.143E-03  0.000E+00
  1.113  0.014000  0.000    1.113    0.1643    3.7846    3.7846    4.3392    4.4041    0.0294    0.5255    0.2946  7.569E+10  1.0000   4.411  0.000E+00      0.00      0.00      0.00  0.0000   0.000   0.000  0.0000  0.743E+00  0.243E+00  0.214E-02  0.258E-04  0.620E-03  0.540E-02  0.213E-05  0.121E-04  0.178E-02  0.143E-03  0.000E+00
  1.128  0.014000  0.000    1.128    0.1912    3.7871    3.7871    4.2720    4.3312    0.0254    0.5162    0.2870  7.718E+10  1.0000   4.400  0.000E+00      0.00      0.00      0.00  0.0000   0.000   0.000  0.0000  0.741E+00  0.245E+00  0.215E-02  0.260E-04  0.623E-03  0.543E-02  0.214E-05  0.121E-04  0.179E-02  0.144E-03  0.000E+00
  1.143  0.014000  0.000    1.143    0.2178    3.7896    3.7896    4.2054    4.2590    0.0215    0.5070    0.2795  7.868E+10  1.0000   4.389  0.000E+00      0.00      0.00      0.00  0.0000   0.000   0.000  0.0000  0.739E+00  0.247E+00  0.217E-02  0.261E-04  0.627E-03  0.546E-02  0.215E-05  0.122E-04  0.180E-02  0.145E-03  0.000E+00
  1.158  0.014000  0.000    1.158    0.2442    3.7920    3.7920    4.1394    4.1874    0.0176    0.4980    0.2721  8.021E+10  1.0000   4.378  0.000E+00      0.00      0.00      0.00  0.0000   0.000   0.000  0.0000  0.737E+00  0.249E+00  0.218E-02  0.263E-04  0.631E-03  0.549E-02  0.217E-05  0.123E-04  0.181E-02  0.146E-03  0.000E+00
  1.172  0.014000  0.000    1.172    0.2704    3.7944    3.7944    4.0741    4.1166    0.0138    0.4891    0.2648  8.175E+10  1.0000   4.367  0.000E+00      0.00      0.00      0.00  0.0000   0.000   0.000  0.0000  0.735E+00  0.252E+00  0.219E-02  0.265E-04  0.635E-03  0.552E-02  0.218E-05  0.124E-04  0.182E-02  0.146E-03  0.000E+00
  1.187  0.014000  0.000    1.187    0.2963    3.7967    3.7967    4.0093    4.0465    0.0100    0.4804    0.2575  8.332E+10  1.0000   4.356  0.000E+00      0.00      0.00      0.00  0.0000   0.000   0.000  0.0000  0.732E+00  0.254E+00  0.221E-02  0.267E-04  0.639E-03  0.555E-02  0.220E-05  0.125E-04  0.183E-02  0.147E-03  0.000E+00
  1.202  0.014000  0.000    1.202    0.3219    3.7991    3.7991    3.9452    3.9770    0.0063    0.4717    0.2503  8.490E+10  1.0000   4.345  0.000E+00      0.00      0.00      0.00  0.0000   0.000   0.000  0.0000  0.729E+00  0.257E+00  0.223E-02  0.269E-04  0.643E-03  0.559E-02  0.221E-05  0.126E-04  0.184E-02  0.148E-03  0.000E+00
  1.217  0.014000  0.000    1.217    0.3473    3.8013    3.8013    3.8817    3.9083    0.0026    0.4633    0.2432  8.651E+10  1.0000   4.334  0.000E+00      0.00      0.00      0.00  0.0000   0.000   0.000  0.0000  0.727E+00  0.260E+00  0.224E-02  0.272E-04  0.648E-03  0.563E-02  0.223E-05  0.127E-04  0.185E-02  0.149E-03  0.000E+00
  1.232  0.014000  0.000    1.232    0.3725    3.8036    3.8036    3.8189    3.8404   -0.0009    0.4550    0.2362  8.813E+10  1.0000   4.323  0.000E+00      0.00      0.00      0.00  0.0000   0.000   0.000  0.0000  0.724E+00  0.262E+00  0.226E-02  0.274E-04  0.653E-03  0.567E-02  0.224E-05  0.128E-04  0.186E-02  0.150E-03  0.000E+00
  1.247  0.014000  0.000    1.247    0.3973    3.8058    3.8058    3.7568    3.7732   -0.0045    0.4468    0.2292  8.978E+10  1.0000   4.313  0.000E+00      0.00      0.00      0.00  0.0000   0.000   0.000  0.0000  0.721E+00  0.265E+00  0.228E-02  0.277E-04  0.658E-03  0.571E-02  0.226E-05  0.129E-04  0.187E-02  0.152E-03  0.000E+00
  1.262  0.014000  0.000    1.262    0.4257    3.8085    3.8085    3.6858    3.6962   -0.0087    0.4368    0.2208  9.162E+10  1.0000   4.300  0.000E+00      0.00      0.00      0.00  0.0000   0.000   0.000  0.0000  0.720E+00  0.266E+00  0.228E-02  0.277E-04  0.659E-03  0.572E-02  0.227E-05  0.129E-04  0.188E-02  0.152E-03  0.000E+00
  1.277  0.014000  0.000    1.277    0.4547    3.8111    3.8111    3.6133    3.6176   -0.0130    0.4270    0.2124  9.359E+10  1.0000   4.287  0.000E+00      0.00      0.00      0.00  0.0000   0.000   0.000  0.0000  0.720E+00  0.266E+00  0.228E-02  0.277E-04  0.659E-03  0.572E-02  0.227E-05  0.129E-04  0.188E-02  0.152E-03  0.000E+00
  1.292  0.014000  0.000    1.292    0.4833    3.8136    3.8136    3.5418    3.5410   -0.0153    0.4180    0.2046  9.560E+10  1.0000   4.273  0.000E+00      0.00      0.00      0.00  0.0000   0.000   0.000  0.0000  0.720E+00  0.266E+00  0.228E-02  0.277E-04  0.659E-03  0.572E-02  0.227E-05  0.129E-04  0.188E-02  0.152E-03  0.000E+00
  1.307  0.014000  0.000    1.307    0.5116    3.8160    3.8160    3.4711    3.4674   -0.0126    0.4106    0.1982  9.769E+10  1.0000   4.259  0.000E+00      0.00      0.00      0.00  0.0000   0.000   0.000  0.0000  0.720E+00  0.266E+00  0.228E-02  0.277E-04  0.659E-03  0.572E-02  0.227E-05  0.129E-04  0.188E-02  0.152E-03  0.000E+00
  1.321  0.014000  0.000    1.321    0.5394    3.8183    3.8183    3.4014    3.3948   -0.0101    0.4035    0.1921  9.983E+10  1.0000   4.246  0.000E+00      0.00      0.00      0.00  0.0000   0.000   0.000  0.0001  0.720E+00  0.266E+00  0.228E-02  0.277E-04  0.659E-03  0.572E-02  0.227E-05  0.129E-04  0.188E-02  0.152E-03  0.000E+00
  1.336  0.014000  0.000    1.336    0.5670    3.8204    3.8204    3.3325    3.3232   -0.0077    0.3970    0.1864  1.021E+11  1.0000   4.231  0.000E+00      0.00      0.00      0.00  0.0000   0.000   0.000  0.0001  0.720E+00  0.266E+00  0.228E-02  0.277E-04  0.659E-03  0.572E-02  0.227E-05  0.129E-04  0.188E-02  0.152E-03  0.000E+00
  1.366  0.014000  0.000    1.366    0.6177    3.8234    3.8234    3.2057    3.1927   -0.0043    0.3874    0.1781  1.067E+11  1.0000   4.202  0.000E+00      0.00      0.00      0.00  0.0000   0.000   0.000  0.0001  0.720E+00  0.266E+00  0.228E-02  0.277E-04  0.659E-03  0.572E-02  0.227E-05  0.129E-04  0.188E-02  0.152E-03  0.000E+00
  1.396  0.014000  0.000    1.396    0.6647    3.8250    3.8250    3.0884    3.0734   -0.0025    0.3826    0.1739  1.118E+11  1.0000   4.171  0.000E+00      0.00      0.00      0.00  0.0000   0.000   0.000  0.0001  0.720E+00  0.266E+00  0.228E-02  0.277E-04  0.659E-03  0.572E-02  0.227E-05  0.129E-04  0.188E-02  0.152E-03  0.000E+00
  1.426  0.014000  0.000    1.426    0.7102    3.8255    3.8255    2.9744    2.9588   -0.0019    0.3808    0.1724  1.175E+11  1.0000   4.137  0.000E+00      0.00      0.00      0.00  0.0000   0.000   0.000  0.0001  0.720E+00  0.266E+00  0.228E-02  0.277E-04  0.659E-03  0.572E-02  0.227E-05  0.129E-04  0.188E-02  0.152E-03  0.000E+00
  1.456  0.014000  0.000    1.456    0.7539    3.8248    3.8248    2.8652    2.8504   -0.0027    0.3830    0.1743  1.240E+11  1.0000   4.099  0.000E+00      0.00      0.00      0.00  0.0000   0.000   0.000  0.0001  0.720E+00  0.266E+00  0.228E-02  0.277E-04  0.659E-03  0.572E-02  0.227E-05  0.129E-04  0.188E-02  0.152E-03  0.000E+00
  1.485  0.014000  0.000    1.485    0.7961    3.8224    3.8224    2.7597    2.7480   -0.0055    0.3907    0.1810  1.317E+11  1.0000   4.056  0.000E+00      0.00      0.00      0.00  0.0000   0.000   0.000  0.0001  0.720E+00  0.266E+00  0.228E-02  0.277E-04  0.659E-03  0.572E-02  0.227E-05  0.129E-04  0.188E-02  0.152E-03  0.000E+00
  1.500  0.014000  0.000    1.500    0.8165    3.8204    3.8204    2.7088    2.6995   -0.0077    0.3969    0.1864  1.360E+11  1.0000   4.032  0.000E+00      0.00      0.00      0.00  0.0000   0.000   0.000  0.0001  0.720E+00  0.266E+00  0.228E-02  0.277E-04  0.659E-03  0.572E-02  0.227E-05  0.129E-04  0.188E-02  0.152E-03  0.000E+00
  1.515  0.014000  0.000    1.515    0.8379    3.8188    3.8188    2.6551    2.6479   -0.0095    0.4019    0.1907  1.404E+11  1.0000   4.009  0.000E+00      0.00      0.00      0.00  0.0000   0.000   0.000  0.0001  0.720E+00  0.266E+00  0.228E-02  0.277E-04  0.659E-03  0.572E-02  0.227E-05  0.129E-04  0.188E-02  0.152E-03  0.000E+00
  1.545  0.014000  0.000    1.545    0.8825    3.8157    3.8157    2.5437    2.5403   -0.0129    0.4115    0.1990  1.499E+11  1.0000   3.960  0.000E+00      0.00      0.00      0.00  0.0000   0.000   0.000  0.0001  0.720E+00  0.266E+00  0.228E-02  0.277E-04  0.659E-03  0.572E-02  0.227E-05  0.129E-04  0.188E-02  0.152E-03  0.000E+00
  1.560  0.014000  0.000    1.560    0.9130    3.8162    3.8162    2.4676    2.4636   -0.0124    0.4100    0.1977  1.549E+11  1.0000   3.936  0.000E+00      0.00      0.00      0.00  0.0000   0.000   0.000  0.0001  0.720E+00  0.266E+00  0.228E-02  0.277E-04  0.659E-03  0.572E-02  0.227E-05  0.129E-04  0.188E-02  0.152E-03  0.000E+00
  1.564  0.014000  0.000    1.564    0.9253    3.8178    3.8178    2.4368    2.4308   -0.0106    0.4050    0.1934  1.560E+11  1.0000   3.931  0.000E+00      0.00      0.00      0.00  0.0000   0.000   0.000  0.0001  0.720E+00  0.266E+00  0.228E-02  0.277E-04  0.659E-03  0.572E-02  0.227E-05  0.129E-04  0.188E-02  0.152E-03  0.000E+00
  1.565  0.014000  0.000    1.565    0.9336    3.8193    3.8193    2.4160    2.4081   -0.0089    0.4003    0.1893  1.564E+11  1.0000   3.929  0.000E+00      0.00      0.00      0.00  0.0000   0.000   0.000  0.0001  0.720E+00  0.266E+00  0.228E-02  0.277E-04  0.659E-03  0.572E-02  0.227E-05  0.129E-04  0.188E-02  0.152E-03  0.000E+00
  1.567  0.014000  0.000    1.567    0.9446    3.8218    3.8218    2.3884    2.3774   -0.0061    0.3925    0.1825  1.566E+11  1.0000   3.929  0.000E+00      0.00      0.00      0.00  0.0000   0.000   0.000  0.0002  0.720E+00  0.266E+00  0.228E-02  0.277E-04  0.659E-03  0.572E-02  0.227E-05  0.129E-04  0.188E-02  0.152E-03  0.000E+00
  1.568  0.014000  0.000    1.568    0.9526    3.8240    3.8240    2.3685    2.3547   -0.0037    0.3857    0.1767  1.565E+11  1.0000   3.930  0.000E+00      0.00      0.00      0.00  0.0000   0.000   0.000  0.0002  0.720E+00  0.266E+00  0.228E-02  0.277E-04  0.659E-03  0.572E-02  0.227E-05  0.129E-04  0.188E-02  0.152E-03  0.000E+00
  1.569  0.014000  0.000    1.569    0.9628    3.8269    3.8269    2.3431    2.3257   -0.0003    0.3765    0.1686  1.562E+11  1.0000   3.931  0.000E+00      0.00      0.00      0.00  0.0000   0.000   0.000  0.0002  0.720E+00  0.266E+00  0.228E-02  0.277E-04  0.659E-03  0.572E-02  0.227E-05  0.129E-04  0.188E-02  0.152E-03  0.000E+00
  1.570  0.014000  0.000    1.570    0.9699    3.8290    3.8290    2.3252    2.3052    0.0020    0.3700    0.1629  1.560E+11  1.0000   3.933  0.000E+00      0.00      0.00      0.00  0.0000   0.000   0.000  0.0002  0.720E+00  0.266E+00  0.228E-02  0.277E-04  0.659E-03  0.572E-02  0.227E-05  0.129E-04  0.188E-02  0.152E-03  0.000E+00
  1.570  0.014000  0.000    1.570    0.9782    3.8316    3.8316    2.3046    2.2814    0.0049    0.3620    0.1560  1.556E+11  1.0000   3.935  0.000E+00      0.00      0.00      0.00  0.0000   0.000   0.000  0.0002  0.720E+00  0.266E+00  0.228E-02  0.277E-04  0.659E-03  0.572E-02  0.227E-05  0.129E-04  0.188E-02  0.152E-03  0.000E+00
  1.571  0.014000  0.000    1.571    0.9875    3.8347    3.8347    2.2813    2.2543    0.0084    0.3523    0.1474  1.551E+11  1.0000   3.938  0.000E+00      0.00      0.00      0.00  0.0000   0.000   0.000  0.0002  0.720E+00  0.266E+00  0.228E-02  0.277E-04  0.659E-03  0.572E-02  0.227E-05  0.129E-04  0.188E-02  0.152E-03  0.000E+00
  1.571  0.014000  0.000    1.571    0.9945    3.8368    3.8368    2.2638    2.2340    0.0108    0.3455    0.1414  1.548E+11  1.0000   3.940  0.000E+00      0.00      0.00      0.00  0.0000   0.000   0.000  0.0002  0.720E+00  0.266E+00  0.228E-02  0.277E-04  0.659E-03  0.572E-02  0.227E-05  0.129E-04  0.188E-02  0.152E-03  0.000E+00
  1.571  0.014000  0.000    1.571    1.0015    3.8390    3.8390    2.2462    2.2137    0.0133    0.3387    0.1354  1.545E+11  1.0000   3.942  0.000E+00      0.00      0.00      0.00  0.0000   0.000   0.000  0.0002  0.720E+00  0.266E+00  0.228E-02  0.277E-04  0.659E-03  0.572E-02  0.227E-05  0.129E-04  0.188E-02  0.152E-03  0.000E+00
  1.571  0.014000  0.000    1.571    1.0091    3.8413    3.8413    2.2273    2.1919    0.0159    0.3315    0.1291  1.542E+11  1.0000   3.943  0.000E+00      0.00      0.00      0.00  0.0000   0.000   0.000  0.0002  0.720E+00  0.266E+00  0.228E-02  0.277E-04  0.659E-03  0.572E-02  0.227E-05  0.129E-04  0.188E-02  0.152E-03  0.000E+00
  1.572  0.014000  0.000    1.572    1.0179    3.8439    3.8439    2.2051    2.1665    0.0187    0.3235    0.1220  1.539E+11  1.0000   3.945  0.000E+00      0.00      0.00      0.00  0.0000   0.000   0.000  0.0002  0.720E+00  0.266E+00  0.228E-02  0.277E-04  0.659E-03  0.572E-02  0.227E-05  0.129E-04  0.188E-02  0.152E-03  0.000E+00
  1.572  0.014000  0.000    1.572    1.0325    3.8476    3.8476    2.1688    2.1288    0.0269    0.3140    0.1135  1.539E+11  1.0000   3.945  0.000E+00      0.00      0.00      0.00  0.0000   0.000   0.000  0.0002  0.720E+00  0.266E+00  0.228E-02  0.277E-04  0.659E-03  0.572E-02  0.227E-05  0.129E-04  0.188E-02  0.152E-03  0.000E+00
  1.572  0.014000  0.000    1.572    1.0344    3.8456    3.8456    2.1639    2.1239    0.0216    0.3186    0.1177  1.556E+11  1.0000   3.935  0.000E+00      0.00      0.00      0.00  0.0000   0.000   0.000  0.0002  0.720E+00  0.266E+00  0.228E-02  0.277E-04  0.659E-03  0.572E-02  0.227E-05  0.129E-04  0.188E-02  0.152E-03  0.000E+00
  1.573  0.014000  0.000    1.573    1.0364    3.8436    3.8436    2.1590    2.1208    0.0184    0.3244    0.1228  1.574E+11  1.0000   3.926  0.000E+00      0.00      0.00      0.00  0.0000   0.000   0.000  0.0002  0.720E+00  0.266E+00  0.228E-02  0.277E-04  0.659E-03  0.572E-02  0.227E-05  0.129E-04  0.188E-02  0.152E-03  0.000E+00
  1.574  0.014000  0.000    1.574    1.0402    3.8407    3.8407    2.1496    2.1150    0.0151    0.3335    0.1308  1.603E+11  1.0000   3.910  0.000E+00      0.00      0.00      0.00  0.0000   0.000   0.000  0.0002  0.720E+00  0.266E+00  0.228E-02  0.277E-04  0.659E-03  0.572E-02  0.227E-05  0.129E-04  0.188E-02  0.152E-03  0.000E+00
  1.576  0.014000  0.000    1.576    1.0465    3.8383    3.8383    2.1338    2.1023    0.0124    0.3410    0.1375  1.632E+11  1.0000   3.895  0.000E+00      0.00      0.00      0.00  0.0000   0.000   0.000  0.0002  0.720E+00  0.266E+00  0.228E-02  0.277E-04  0.659E-03  0.572E-02  0.227E-05  0.129E-04  0.188E-02  0.152E-03  0.000E+00
  1.579  0.014000  0.000    1.579    1.0554    3.8354    3.8354    2.1114    2.0834    0.0092    0.3500    0.1454  1.671E+11  1.0000   3.876  0.000E+00      0.00      0.00      0.00  0.0000   0.000   0.000  0.0002  0.720E+00  0.266E+00  0.228E-02  0.277E-04  0.659E-03  0.572E-02  0.227E-05  0.129E-04  0.188E-02  0.152E-03  0.000E+00
  1.583  0.014000  0.000    1.583    1.0635    3.8329    3.8329    2.0912    2.0664    0.0063    0.3580    0.1524  1.707E+11  1.0000   3.858  0.000E+00      0.00      0.00      0.00  0.0000   0.000   0.000  0.0002  0.720E+00  0.266E+00  0.228E-02  0.277E-04  0.659E-03  0.572E-02  0.227E-05  0.129E-04  0.188E-02  0.152E-03  0.000E+00
  1.587  0.014000  0.000    1.587    1.0713    3.8304    3.8304    2.0717    2.0500    0.0035    0.3657    0.1592  1.742E+11  1.0000   3.842  0.000E+00      0.00      0.00      0.00  0.0000   0.000   0.000  0.0002  0.720E+00  0.266E+00  0.228E-02  0.277E-04  0.659E-03  0.572E-02  0.227E-05  0.129E-04  0.188E-02  0.152E-03  0.000E+00
  1.591  0.014000  0.000    1.591    1.0789    3.8276    3.8276    2.0529    2.0346    0.0004    0.3743    0.1667  1.779E+11  1.0000   3.824  0.000E+00      0.00      0.00      0.00  0.0000   0.000   0.000  0.0002  0.720E+00  0.266E+00  0.228E-02  0.277E-04  0.659E-03  0.572E-02  0.227E-05  0.129E-04  0.188E-02  0.152E-03  0.000E+00
  1.592  0.014000  0.000    1.592    1.0825    3.8261    3.8261    2.0438    2.0274   -0.0012    0.3790    0.1708  1.799E+11  1.0000   3.815  0.000E+00      0.00      0.00      0.00  0.0000   0.000   0.000  0.0002  0.720E+00  0.266E+00  0.228E-02  0.277E-04  0.659E-03  0.572E-02  0.227E-05  0.129E-04  0.188E-02  0.152E-03  0.000E+00
  1.594  0.014000  0.000    1.594    1.0860    3.8244    3.8244    2.0349    2.0206   -0.0032    0.3843    0.1755  1.821E+11  1.0000   3.805  0.000E+00      0.00      0.00      0.00  0.0000   0.000   0.000  0.0002  0.720E+00  0.266E+00  0.228E-02  0.277E-04  0.659E-03  0.572E-02  0.227E-05  0.129E-04  0.188E-02  0.152E-03  0.000E+00
  1.596  0.014000  0.000    1.596    1.0895    3.8226    3.8226    2.0263    2.0143   -0.0052    0.3900    0.1804  1.843E+11  1.0000   3.795  0.000E+00      0.00      0.00      0.00  0.0000   0.000   0.000  0.0002  0.720E+00  0.266E+00  0.228E-02  0.277E-04  0.659E-03  0.572E-02  0.227E-05  0.129E-04  0.188E-02  0.152E-03  0.000E+00
  1.598  0.014000  0.000    1.598    1.0928    3.8209    3.8209    2.0179    2.0080   -0.0071    0.3952    0.1849  1.865E+11  1.0000   3.785  0.000E+00      0.00      0.00      0.00  0.0000   0.000   0.000  0.0002  0.720E+00  0.266E+00  0.228E-02  0.277E-04  0.659E-03  0.572E-02  0.227E-05  0.129E-04  0.188E-02  0.152E-03  0.000E+00
  1.600  0.014000  0.000    1.600    1.0960    3.8191    3.8191    2.0099    2.0023   -0.0092    0.4010    0.1899  1.888E+11  1.0000   3.775  0.000E+00      0.00      0.00      0.00  0.0000   0.000   0.000  0.0002  0.720E+00  0.266E+00  0.228E-02  0.277E-04  0.659E-03  0.572E-02  0.227E-05  0.129E-04  0.188E-02  0.152E-03  0.000E+00
  1.602  0.014000  0.000    1.602    1.0991    3.8170    3.8170    2.0023    1.9973   -0.0115    0.4075    0.1956  1.913E+11  1.0000   3.764  0.000E+00      0.00      0.00      0.00  0.0000   0.000   0.000  0.0002  0.720E+00  0.266E+00  0.228E-02  0.277E-04  0.659E-03  0.572E-02  0.227E-05  0.129E-04  0.188E-02  0.152E-03  0.000E+00
  1.604  0.014000  0.000    1.604    1.1020    3.8147    3.8147    1.9951    1.9930   -0.0141    0.4147    0.2018  1.940E+11  1.0000   3.753  0.000E+00      0.00      0.00      0.00  0.0000   0.000   0.000  0.0002  0.720E+00  0.266E+00  0.228E-02  0.277E-04  0.659E-03  0.572E-02  0.227E-05  0.129E-04  0.188E-02  0.152E-03  0.000E+00
  1.606  0.014000  0.000    1.606    1.1045    3.8125    3.8125    1.9887    1.9899   -0.0152    0.4219    0.2080  1.965E+11  1.0000   3.742  0.000E+00      0.00      0.00      0.00  0.0000   0.000   0.000  0.0002  0.720E+00  0.266E+00  0.228E-02  0.277E-04  0.659E-03  0.572E-02  0.227E-05  0.129E-04  0.188E-02  0.152E-03  0.000E+00
  1.607  0.014000  0.000    1.607    1.1068    3.8100    3.8100    1.9830    1.9899   -0.0112    0.4312    0.2159  1.993E+11  1.0000   3.730  0.000E+00      0.00      0.00      0.00  0.0000   0.000   0.000  0.0002  0.720E+00  0.266E+00  0.228E-02  0.277E-04  0.659E-03  0.572E-02  0.227E-05  0.129E-04  0.188E-02  0.152E-03  0.000E+00
  1.608  0.014000  0.000    1.608    1.1077    3.8087    3.8087    1.9807    1.9906   -0.0091    0.4361    0.2202  2.007E+11  1.0000   3.724  0.000E+00      0.00      0.00      0.00  0.0000   0.000   0.000  0.0002  0.720E+00  0.266E+00  0.228E-02  0.277E-04  0.659E-03  0.572E-02  0.227E-05  0.129E-04  0.188E-02  0.152E-03  0.000E+00
  1.609  0.014000  0.000    1.609    1.1084    3.8070    3.8070    1.9791    1.9928   -0.0064    0.4423    0.2254  2.024E+11  1.0000   3.717  0.000E+00      0.00      0.00      0.00  0.0000   0.000   0.000  0.0002  0.720E+00  0.266E+00  0.228E-02  0.277E-04  0.659E-03  0.572E-02  0.227E-05  0.129E-04  0.188E-02  0.152E-03  0.000E+00
  1.610  0.014000  0.000    1.610    1.1089    3.8054    3.8054    1.9777    1.9951   -0.0038    0.4483    0.2305  2.041E+11  1.0000   3.710  0.000E+00      0.00      0.00      0.00  0.0000   0.000   0.000  0.0002  0.720E+00  0.266E+00  0.228E-02  0.277E-04  0.659E-03  0.572E-02  0.227E-05  0.129E-04  0.188E-02  0.152E-03  0.000E+00
  1.611  0.014000  0.000    1.611    1.1094    3.8037    3.8037    1.9766    1.9979   -0.0011    0.4546    0.2359  2.058E+11  1.0000   3.703  0.000E+00      0.00      0.00      0.00  0.0000   0.000   0.000  0.0002  0.720E+00  0.266E+00  0.228E-02  0.277E-04  0.659E-03  0.572E-02  0.227E-05  0.129E-04  0.188E-02  0.152E-03  0.000E+00
  1.612  0.014000  0.000    1.612    1.1096    3.8019    3.8019    1.9759    2.0014    0.0018    0.4614    0.2416  2.076E+11  1.0000   3.696  0.000E+00      0.00      0.00      0.00  0.0000   0.000   0.000  0.0002  0.720E+00  0.266E+00  0.228E-02  0.277E-04  0.659E-03  0.572E-02  0.227E-05  0.129E-04  0.188E-02  0.152E-03  0.000E+00
  1.613  0.014000  0.000    1.613    1.1093    3.7996    3.7996    1.9768    2.0075    0.0055    0.4698    0.2487  2.097E+11  1.0000   3.688  0.000E+00      0.00      0.00      0.00  0.0000   0.000   0.000  0.0002  0.720E+00  0.266E+00  0.228E-02  0.277E-04  0.659E-03  0.572E-02  0.227E-05  0.129E-04  0.188E-02  0.152E-03  0.000E+00
  1.614  0.014000  0.000    1.614    1.1090    3.7976    3.7976    1.9775    2.0126    0.0092    0.4772    0.2548  2.115E+11  1.0000   3.680  0.000E+00      0.00      0.00      0.00  0.0000   0.000   0.000  0.0002  0.720E+00  0.266E+00  0.228E-02  0.277E-04  0.659E-03  0.572E-02  0.227E-05  0.129E-04  0.188E-02  0.152E-03  0.000E+00
  1.615  0.014000  0.000    1.615    1.1079    3.7954    3.7954    1.9803    2.0200    0.0163    0.4857    0.2617  2.134E+11  1.0000   3.673  0.000E+00      0.00      0.00      0.00  0.0000 -24.301   0.000  0.0002  0.720E+00  0.266E+00  0.228E-02  0.277E-04  0.659E-03  0.572E-02  0.227E-05  0.129E-04  0.188E-02  0.152E-03  0.000E+00
  1.616  0.014000  0.000    1.616    1.1067    3.7933    3.7933    1.9833    2.0270    0.0226    0.4936    0.2680  2.152E+11  1.0000   3.666  0.000E+00      0.00      0.00      0.00  0.0000 -23.662   0.000  0.0002  0.720E+00  0.266E+00  0.228E-02  0.277E-04  0.659E-03  0.572E-02  0.227E-05  0.129E-04  0.188E-02  0.152E-03  0.000E+00
  1.617  0.014000  0.000    1.617    1.1043    3.7907    3.7907    1.9893    2.0379    0.0307    0.5036    0.2759  2.171E+11  1.0000   3.658  0.000E+00      0.00      0.00      0.00  0.0000 -23.756   0.000  0.0002  0.720E+00  0.266E+00  0.228E-02  0.277E-04  0.659E-03  0.572E-02  0.227E-05  0.129E-04  0.188E-02  0.152E-03  0.000E+00
  1.618  0.014000  0.000    1.618    1.1020    3.7883    3.7883    1.9949    2.0478    0.0384    0.5129    0.2833  2.190E+11  1.0000   3.651  0.000E+00      0.00      0.00      0.00  0.0000 -23.849   0.000  0.0002  0.720E+00  0.266E+00  0.228E-02  0.277E-04  0.659E-03  0.572E-02  0.227E-05  0.129E-04  0.188E-02  0.152E-03  0.000E+00
  1.618  0.014000  0.000    1.618    1.0999    3.7867    3.7867    2.0003    2.0560    0.0436    0.5193    0.2884  2.201E+11  1.0000   3.647  0.000E+00      0.00      0.00      0.00  0.0000 -23.896   0.000  0.0002  0.720E+00  0.266E+00  0.228E-02  0.277E-04  0.659E-03  0.572E-02  0.227E-05  0.129E-04  0.188E-02  0.152E-03  0.000E+00
  1.619  0.014000  0.000    1.619    1.0977    3.7851    3.7851    2.0057    2.0642    0.0488    0.5256    0.2935  2.212E+11  1.0000   3.643  0.000E+00      0.00      0.00      0.00  0.0000 -23.942   0.000  0.0002  0.720E+00  0.266E+00  0.228E-02  0.277E-04  0.659E-03  0.572E-02  0.227E-05  0.129E-04  0.188E-02  0.152E-03  0.000E+00
  1.619  0.014000  0.000    1.619    1.0955    3.7835    3.7835    2.0113    2.0723    0.0541    0.5319    0.2985  2.222E+11  1.0000   3.639  0.000E+00      0.00      0.00      0.00  0.0000 -23.989   0.000  0.0002  0.720E+00  0.266E+00  0.228E-02  0.277E-04  0.659E-03  0.572E-02  0.227E-05  0.129E-04  0.188E-02  0.152E-03  0.000E+00
  1.619  0.014000  0.000    1.619    1.0930    3.7819    3.7819    2.0175    2.0812    0.0595    0.5385    0.3037  2.233E+11  1.0000   3.635  0.000E+00      0.00      0.00      0.00  0.0000 -24.036   0.000  0.0002  0.720E+00  0.266E+00  0.228E-02  0.277E-04  0.659E-03  0.572E-02  0.227E-05  0.129E-04  0.188E-02  0.152E-03  0.000E+00
  1.620  0.014000  0.000    1.620    1.0903    3.7802    3.7802    2.0242    2.0904    0.0651    0.5452    0.3090  2.243E+11  1.0000   3.631  0.000E+00      0.00      0.00      0.00  0.0000 -24.083   0.000  0.0002  0.720E+00  0.266E+00  0.228E-02  0.277E-04  0.659E-03  0.572E-02  0.227E-05  0.129E-04  0.188E-02  0.152E-03  0.000E+00
  1.620  0.014000  0.000    1.620    1.0872    3.7785    3.7785    2.0321    2.1009    0.0707    0.5521    0.3145  2.252E+11  1.0000   3.627  0.000E+00      0.00      0.00      0.00  0.0000 -24.129   0.000  0.0002  0.720E+00  0.266E+00  0.228E-02  0.277E-04  0.659E-03  0.572E-02  0.227E-05  0.129E-04  0.188E-02  0.152E-03  0.000E+00
  1.621  0.014000  0.000    1.621    1.0838    3.7768    3.7768    2.0405    2.1127    0.0792    0.5592    0.3202  2.262E+11  1.0000   3.624  0.000E+00      0.00      0.00      0.00  0.0000 -24.176   0.000  0.0002  0.720E+00  0.266E+00  0.228E-02  0.277E-04  0.659E-03  0.572E-02  0.227E-05  0.129E-04  0.188E-02  0.152E-03  0.000E+00
  1.621  0.014000  0.000    1.621    1.0785    3.7746    3.7746    2.0538    2.1307    0.0908    0.5684    0.3275  2.270E+11  1.0000   3.621  0.000E+00      0.00      0.00      0.00  0.0000 -24.224   0.000  0.0002  0.720E+00  0.266E+00  0.228E-02  0.277E-04  0.659E-03  0.572E-02  0.227E-05  0.129E-04  0.188E-02  0.152E-03  0.000E+00
  1.622  0.014000  0.000    1.622    1.0725    3.7723    3.7723    2.0686    2.1502    0.1026    0.5780    0.3351  2.279E+11  1.0000   3.618  0.000E+00      0.00      0.00      0.00  0.0000 -24.271   0.000  0.0002  0.720E+00  0.266E+00  0.228E-02  0.277E-04  0.659E-03  0.572E-02  0.227E-05  0.129E-04  0.188E-02  0.152E-03  0.000E+00
  1.622  0.014000  0.000    1.622    1.0666    3.7700    3.7700    2.0836    2.1694    0.1140    0.5877    0.3428  2.287E+11  1.0000   3.615  0.000E+00      0.00      0.00      0.00  0.0000 -24.318   0.000  0.0002  0.720E+00  0.266E+00  0.228E-02  0.277E-04  0.659E-03  0.572E-02  0.227E-05  0.129E-04  0.188E-02  0.152E-03  0.000E+00
  1.623  0.014000  0.000    1.622    1.0636    3.7689    3.7689    2.0911    2.1790    0.1197    0.5926    0.3467  2.291E+11  1.0000   3.613  0.000E+00      0.00      0.00      0.00  0.0000 -24.342   0.000  0.0002  0.720E+00  0.266E+00  0.228E-02  0.277E-04  0.659E-03  0.572E-02  0.227E-05  0.129E-04  0.188E-02  0.152E-03  0.000E+00
  1.623  0.014000  0.000    1.623    1.0603    3.7677    3.7677    2.0994    2.1897    0.1272    0.5979    0.3509  2.295E+11  1.0000   3.612  0.000E+00      0.00      0.00      0.00  0.0000 -24.366   0.000  0.0002  0.720E+00  0.266E+00  0.228E-02  0.277E-04  0.659E-03  0.572E-02  0.227E-05  0.129E-04  0.188E-02  0.152E-03  0.000E+00
  1.623  0.014000  0.000    1.623    1.0569    3.7665    3.7665    2.1077    2.2004    0.1347    0.6033    0.3552  2.299E+11  1.0000   3.610  0.000E+00      0.00      0.00      0.00  0.0000 -24.390   0.000  0.0002  0.720E+00  0.266E+00  0.228E-02  0.277E-04  0.659E-03  0.572E-02  0.227E-05  0.129E-04  0.188E-02  0.152E-03  0.000E+00
  1.623  0.014000  0.000    1.623    1.0536    3.7653    3.7653    2.1160    2.2110    0.1422    0.6087    0.3595  2.303E+11  1.0000   3.609  0.000E+00      0.00      0.00      0.00  0.0000 -24.414   0.000  0.0002  0.720E+00  0.266E+00  0.228E-02  0.277E-04  0.659E-03  0.572E-02  0.227E-05  0.129E-04  0.188E-02  0.152E-03  0.000E+00
  1.623  0.014000  0.000    1.623    1.0501    3.7640    3.7640    2.1249    2.2222    0.1499    0.6142    0.3639  2.307E+11  1.0000   3.607  0.000E+00      0.00      0.00      0.00  0.0000 -24.438   0.000  0.0002  0.720E+00  0.266E+00  0.228E-02  0.277E-04  0.659E-03  0.572E-02  0.227E-05  0.129E-04  0.188E-02  0.152E-03  0.000E+00
  1.624  0.014000  0.000    1.624    1.0462    3.7628    3.7628    2.1345    2.2341    0.1576    0.6198    0.3684  2.310E+11  1.0000   3.606  0.000E+00      0.00      0.00      0.00  0.0000 -24.462   0.000  0.0002  0.720E+00  0.266E+00  0.228E-02  0.277E-04  0.659E-03  0.572E-02  0.227E-05  0.129E-04  0.188E-02  0.152E-03  0.000E+00
  1.624  0.014000  0.000    1.624    1.0424    3.7615    3.7615    2.1441    2.2460    0.1654    0.6254    0.3729  2.313E+11  1.0000   3.605  0.000E+00      0.00      0.00      0.00  0.0000 -24.486   0.000  0.0002  0.720E+00  0.266E+00  0.228E-02  0.277E-04  0.659E-03  0.572E-02  0.227E-05  0.129E-04  0.188E-02  0.152E-03  0.000E+00
  1.624  0.014000  0.000    1.624    1.0385    3.7603    3.7603    2.1538    2.2579    0.1732    0.6311    0.3774  2.316E+11  1.0000   3.604  0.000E+00      0.00      0.00      0.00  0.0000 -24.511   0.000  0.0002  0.720E+00  0.266E+00  0.228E-02  0.277E-04  0.659E-03  0.572E-02  0.227E-05  0.129E-04  0.188E-02  0.152E-03  0.000E+00
  1.624  0.014000  0.000    1.624    1.0325    3.7586    3.7586    2.1687    2.2759    0.1835    0.6387    0.3835  2.318E+11  1.0000   3.603  0.000E+00      0.00      0.00      0.00  0.0000 -24.535   0.000  0.0002  0.720E+00  0.266E+00  0.228E-02  0.277E-04  0.659E-03  0.572E-02  0.227E-05  0.129E-04  0.188E-02  0.152E-03  0.000E+00
  1.625  0.014000  0.000    1.625    1.0262    3.7568    3.7568    2.1846    2.2948    0.1942    0.6466    0.3898  2.320E+11  1.0000   3.603  0.000E+00      0.00      0.00      0.00  0.0000 -24.559   0.000  0.0002  0.720E+00  0.266E+00  0.228E-02  0.277E-04  0.659E-03  0.572E-02  0.227E-05  0.129E-04  0.188E-02  0.152E-03  0.000E+00
  1.625  0.014000  0.000    1.625    1.0199    3.7551    3.7551    2.2002    2.3132    0.2047    0.6544    0.3961  2.322E+11  1.0000   3.602  0.000E+00      0.00      0.00      0.00  0.0000 -24.584   0.000  0.0002  0.720E+00  0.266E+00  0.228E-02  0.277E-04  0.659E-03  0.572E-02  0.227E-05  0.129E-04  0.188E-02  0.152E-03  0.000E+00
  1.625  0.014000  0.000    1.625    1.0139    3.7536    3.7536    2.2151    2.3308    0.2143    0.6615    0.4018  2.322E+11  1.0000   3.602  0.000E+00      0.00      0.00      0.00  0.0000 -24.608   0.000  0.0002  0.720E+00  0.266E+00  0.228E-02  0.277E-04  0.659E-03  0.572E-02  0.227E-05  0.129E-04  0.188E-02  0.152E-03  0.000E+00
  1.625  0.014000  0.000    1.625    1.0080    3.7520    3.7520    2.2301    2.3483    0.2239    0.6687    0.4075  2.323E+11  1.0000   3.602  0.000E+00      0.00      0.00      0.00  0.0000 -24.633   0.000  0.0002  0.720E+00  0.266E+00  0.228E-02  0.277E-04  0.659E-03  0.572E-02  0.227E-05  0.129E-04  0.188E-02  0.152E-03  0.000E+00
  1.626  0.014000  0.000    1.625    1.0019    3.7504    3.7504    2.2452    2.3657    0.2335    0.6759    0.4133  2.324E+11  1.0000   3.602  0.000E+00      0.00      0.00      0.00  0.0000 -24.658   0.000  0.0002  0.720E+00  0.266E+00  0.228E-02  0.277E-04  0.659E-03  0.572E-02  0.227E-05  0.129E-04  0.188E-02  0.152E-03  0.000E+00
  1.626  0.014000  0.000    1.626    0.9952    3.7488    3.7488    2.2619    2.3850    0.2436    0.6835    0.4194  2.324E+11  1.0000   3.602  0.000E+00      0.00      0.00      0.00  0.0000 -24.683   0.000  0.0002  0.720E+00  0.266E+00  0.228E-02  0.277E-04  0.659E-03  0.572E-02  0.227E-05  0.129E-04  0.188E-02  0.152E-03  0.000E+00
  1.626  0.014000  0.000    1.626    0.9884    3.7471    3.7471    2.2791    2.4048    0.2539    0.6913    0.4257  2.323E+11  1.0000   3.602  0.000E+00      0.00      0.00      0.00  0.0000 -24.708   0.000  0.0002  0.720E+00  0.266E+00  0.228E-02  0.277E-04  0.659E-03  0.572E-02  0.227E-05  0.129E-04  0.188E-02  0.152E-03  0.000E+00
  1.626  0.014000  0.000    1.626    0.9815    3.7454    3.7454    2.2964    2.4254    0.2665    0.6989    0.4318  2.323E+11  1.0000   3.602  0.000E+00      0.00      0.00      0.00  0.0000 -24.733   0.000  0.0002  0.720E+00  0.266E+00  0.228E-02  0.277E-04  0.659E-03  0.572E-02  0.227E-05  0.129E-04  0.188E-02  0.152E-03  0.000E+00
  1.626  0.014000  0.000    1.626    0.9748    3.7438    3.7438    2.3130    2.4452    0.2785    0.7060    0.4376  2.322E+11  1.0000   3.603  0.000E+00      0.00      0.00      0.00  0.0000 -24.759   0.000  0.0002  0.720E+00  0.266E+00  0.228E-02  0.277E-04  0.659E-03  0.572E-02  0.227E-05  0.129E-04  0.188E-02  0.152E-03  0.000E+00
  1.627  0.014000  0.000    1.627    0.9683    3.7423    3.7423    2.3293    2.4646    0.2902    0.7129    0.4432  2.321E+11  1.0000   3.603  0.000E+00      0.00      0.00      0.00  0.0000 -24.785   0.000  0.0002  0.720E+00  0.266E+00  0.228E-02  0.277E-04  0.659E-03  0.572E-02  0.227E-05  0.129E-04  0.188E-02  0.152E-03  0.000E+00
  1.627  0.014000  0.000    1.627    0.9617    3.7408    3.7408    2.3457    2.4840    0.3020    0.7199    0.4488  2.320E+11  1.0000   3.603  0.000E+00      0.00      0.00      0.00  0.0000 -24.811   0.000  0.0001  0.720E+00  0.266E+00  0.228E-02  0.277E-04  0.659E-03  0.572E-02  0.227E-05  0.129E-04  0.188E-02  0.152E-03  0.000E+00
  1.627  0.014000  0.000    1.627    0.9552    3.7392    3.7392    2.3621    2.5035    0.3140    0.7271    0.4546  2.319E+11  1.0000   3.604  0.000E+00      0.00      0.00      0.00  0.0000 -24.838   0.000  0.0001  0.720E+00  0.266E+00  0.228E-02  0.277E-04  0.659E-03  0.572E-02  0.227E-05  0.129E-04  0.188E-02  0.152E-03  0.000E+00
  1.627  0.014000  0.000    1.627    0.9480    3.7375    3.7375    2.3799    2.5245    0.3271    0.7350    0.4610  2.318E+11  1.0000   3.604  0.000E+00      0.00      0.00      0.00  0.0000 -24.864   0.000  0.0001  0.720E+00  0.266E+00  0.228E-02  0.277E-04  0.659E-03  0.572E-02  0.227E-05  0.129E-04  0.188E-02  0.152E-03  0.000E+00
  1.628  0.014000  0.000    1.628    0.9407    3.7358    3.7358    2.3983    2.5462    0.3409    0.7433    0.4677  2.317E+11  1.0000   3.605  0.000E+00      0.00      0.00      0.00  0.0000 -24.890   0.000  0.0001  0.720E+00  0.266E+00  0.228E-02  0.277E-04  0.659E-03  0.572E-02  0.227E-05  0.129E-04  0.188E-02  0.152E-03  0.000E+00
  1.628  0.014000  0.000    1.628    0.9333    3.7340    3.7340    2.4168    2.5679    0.3549    0.7515    0.4744  2.315E+11  1.0000   3.605  0.000E+00      0.00      0.00      0.00  0.0000 -24.917   0.000  0.0001  0.720E+00  0.266E+00  0.228E-02  0.277E-04  0.659E-03  0.572E-02  0.227E-05  0.129E-04  0.188E-02  0.152E-03  0.000E+00
  1.628  0.014000  0.000    1.628    0.9262    3.7323    3.7323    2.4346    2.5889    0.3689    0.7597    0.4811  2.315E+11  1.0000   3.606  0.000E+00      0.00      0.00      0.00  0.0000 -24.943   0.000  0.0001  0.720E+00  0.266E+00  0.228E-02  0.277E-04  0.659E-03  0.572E-02  0.227E-05  0.129E-04  0.188E-02  0.152E-03  0.000E+00
  1.628  0.014000  0.000    1.628    0.9191    3.7306    3.7306    2.4521    2.6095    0.3831    0.7678    0.4877  2.315E+11  1.0000   3.606  0.000E+00      0.00      0.00      0.00  0.0000 -24.969   0.000  0.0001  0.720E+00  0.266E+00  0.228E-02  0.277E-04  0.659E-03  0.572E-02  0.227E-05  0.129E-04  0.188E-02  0.152E-03  0.000E+00
  1.629  0.014000  0.000    1.628    0.9121    3.7288    3.7288    2.4697    2.6302    0.3975    0.7759    0.4944  2.314E+11  1.0000   3.606  0.000E+00      0.00      0.00      0.00  0.0000 -24.996   0.000  0.0001  0.720E+00  0.266E+00  0.228E-02  0.277E-04  0.659E-03  0.572E-02  0.227E-05  0.129E-04  0.188E-02  0.152E-03  0.000E+00
  1.629  0.014000  0.000    1.629    0.9060    3.7273    3.7273    2.4850    2.6481    0.4108    0.7832    0.5005  2.315E+11  1.0000   3.606  0.000E+00      0.00      0.00      0.00  0.0000   0.000   0.000  0.0001  0.720E+00  0.266E+00  0.228E-02  0.277E-04  0.659E-03  0.572E-02  0.227E-05  0.129E-04  0.188E-02  0.152E-03  0.000E+00
  1.629  0.014000  0.000    1.629    0.9007    3.7258    3.7258    2.4983    2.6637    0.4230    0.7899    0.5060  2.316E+11  1.0000   3.605  0.000E+00      0.00      0.00      0.00  0.0000   0.000   0.000  0.0001  0.720E+00  0.266E+00  0.228E-02  0.277E-04  0.659E-03  0.572E-02  0.227E-05  0.129E-04  0.188E-02  0.152E-03  0.000E+00
  1.629  0.014000  0.000    1.629    0.8953    3.7244    3.7244    2.5116    2.6793    0.4354    0.7965    0.5115  2.317E+11  1.0000   3.605  0.000E+00      0.00      0.00      0.00  0.0000   0.000   0.000  0.0001  0.720E+00  0.266E+00  0.228E-02  0.277E-04  0.659E-03  0.572E-02  0.227E-05  0.129E-04  0.188E-02  0.152E-03  0.000E+00
  1.630  0.014000  0.000    1.629    0.8903    3.7230    3.7230    2.5241    2.6947    0.4483    0.8032    0.5172  2.319E+11  1.0000   3.604  0.000E+00      0.00      0.00      0.00  0.0000   0.000   0.000  0.0001  0.720E+00  0.266E+00  0.228E-02  0.277E-04  0.659E-03  0.572E-02  0.227E-05  0.129E-04  0.188E-02  0.152E-03  0.000E+00
  1.630  0.014000  0.000    1.630    0.8860    3.7216    3.7216    2.5351    2.7085    0.4616    0.8099    0.5228  2.323E+11  1.0000   3.603  0.000E+00      0.00      0.00      0.00  0.0000   0.000   0.000  0.0001  0.720E+00  0.266E+00  0.228E-02  0.277E-04  0.659E-03  0.572E-02  0.227E-05  0.129E-04  0.188E-02  0.152E-03  0.000E+00
  1.630  0.014000  0.000    1.630    0.8816    3.7201    3.7201    2.5460    2.7224    0.4750    0.8166    0.5285  2.326E+11  1.0000   3.602  0.000E+00      0.00      0.00      0.00  0.0000   0.000   0.000  0.0001  0.720E+00  0.266E+00  0.228E-02  0.277E-04  0.659E-03  0.572E-02  0.227E-05  0.129E-04  0.188E-02  0.152E-03  0.000E+00
  1.630  0.014000  0.000    1.630    0.8787    3.7189    3.7189    2.5532    2.7318    0.4869    0.8223    0.5334  2.331E+11  1.0000   3.600  0.000E+00      0.00      0.00      0.00  0.0000   0.000   0.000  0.0001  0.720E+00  0.266E+00  0.228E-02  0.277E-04  0.659E-03  0.572E-02  0.227E-05  0.129E-04  0.188E-02  0.152E-03  0.000E+00
  1.630  0.014000  0.000    1.630    0.8765    3.7178    3.7178    2.5588    2.7396    0.4982    0.8276    0.5381  2.337E+11  1.0000   3.598  0.000E+00      0.00      0.00      0.00  0.0000   0.000   0.000  0.0001  0.720E+00  0.266E+00  0.228E-02  0.277E-04  0.659E-03  0.572E-02  0.227E-05  0.129E-04  0.188E-02  0.152E-03  0.000E+00
  1.631  0.014000  0.000    1.631    0.8742    3.7167    3.7167    2.5645    2.7490    0.5070    0.8326    0.5421  2.343E+11  1.0000   3.596  0.000E+00      0.00      0.00      0.00  0.0000   0.000   0.000  0.0001  0.720E+00  0.266E+00  0.228E-02  0.277E-04  0.659E-03  0.572E-02  0.227E-05  0.129E-04  0.188E-02  0.152E-03  0.000E+00
  1.631  0.014000  0.000    1.631    0.8722    3.7155    3.7155    2.5695    2.7578    0.5159    0.8377    0.5463  2.350E+11  1.0000   3.593  0.000E+00      0.00      0.00      0.00  0.0000   0.000   0.000  0.0001  0.720E+00  0.266E+00  0.228E-02  0.277E-04  0.659E-03  0.572E-02  0.227E-05  0.129E-04  0.188E-02  0.152E-03  0.000E+00
  1.631  0.014000  0.000    1.631    0.8712    3.7143    3.7143    2.5721    2.7643    0.5252    0.8430    0.5505  2.361E+11  1.0000   3.589  0.000E+00      0.00      0.00      0.00  0.0000   0.000   0.000  0.0001  0.720E+00  0.266E+00  0.228E-02  0.277E-04  0.659E-03  0.572E-02  0.227E-05  0.129E-04  0.188E-02  0.152E-03  0.000E+00
  1.631  0.014000  0.000    1.631    0.8702    3.7131    3.7131    2.5746    2.7708    0.5345    0.8483    0.5549  2.371E+11  1.0000   3.586  0.000E+00      0.00      0.00      0.00  0.0000   0.000   0.000  0.0001  0.720E+00  0.266E+00  0.228E-02  0.277E-04  0.659E-03  0.572E-02  0.227E-05  0.129E-04  0.188E-02  0.152E-03  0.000E+00
  1.632  0.014000  0.000    1.631    0.8692    3.7119    3.7119    2.5769    2.7772    0.5440    0.8537    0.5592  2.382E+11  1.0000   3.582  0.000E+00      0.00      0.00      0.00  0.0000 -24.704   0.000  0.0001  0.720E+00  0.266E+00  0.228E-02  0.277E-04  0.659E-03  0.572E-02  0.227E-05  0.129E-04  0.188E-02  0.152E-03  0.000E+00
  1.632  0.014000  0.000    1.632    0.8692    3.7105    3.7105    2.5771    2.7820    0.5548    0.8599    0.5642  2.397E+11  1.0000   3.576  0.000E+00      0.00      0.00      0.00  0.0000 -19.261   0.000  0.0001  0.720E+00  0.266E+00  0.228E-02  0.278E-04  0.659E-03  0.572E-02  0.227E-05  0.129E-04  0.188E-02  0.152E-03  0.000E+00
  1.632  0.014000  0.000    1.632    0.8691    3.7091    3.7091    2.5773    2.7869    0.5657    0.8661    0.5693  2.412E+11  1.0000   3.571  0.000E+00      0.00      0.00      0.00  0.0000 -13.786   0.000  0.0001  0.720E+00  0.266E+00  0.228E-02  0.278E-04  0.659E-03  0.572E-02  0.227E-05  0.129E-04  0.188E-02  0.152E-03  0.000E+00
  1.633  0.014000  0.000    1.632    0.8751    3.7074    3.7074    2.5622    2.7775    0.5792    0.8738    0.5755  2.448E+11  1.0000   3.558  0.000E+00      0.00      0.00      0.00  0.0000 -11.490   0.000  0.0001  0.719E+00  0.266E+00  0.228E-02  0.319E-04  0.662E-03  0.572E-02  0.227E-05  0.129E-04  0.188E-02  0.152E-03  0.000E+00
  1.633  0.014000  0.000    1.633    0.8828    3.7059    3.7059    2.5429    2.7632    0.5905    0.8803    0.5807  2.487E+11  1.0000   3.545  0.000E+00      0.00      0.00      0.00  0.0000 -11.476   0.000  0.0001  0.719E+00  0.266E+00  0.227E-02  0.371E-04  0.665E-03  0.572E-02  0.227E-05  0.129E-04  0.188E-02  0.152E-03  0.000E+00
  1.633  0.014000  0.000    1.633    0.8906    3.7045    3.7045    2.5235    2.7511    0.6033    0.8876    0.5866  2.526E+11  1.0000   3.531  0.000E+00      0.00      0.00      0.00  0.0000 -11.462   0.000  0.0001  0.719E+00  0.266E+00  0.226E-02  0.423E-04  0.669E-03  0.572E-02  0.227E-05  0.129E-04  0.188E-02  0.152E-03  0.000E+00
  1.634  0.014000  0.000    1.634    0.8984    3.7030    3.7030    2.5041    2.7389    0.6161    0.8949    0.5925  2.566E+11  1.0000   3.518  0.000E+00      0.00      0.00      0.00  0.0000 -11.447   0.000  0.0001  0.719E+00  0.267E+00  0.225E-02  0.476E-04  0.672E-03  0.572E-02  0.227E-05  0.129E-04  0.188E-02  0.152E-03  0.000E+00
  1.634  0.014000  0.000    1.634    0.9062    3.7016    3.7016    2.4845    2.7267    0.6289    0.9022    0.5984  2.607E+11  1.0000   3.504  0.000E+00      0.00      0.00      0.00  0.0000 -11.433   0.000  0.0001  0.719E+00  0.267E+00  0.225E-02  0.529E-04  0.676E-03  0.572E-02  0.227E-05  0.129E-04  0.188E-02  0.152E-03  0.000E+00
  1.635  0.014000  0.000    1.635    0.9141    3.7001    3.7001    2.4647    2.7143    0.6417    0.9095    0.6043  2.648E+11  1.0000   3.491  0.000E+00      0.00      0.00      0.00  0.0000 -11.418   0.000  0.0001  0.718E+00  0.267E+00  0.224E-02  0.583E-04  0.680E-03  0.572E-02  0.227E-05  0.129E-04  0.188E-02  0.152E-03  0.000E+00
  1.635  0.014000  0.000    1.635    0.9242    3.6990    3.6990    2.4396    2.6946    0.6514    0.9151    0.6087  2.693E+11  1.0000   3.476  0.000E+00      0.00      0.00      0.00  0.0000 -11.401   0.000  0.0001  0.718E+00  0.267E+00  0.220E-02  0.607E-04  0.721E-03  0.572E-02  0.228E-05  0.128E-04  0.188E-02  0.152E-03  0.000E+00
  1.636  0.014000  0.000    1.636    0.9349    3.6980    3.6980    2.4129    2.6730    0.6603    0.9201    0.6128  2.739E+11  1.0000   3.462  0.000E+00      0.00      0.00      0.00  0.0000 -11.383   0.000  0.0001  0.717E+00  0.268E+00  0.215E-02  0.623E-04  0.772E-03  0.572E-02  0.229E-05  0.127E-04  0.188E-02  0.152E-03  0.000E+00
  1.636  0.014000  0.000    1.636    0.9456    3.6970    3.6970    2.3861    2.6508    0.6721    0.9252    0.6169  2.786E+11  1.0000   3.447  0.000E+00      0.00      0.00      0.00  0.0000 -11.365   0.000  0.0001  0.717E+00  0.268E+00  0.211E-02  0.640E-04  0.823E-03  0.572E-02  0.230E-05  0.125E-04  0.188E-02  0.152E-03  0.000E+00
  1.637  0.014000  0.000    1.636    0.9564    3.6959    3.6959    2.3591    2.6286    0.6840    0.9303    0.6210  2.834E+11  1.0000   3.432  0.000E+00      0.00      0.00      0.00  0.0000 -11.347   0.000  0.0001  0.716E+00  0.269E+00  0.206E-02  0.657E-04  0.875E-03  0.572E-02  0.231E-05  0.124E-04  0.188E-02  0.152E-03  0.000E+00
  1.637  0.014000  0.000    1.637    0.9672    3.6949    3.6949    2.3320    2.6062    0.6960    0.9354    0.6251  2.883E+11  1.0000   3.417  0.000E+00      0.00      0.00      0.00  0.0000 -11.329   0.000  0.0002  0.716E+00  0.269E+00  0.202E-02  0.673E-04  0.927E-03  0.572E-02  0.232E-05  0.123E-04  0.188E-02  0.152E-03  0.000E+00
  1.638  0.014000  0.000    1.638    0.9891    3.6931    3.6931    2.2771    2.5595    0.7169    0.9444    0.6323  2.981E+11  1.0000   3.388  0.000E+00      0.00      0.00      0.00  0.0000 -11.292   0.000  0.0002  0.715E+00  0.270E+00  0.194E-02  0.701E-04  0.102E-02  0.572E-02  0.239E-05  0.121E-04  0.188E-02  0.152E-03  0.000E+00
  1.639  0.014000  0.000    1.639    1.0116    3.6918    3.6918    2.2210    2.5093    0.7320    0.9509    0.6375  3.078E+11  1.0000   3.361  0.000E+00      0.00      0.00      0.00  0.0000 -11.256   0.000  0.0002  0.714E+00  0.271E+00  0.189E-02  0.718E-04  0.107E-02  0.572E-02  0.256E-05  0.118E-04  0.188E-02  0.152E-03  0.000E+00
  1.640  0.014000  0.000    1.640    1.0343    3.6905    3.6905    2.1644    2.4586    0.7472    0.9574    0.6427  3.178E+11  1.0000   3.333  0.000E+00      0.00      0.00      0.00  0.0000 -11.219   0.000  0.0002  0.713E+00  0.272E+00  0.184E-02  0.734E-04  0.113E-02  0.572E-02  0.273E-05  0.115E-04  0.188E-02  0.152E-03  0.000E+00
  1.641  0.014000  0.000    1.641    1.0566    3.6893    3.6893    2.1085    2.4084    0.7618    0.9636    0.6478  3.280E+11  1.0000   3.306  0.000E+00      0.00      0.00      0.00  0.0000 -11.184   0.000  0.0002  0.712E+00  0.273E+00  0.179E-02  0.744E-04  0.118E-02  0.572E-02  0.300E-05  0.113E-04  0.188E-02  0.152E-03  0.000E+00
  1.642  0.014000  0.000    1.642    1.0785    3.6881    3.6881    2.0538    2.3592    0.7755    0.9695    0.6525  3.382E+11  1.0000   3.280  0.000E+00      0.00      0.00      0.00  0.0000 -11.149   0.000  0.0002  0.711E+00  0.274E+00  0.175E-02  0.747E-04  0.123E-02  0.572E-02  0.339E-05  0.111E-04  0.188E-02  0.152E-03  0.000E+00
  1.643  0.014000  0.000    1.642    1.1005    3.6869    3.6869    1.9988    2.3097    0.7895    0.9755    0.6573  3.488E+11  1.0000   3.253  0.000E+00      0.00      0.00      0.00  0.0000 -11.114   0.000  0.0002  0.710E+00  0.275E+00  0.172E-02  0.749E-04  0.127E-02  0.572E-02  0.379E-05  0.110E-04  0.188E-02  0.152E-03  0.000E+00
  1.645  0.014000  0.000    1.644    1.1404    3.6853    3.6853    1.8990    2.2171    0.8079    0.9834    0.6636  3.678E+11  1.0000   3.208  0.000E+00      0.00      0.00      0.00  0.0000 -11.051   0.000  0.0002  0.709E+00  0.277E+00  0.167E-02  0.733E-04  0.133E-02  0.572E-02  0.464E-05  0.107E-04  0.188E-02  0.152E-03  0.000E+00
  1.647  0.014000  0.000    1.646    1.1785    3.6839    3.6839    1.8037    2.1283    0.8244    0.9904    0.6693  3.868E+11  1.0000   3.164  0.000E+00      0.00      0.00      0.00  0.0000 -10.992   0.000  0.0002  0.707E+00  0.278E+00  0.162E-02  0.715E-04  0.139E-02  0.572E-02  0.585E-05  0.105E-04  0.188E-02  0.152E-03  0.000E+00
  1.648  0.014000  0.000    1.648    1.2148    3.6825    3.6825    1.7131    2.0442    0.8410    0.9976    0.6750  4.060E+11  1.0000   3.123  0.000E+00      0.00      0.00      0.00  0.0000 -10.936   0.000  0.0003  0.706E+00  0.279E+00  0.159E-02  0.700E-04  0.143E-02  0.571E-02  0.720E-05  0.103E-04  0.188E-02  0.152E-03  0.000E+00
  1.650  0.014000  0.000    1.650    1.2465    3.6809    3.6809    1.6338    1.9724    0.8600    1.0057    0.6816  4.243E+11  1.0000   3.085  0.000E+00      0.00      0.00      0.00  0.0000 -10.885   0.000  0.0003  0.706E+00  0.280E+00  0.157E-02  0.694E-04  0.145E-02  0.571E-02  0.730E-05  0.102E-04  0.188E-02  0.152E-03  0.000E+00
  1.652  0.014000  0.000    1.651    1.2766    3.6793    3.6793    1.5585    1.9043    0.8783    1.0136    0.6879  4.424E+11  1.0000   3.049  0.000E+00      0.00      0.00      0.00  0.0000 -10.837   0.000  0.0003  0.705E+00  0.280E+00  0.156E-02  0.688E-04  0.147E-02  0.571E-02  0.744E-05  0.101E-04  0.188E-02  0.152E-03  0.000E+00
  1.654  0.014000  0.000    1.653    1.3051    3.6779    3.6779    1.4872    1.8394    0.8946    1.0206    0.6935  4.601E+11  1.0000   3.016  0.000E+00      0.00      0.00      0.00  0.0000 -10.792   0.000  0.0003  0.705E+00  0.281E+00  0.155E-02  0.685E-04  0.148E-02  0.571E-02  0.759E-05  0.100E-04  0.188E-02  0.152E-03  0.000E+00
  1.656  0.014000  0.000    1.655    1.3322    3.6767    3.6767    1.4195    1.7772    0.9088    1.0266    0.6984  4.774E+11  1.0000   2.984  0.000E+00      0.00      0.00      0.00  0.0000 -10.750   0.000  0.0003  0.705E+00  0.281E+00  0.154E-02  0.683E-04  0.148E-02  0.571E-02  0.773E-05  0.100E-04  0.188E-02  0.152E-03  0.000E+00
  1.657  0.014000  0.000    1.656    1.3572    3.6753    3.6753    1.3569    1.7209    0.9246    1.0334    0.7039  4.944E+11  1.0000   2.954  0.000E+00      0.00      0.00      0.00  0.0000 -10.709   0.000  0.0004  0.704E+00  0.281E+00  0.154E-02  0.681E-04  0.149E-02  0.571E-02  0.802E-05  0.998E-05  0.188E-02  0.152E-03  0.000E+00
  1.658  0.014000  0.000    1.657    1.3824    3.6740    3.6740    1.2941    1.6643    0.9404    1.0402    0.7094  5.121E+11  1.0000   2.924  0.000E+00      0.00      0.00      0.00  0.0000 -10.669   0.000  0.0004  0.704E+00  0.281E+00  0.153E-02  0.679E-04  0.149E-02  0.571E-02  0.832E-05  0.995E-05  0.188E-02  0.152E-03  0.000E+00
  1.659  0.014000  0.000    1.657    1.4083    3.6726    3.6726    1.2293    1.6065    0.9531    1.0472    0.7150  5.310E+11  1.0000   2.892  0.000E+00      0.00      0.00      0.00  0.0000 -10.627   0.000  0.0004  0.704E+00  0.281E+00  0.153E-02  0.678E-04  0.150E-02  0.571E-02  0.874E-05  0.992E-05  0.188E-02  0.152E-03  0.000E+00
  1.660  0.014000  0.000    1.658    1.4353    3.6711    3.6711    1.1618    1.5462    0.9663    1.0543    0.7207  5.514E+11  1.0000   2.860  0.000E+00      0.00      0.00      0.00  0.0000 -10.584   0.000  0.0004  0.704E+00  0.282E+00  0.152E-02  0.675E-04  0.151E-02  0.571E-02  0.932E-05  0.989E-05  0.188E-02  0.152E-03  0.000E+00
  1.660  0.014000  0.000    1.659    1.4624    3.6697    3.6697    1.0941    1.4856    0.9795    1.0616    0.7266  5.727E+11  1.0000   2.827  0.000E+00      0.00      0.00      0.00  0.0000 -10.541   0.000  0.0005  0.703E+00  0.282E+00  0.152E-02  0.673E-04  0.151E-02  0.571E-02  0.991E-05  0.985E-05  0.188E-02  0.152E-03  0.000E+00
  1.661  0.014000  0.000    1.660    1.4924    3.6680    3.6680    1.0189    1.4192    0.9954    1.0702    0.7336  5.976E+11  1.0000   2.790  0.000E+00      0.00      0.00      0.00  0.0000 -10.493   0.000  0.0005  0.703E+00  0.282E+00  0.152E-02  0.672E-04  0.152E-02  0.571E-02  0.101E-04  0.984E-05  0.188E-02  0.152E-03  0.000E+00
  1.662  0.014000  0.000    1.661    1.5236    3.6661    3.6661    0.9410    1.3505    1.0123    1.0794    0.7410  6.247E+11  1.0000   2.752  0.000E+00      0.00      0.00      0.00  0.0000 -10.442   0.000  0.0005  0.703E+00  0.282E+00  0.151E-02  0.672E-04  0.152E-02  0.571E-02  0.102E-04  0.983E-05  0.188E-02  0.152E-03  0.000E+00
  1.663  0.014000  0.000    1.661    1.5552    3.6643    3.6643    0.8620    1.2806    1.0291    1.0886    0.7484  6.533E+11  1.0000   2.713  0.000E+00      0.00      0.00      0.00  0.0000 -10.392   0.000  0.0006  0.703E+00  0.282E+00  0.151E-02  0.672E-04  0.152E-02  0.571E-02  0.102E-04  0.983E-05  0.188E-02  0.152E-03  0.000E+00
  1.664  0.014000  0.000    1.662    1.5901    3.6625    3.6625    0.7746    1.2019    1.0451    1.0973    0.7555  6.856E+11  1.0000   2.672  0.000E+00      0.00      0.00      0.00  0.0000 -10.336   0.000  0.0006  0.703E+00  0.282E+00  0.151E-02  0.671E-04  0.152E-02  0.571E-02  0.103E-04  0.982E-05  0.188E-02  0.152E-03  0.000E+00
  1.665  0.014000  0.000    1.663    1.6252    3.6608    3.6608    0.6869    1.1229    1.0610    1.1060    0.7625  7.196E+11  1.0000   2.630  0.000E+00      0.00      0.00      0.00  0.0000 -10.280   0.000  0.0007  0.703E+00  0.282E+00  0.151E-02  0.671E-04  0.152E-02  0.571E-02  0.104E-04  0.981E-05  0.188E-02  0.152E-03  0.000E+00
  1.666  0.014000  0.000    1.663    1.6428    3.6599    3.6599    0.6429    1.0833    1.0691    1.1104    0.7661  7.373E+11  1.0000   2.609  0.000E+00      0.00      0.00      0.00  0.0000 -10.252   0.000  0.0007  0.703E+00  0.282E+00  0.151E-02  0.670E-04  0.152E-02  0.571E-02  0.105E-04  0.980E-05  0.188E-02  0.152E-03  0.000E+00
  1.666  0.014000  0.000    1.664    1.6623    3.6585    3.6585    0.5943    1.0417    1.0819    1.1174    0.7718  7.589E+11  1.0000   2.584  0.000E+00      0.00      0.00      0.00  0.0000 -10.220   0.000  0.0007  0.703E+00  0.282E+00  0.151E-02  0.670E-04  0.152E-02  0.571E-02  0.105E-04  0.980E-05  0.188E-02  0.152E-03  0.000E+00
  1.667  0.014000  0.000    1.664    1.6818    3.6571    3.6571    0.5456    1.0000    1.0949    1.1245    0.7775  7.812E+11  1.0000   2.559  0.000E+00      0.00      0.00      0.00  0.0000 -10.188   0.000  0.0008  0.703E+00  0.282E+00  0.151E-02  0.670E-04  0.152E-02  0.571E-02  0.105E-04  0.980E-05  0.188E-02  0.152E-03  0.000E+00
  1.667  0.014000  0.000    1.664    1.7013    3.6557    3.6557    0.4968    0.9583    1.1078    1.1315    0.7833  8.042E+11  1.0000   2.534  0.000E+00      0.00      0.00      0.00  0.0000 -10.156   0.000  0.0008  0.703E+00  0.282E+00  0.151E-02  0.670E-04  0.152E-02  0.571E-02  0.105E-04  0.980E-05  0.188E-02  0.152E-03  0.000E+00
  1.667  0.014000  0.000    1.665    1.7208    3.6543    3.6543    0.4479    0.9166    1.1208    1.1386    0.7891  8.279E+11  1.0000   2.508  0.000E+00      0.00      0.00      0.00  0.0000 -10.124   0.000  0.0009  0.703E+00  0.282E+00  0.151E-02  0.670E-04  0.152E-02  0.571E-02  0.105E-04  0.980E-05  0.188E-02  0.152E-03  0.000E+00
  1.668  0.014000  0.000    1.665    1.7404    3.6528    3.6528    0.3990    0.8747    1.1339    1.1458    0.7949  8.523E+11  1.0000   2.483  0.000E+00      0.00      0.00      0.00  0.0000 -10.092   0.000  0.0009  0.703E+00  0.282E+00  0.151E-02  0.670E-04  0.152E-02  0.571E-02  0.105E-04  0.980E-05  0.188E-02  0.152E-03  0.000E+00
  1.669  0.014000  0.000    1.666    1.7619    3.6516    3.6516    0.3453    0.8274    1.1456    1.1521    0.8001  8.788E+11  1.0000   2.457  0.000E+00      0.00      0.00      0.00  0.0000 -10.057   0.000  0.0009  0.703E+00  0.282E+00  0.151E-02  0.670E-04  0.152E-02  0.571E-02  0.106E-04  0.979E-05  0.188E-02  0.152E-03  0.000E+00
  1.670  0.014000  0.000    1.666    1.7812    3.6505    3.6505    0.2970    0.7846    1.1555    1.1576    0.8046  9.031E+11  1.0000   2.433  0.000E+00      0.00      0.00      0.00  0.0000 -10.026   0.000  0.0010  0.703E+00  0.282E+00  0.151E-02  0.670E-04  0.152E-02  0.571E-02  0.106E-04  0.979E-05  0.188E-02  0.152E-03  0.000E+00
  1.671  0.014000  0.000    1.667    1.8056    3.6490    3.6490    0.2359    0.7318    1.1697    1.1648    0.8105  9.351E+11  1.0000   2.403  0.000E+00      0.00      0.00      0.00  0.0000  -9.987   0.000  0.0010  0.703E+00  0.282E+00  0.151E-02  0.670E-04  0.152E-02  0.571E-02  0.106E-04  0.979E-05  0.188E-02  0.152E-03  0.000E+00
  1.671  0.014000  0.000    1.667    1.8232    3.6479    3.6479    0.1920    0.6946    1.1807    1.1704    0.8151  9.591E+11  1.0000   2.381  0.000E+00      0.00      0.00      0.00  0.0000  -9.958   0.000  0.0011  0.703E+00  0.282E+00  0.151E-02  0.670E-04  0.153E-02  0.571E-02  0.106E-04  0.979E-05  0.188E-02  0.152E-03  0.000E+00
  1.672  0.014000  0.000    1.667    1.8408    3.6468    3.6468    0.1480    0.6573    1.1918    1.1759    0.8196  9.837E+11  1.0000   2.359  0.000E+00      0.00      0.00      0.00  0.0000  -9.930   0.000  0.0011  0.703E+00  0.282E+00  0.151E-02  0.670E-04  0.153E-02  0.571E-02  0.106E-04  0.979E-05  0.188E-02  0.152E-03  0.000E+00
  1.672  0.014000  0.000    1.667    1.8583    3.6457    3.6457    0.1041    0.6202    1.2029    1.1814    0.8242  1.009E+12  1.0000   2.337  0.000E+00      0.00      0.00      0.00  0.0000  -9.901   0.000  0.0011  0.703E+00  0.282E+00  0.151E-02  0.670E-04  0.153E-02  0.571E-02  0.106E-04  0.979E-05  0.188E-02  0.152E-03  0.000E+00
  1.673  0.014000  0.000    1.668    1.8759    3.6446    3.6446    0.0603    0.5830    1.2139    1.1870    0.8287  1.035E+12  1.0000   2.316  0.000E+00      0.00      0.00      0.00  0.0000  -9.873   0.000  0.0012  0.703E+00  0.282E+00  0.151E-02  0.670E-04  0.153E-02  0.571E-02  0.106E-04  0.979E-05  0.188E-02  0.152E-03  0.000E+00
  1.673  0.014000  0.000    1.668    1.8988    3.6432    3.6432    0.0030    0.5345    1.2284    1.1942    0.8347  1.070E+12  1.0000   2.287  0.000E+00      0.00      0.00      0.00  0.0000  -9.835   0.000  0.0013  0.703E+00  0.282E+00  0.151E-02  0.670E-04  0.153E-02  0.571E-02  0.106E-04  0.978E-05  0.188E-02  0.152E-03  0.000E+00
  1.674  0.014000  0.000    1.668    1.9260    3.6414    3.6414   -0.0651    0.4770    1.2457    1.2029    0.8419  1.112E+12  1.0000   2.253  0.000E+00      0.00      0.00      0.00  0.0000  -9.791   0.000  0.0014  0.703E+00  0.282E+00  0.151E-02  0.670E-04  0.153E-02  0.571E-02  0.107E-04  0.978E-05  0.188E-02  0.152E-03  0.000E+00
  1.674  0.014000  0.000    1.668    1.9534    3.6397    3.6397   -0.1335    0.4191    1.2631    1.2115    0.8491  1.157E+12  1.0000   2.218  0.000E+00      0.00      0.00      0.00  0.0000  -9.747   0.000  0.0014  0.703E+00  0.282E+00  0.151E-02  0.670E-04  0.153E-02  0.571E-02  0.107E-04  0.978E-05  0.188E-02  0.152E-03  0.000E+00
  1.674  0.014000  0.000    1.668    1.9809    3.6379    3.6379   -0.2023    0.3609    1.2806    1.2203    0.8564  1.204E+12  1.0000   2.184  0.000E+00      0.00      0.00      0.00  0.0000  -9.702   0.000  0.0015  0.703E+00  0.282E+00  0.151E-02  0.670E-04  0.153E-02  0.571E-02  0.107E-04  0.978E-05  0.188E-02  0.152E-03  0.000E+00
  1.675  0.014000  0.000    1.668    2.0086    3.6362    3.6362   -0.2715    0.3024    1.2981    1.2291    0.8637  1.253E+12  1.0000   2.149  0.000E+00      0.00      0.00      0.00  0.0000  -9.657   0.000  0.0016  0.703E+00  0.282E+00  0.151E-02  0.670E-04  0.153E-02  0.571E-02  0.107E-04  0.978E-05  0.188E-02  0.152E-03  0.000E+00
  1.675  0.014000  0.000    1.668    2.0225    3.6353    3.6353   -0.3063    0.2730    1.3070    1.2335    0.8674  1.279E+12  1.0000   2.132  0.000E+00      0.00      0.00      0.00  0.0000  -9.635   0.000  0.0017  0.703E+00  0.282E+00  0.151E-02  0.670E-04  0.153E-02  0.571E-02  0.107E-04  0.978E-05  0.188E-02  0.152E-03  0.000E+00
  1.675  0.014000  0.000    1.668    2.0435    3.6339    3.6339   -0.3588    0.2291    1.3213    1.2406    0.8734  1.319E+12  1.0000   2.105  0.000E+00      0.00      0.00      0.00  0.0000  -9.600   0.000  0.0018  0.703E+00  0.282E+00  0.151E-02  0.670E-04  0.153E-02  0.571E-02  0.107E-04  0.978E-05  0.188E-02  0.152E-03  0.000E+00
  1.676  0.014000  0.000    1.668    2.0645    3.6324    3.6324   -0.4114    0.1853    1.3356    1.2478    0.8795  1.360E+12  1.0000   2.078  0.000E+00      0.00      0.00      0.00  0.0000  -9.566   0.000  0.0019  0.703E+00  0.282E+00  0.151E-02  0.670E-04  0.153E-02  0.571E-02  0.107E-04  0.978E-05  0.188E-02  0.152E-03  0.000E+00
  1.676  0.014000  0.000    1.668    2.0856    3.6310    3.6310   -0.4640    0.1414    1.3500    1.2550    0.8855  1.402E+12  1.0000   2.051  0.000E+00      0.00      0.00      0.00  0.0000  -9.532   0.000  0.0020  0.703E+00  0.282E+00  0.151E-02  0.670E-04  0.153E-02  0.571E-02  0.107E-04  0.978E-05  0.188E-02  0.152E-03  0.000E+00
  1.676  0.014000  0.000    1.668    2.1066    3.6296    3.6296   -0.5166    0.0974    1.3643    1.2622    0.8916  1.446E+12  1.0000   2.025  0.000E+00      0.00      0.00      0.00  0.0000  -9.497   0.000  0.0021  0.703E+00  0.282E+00  0.151E-02  0.670E-04  0.153E-02  0.571E-02  0.107E-04  0.978E-05  0.188E-02  0.152E-03  0.000E+00
  1.676  0.014000  0.000    1.668    2.1277    3.6281    3.6281   -0.5693    0.0535    1.3787    1.2693    0.8977  1.492E+12  1.0000   1.998  0.000E+00      0.00      0.00      0.00  0.0000  -9.463   0.000  0.0022  0.703E+00  0.282E+00  0.151E-02  0.670E-04  0.153E-02  0.571E-02  0.107E-04  0.978E-05  0.188E-02  0.152E-03  0.000E+00
  1.677  0.014000  0.000    1.668    2.1488    3.6267    3.6267   -0.6220    0.0095    1.3931    1.2765    0.9038  1.539E+12  1.0000   1.971  0.000E+00      0.00      0.00      0.00  0.0000  -9.428   0.000  0.0023  0.703E+00  0.282E+00  0.151E-02  0.670E-04  0.153E-02  0.571E-02  0.107E-04  0.978E-05  0.188E-02  0.152E-03  0.000E+00
  1.677  0.014000  0.000    1.668    2.1699    3.6253    3.6253   -0.6748   -0.0345    1.4074    1.2837    0.9099  1.587E+12  1.0000   1.944  0.000E+00      0.00      0.00      0.00  0.0000  -9.394   0.000  0.0024  0.703E+00  0.282E+00  0.151E-02  0.670E-04  0.153E-02  0.571E-02  0.107E-04  0.978E-05  0.188E-02  0.152E-03  0.000E+00
  1.677  0.014000  0.000    1.667    2.1910    3.6238    3.6238   -0.7276   -0.0786    1.4219    1.2909    0.9161  1.637E+12  1.0000   1.917  0.000E+00      0.00      0.00      0.00  0.0000  -9.359   0.000  0.0025  0.703E+00  0.282E+00  0.150E-02  0.670E-04  0.153E-02  0.571E-02  0.107E-04  0.978E-05  0.188E-02  0.152E-03  0.000E+00
  1.677  0.014000  0.000    1.667    2.2122    3.6224    3.6224   -0.7804   -0.1227    1.4363    1.2981    0.9223  1.688E+12  1.0000   1.890  0.000E+00      0.00      0.00      0.00  0.0000  -9.324   0.000  0.0026  0.703E+00  0.282E+00  0.150E-02  0.670E-04  0.153E-02  0.571E-02  0.107E-04  0.977E-05  0.188E-02  0.152E-03  0.000E+00
  1.677  0.014000  0.000    1.667    2.2333    3.6209    3.6209   -0.8333   -0.1640    1.4500    1.3054    0.9285  1.741E+12  1.0000   1.863  0.000E+00      0.00      0.00      0.00  0.0000  -9.290   0.000  0.0027  0.703E+00  0.282E+00  0.150E-02  0.670E-04  0.153E-02  0.571E-02  0.107E-04  0.977E-05  0.188E-02  0.152E-03  0.000E+00
  1.678  0.014000  0.000    1.667    2.2507    3.6196    3.6196   -0.8768   -0.1961    1.4623    1.3120    0.9342  1.787E+12  1.0000   1.840  0.000E+00      0.00      0.00      0.00  0.0000  -9.261   0.000  0.0029  0.703E+00  0.282E+00  0.150E-02  0.670E-04  0.153E-02  0.571E-02  0.107E-04  0.977E-05  0.188E-02  0.152E-03  0.000E+00
  1.678  0.014000  0.000    1.667    2.2687    3.6182    3.6182   -0.9216   -0.2290    1.4751    1.3188    0.9401  1.836E+12  1.0000   1.817  0.000E+00      0.00      0.00      0.00  0.0000  -9.231   0.000  0.0031  0.703E+00  0.282E+00  0.150E-02  0.670E-04  0.153E-02  0.571E-02  0.107E-04  0.977E-05  0.188E-02  0.152E-03  0.000E+00
  1.678  0.014000  0.000    1.666    2.2866    3.6169    3.6169   -0.9665   -0.2620    1.4879    1.3257    0.9461  1.887E+12  1.0000   1.793  0.000E+00      0.00      0.00      0.00  0.0000  -9.201   0.000  0.0032  0.703E+00  0.282E+00  0.150E-02  0.670E-04  0.153E-02  0.571E-02  0.107E-04  0.977E-05  0.188E-02  0.152E-03  0.000E+00
  1.678  0.014000  0.000    1.666    2.3046    3.6155    3.6155   -1.0114   -0.2951    1.5007    1.3325    0.9521  1.938E+12  1.0000   1.770  0.000E+00      0.00      0.00      0.00  0.0000  -9.172   0.000  0.0034  0.703E+00  0.282E+00  0.150E-02  0.670E-04  0.153E-02  0.571E-02  0.107E-04  0.977E-05  0.188E-02  0.152E-03  0.000E+00
  1.678  0.014000  0.000    1.665    2.3225    3.6141    3.6141   -1.0563   -0.3281    1.5135    1.3394    0.9581  1.991E+12  1.0000   1.746  0.000E+00      0.00      0.00      0.00  0.0000  -9.142   0.000  0.0036  0.703E+00  0.282E+00  0.150E-02  0.670E-04  0.153E-02  0.571E-02  0.107E-04  0.977E-05  0.188E-02  0.152E-03  0.000E+00
  1.678  0.014000  0.000    1.665    2.3405    3.6128    3.6128   -1.1012   -0.3611    1.5263    1.3462    0.9641  2.046E+12  1.0000   1.723  0.000E+00      0.00      0.00      0.00  0.0000  -9.112   0.000  0.0038  0.703E+00  0.282E+00  0.150E-02  0.670E-04  0.153E-02  0.571E-02  0.108E-04  0.977E-05  0.188E-02  0.152E-03  0.000E+00
  1.678  0.014000  0.000    1.665    2.3585    3.6114    3.6114   -1.1462   -0.3942    1.5391    1.3531    0.9702  2.102E+12  1.0000   1.699  0.000E+00      0.00      0.00      0.00  0.0000  -9.082   0.000  0.0039  0.703E+00  0.282E+00  0.150E-02  0.670E-04  0.153E-02  0.571E-02  0.108E-04  0.977E-05  0.188E-02  0.152E-03  0.000E+00
  1.678  0.014000  0.000    1.664    2.3765    3.6100    3.6100   -1.1911   -0.4272    1.5519    1.3600    0.9762  2.159E+12  1.0000   1.676  0.000E+00      0.00      0.00      0.00  0.0000  -9.052   0.000  0.0041  0.703E+00  0.282E+00  0.150E-02  0.670E-04  0.153E-02  0.571E-02  0.108E-04  0.977E-05  0.188E-02  0.152E-03  0.000E+00
  1.679  0.014000  0.000    1.664    2.3944    3.6086    3.6086   -1.2361   -0.4603    1.5647    1.3668    0.9824  2.218E+12  1.0000   1.652  0.000E+00      0.00      0.00      0.00  0.0000  -9.022   0.000  0.0043  0.703E+00  0.282E+00  0.150E-02  0.670E-04  0.153E-02  0.571E-02  0.108E-04  0.977E-05  0.188E-02  0.152E-03  0.000E+00
  1.679  0.014000  0.000    1.663    2.4124    3.6073    3.6073   -1.2811   -0.4934    1.5776    1.3737    0.9885  2.279E+12  1.0000   1.628  0.000E+00      0.00      0.00      0.00  0.0000  -8.993   0.000  0.0045  0.703E+00  0.282E+00  0.150E-02  0.670E-04  0.153E-02  0.571E-02  0.108E-04  0.977E-05  0.188E-02  0.152E-03  0.000E+00
  1.679  0.014000  0.000    1.663    2.4304    3.6059    3.6059   -1.3261   -0.5264    1.5904    1.3806    0.9947  2.342E+12  1.0000   1.605  0.000E+00      0.00      0.00      0.00  0.0000  -8.963   0.000  0.0046  0.703E+00  0.282E+00  0.150E-02  0.670E-04  0.153E-02  0.571E-02  0.108E-04  0.977E-05  0.188E-02  0.152E-03  0.000E+00
  1.679  0.014000  0.000    1.663    2.4485    3.6045    3.6045   -1.3711   -0.5595    1.6033    1.3875    1.0009  2.406E+12  1.0000   1.581  0.000E+00      0.00      0.00      0.00  0.0000  -8.933   0.000  0.0048  0.703E+00  0.282E+00  0.150E-02  0.670E-04  0.153E-02  0.571E-02  0.108E-04  0.977E-05  0.188E-02  0.152E-03  0.000E+00
  1.679  0.014000  0.000    1.662    2.4665    3.6031    3.6031   -1.4162   -0.5926    1.6161    1.3944    1.0071  2.472E+12  1.0000   1.558  0.000E+00      0.00      0.00      0.00  0.0000  -8.903   0.000  0.0050  0.703E+00  0.282E+00  0.150E-02  0.670E-04  0.153E-02  0.571E-02  0.108E-04  0.977E-05  0.188E-02  0.152E-03  0.000E+00
  1.679  0.014000  0.000    1.662    2.4845    3.6018    3.6018   -1.4612   -0.6258    1.6290    1.4012    1.0133  2.540E+12  1.0000   1.534  0.000E+00      0.00      0.00      0.00  0.0000  -8.873   0.000  0.0052  0.703E+00  0.282E+00  0.150E-02  0.670E-04  0.153E-02  0.571E-02  0.108E-04  0.977E-05  0.188E-02  0.152E-03  0.000E+00
  1.679  0.014000  0.000    1.662    2.5025    3.6004    3.6004   -1.5063   -0.6589    1.6419    1.4081    1.0196  2.610E+12  1.0000   1.510  0.000E+00      0.00      0.00      0.00  0.0000  -8.843   0.000  0.0053  0.703E+00  0.282E+00  0.150E-02  0.670E-04  0.153E-02  0.571E-02  0.108E-04  0.977E-05  0.188E-02  0.152E-03  0.000E+00
  1.679  0.014000  0.000    1.661    2.5206    3.5990    3.5990   -1.5514   -0.6920    1.6547    1.4150    1.0259  2.682E+12  1.0000   1.487  0.000E+00      0.00      0.00      0.00  0.0000  -8.813   0.000  0.0055  0.703E+00  0.282E+00  0.150E-02  0.670E-04  0.153E-02  0.571E-02  0.108E-04  0.977E-05  0.188E-02  0.152E-03  0.000E+00
  1.679  0.014000  0.000    1.661    2.5386    3.5976    3.5976   -1.5965   -0.7252    1.6676    1.4219    1.0323  2.755E+12  1.0000   1.463  0.000E+00      0.00      0.00      0.00  0.0000  -8.783   0.000  0.0057  0.703E+00  0.282E+00  0.150E-02  0.670E-04  0.153E-02  0.571E-02  0.108E-04  0.977E-05  0.188E-02  0.152E-03  0.000E+00
  1.680  0.014000  0.000    1.660    2.5567    3.5962    3.5962   -1.6417   -0.7583    1.6805    1.4288    1.0387  2.831E+12  1.0000   1.439  0.000E+00      0.00      0.00      0.00  0.0000  -8.753   0.000  0.0059  0.703E+00  0.282E+00  0.150E-02  0.670E-04  0.153E-02  0.571E-02  0.108E-04  0.977E-05  0.188E-02  0.152E-03  0.000E+00
  1.680  0.014000  0.000    1.660    2.5747    3.5948    3.5948   -1.6868   -0.7915    1.6934    1.4358    1.0451  2.909E+12  1.0000   1.416  0.000E+00      0.00      0.00      0.00  0.0000  -8.723   0.000  0.0060  0.703E+00  0.282E+00  0.150E-02  0.670E-04  0.153E-02  0.571E-02  0.108E-04  0.977E-05  0.188E-02  0.152E-03  0.000E+00
  1.680  0.014000  0.000    1.657    2.6042    3.5923    3.5923   -1.7605   -0.8429    1.7174    1.4486    1.0571  3.045E+12  1.0000   1.375  0.000E+00      0.00      0.00      0.00  0.0000  -8.673   0.000  0.0070  0.703E+00  0.282E+00  0.150E-02  0.670E-04  0.153E-02  0.571E-02  0.108E-04  0.977E-05  0.188E-02  0.152E-03  0.000E+00
  1.680  0.014000  0.000    1.652    2.6472    3.5883    3.5883   -1.8679   -0.8926    1.7446    1.4685    1.0759  3.259E+12  1.0000   1.315  0.000E+00      0.00      0.00      0.00  0.0000  -8.599   0.000  0.0090  0.703E+00  0.282E+00  0.150E-02  0.670E-04  0.153E-02  0.571E-02  0.108E-04  0.977E-05  0.188E-02  0.152E-03  0.000E+00
  1.680  0.014000  0.000    1.646    2.6901    3.5843    3.5843   -1.9753   -0.9404    1.7711    1.4883    1.0949  3.487E+12  1.0000   1.255  0.000E+00      0.00      0.00      0.00  0.0000  -8.525   0.000  0.0109  0.703E+00  0.282E+00  0.150E-02  0.670E-04  0.153E-02  0.571E-02  0.108E-04  0.977E-05  0.188E-02  0.152E-03  0.000E+00
  1.680  0.014000  0.000    1.641    2.7331    3.5804    3.5804   -2.0827   -0.9883    1.7975    1.5082    1.1143  3.732E+12  1.0000   1.194  0.000E+00      0.00      0.00      0.00  0.0000  -8.451   0.000  0.0129  0.703E+00  0.282E+00  0.150E-02  0.670E-04  0.153E-02  0.571E-02  0.108E-04  0.977E-05  0.188E-02  0.152E-03  0.000E+00
  1.680  0.014000  0.000    1.635    2.7761    3.5764    3.5764   -2.1901   -1.0361    1.8240    1.5280    1.1340  3.993E+12  1.0000   1.134  0.000E+00      0.00      0.00      0.00  0.0000  -8.378   0.000  0.0148  0.703E+00  0.282E+00  0.150E-02  0.670E-04  0.153E-02  0.571E-02  0.108E-04  0.977E-05  0.188E-02  0.152E-03  0.000E+00
  1.680  0.014000  0.000    1.630    2.8190    3.5724    3.5724   -2.2975   -1.0829    1.8421    1.5437    1.1497  4.273E+12  1.0000   1.074  0.000E+00      0.00      0.00      0.00  0.0000  -8.304   0.000  0.0168  0.703E+00  0.282E+00  0.150E-02  0.670E-04  0.153E-02  0.571E-02  0.108E-04  0.977E-05  0.188E-02  0.152E-03  0.000E+00
  1.681  0.014000  0.000    1.624    2.8620    3.5685    3.5685   -2.4049   -1.1281    1.8474    1.5529    1.1592  4.573E+12  1.0000   1.013  0.000E+00      0.00      0.00      0.00  0.0000  -8.230   0.000  0.0187  0.703E+00  0.282E+00  0.150E-02  0.670E-04  0.153E-02  0.571E-02  0.108E-04  0.977E-05  0.188E-02  0.152E-03  0.000E+00
  1.681  0.014000  0.000    1.618    2.9049    3.5645    3.5645   -2.5123   -1.1734    1.8527    1.5622    1.1687  4.893E+12  1.0000   0.953  0.000E+00      0.00      0.00      0.00  0.0000  -8.156   0.000  0.0207  0.703E+00  0.282E+00  0.150E-02  0.670E-04  0.153E-02  0.571E-02  0.108E-04  0.977E-05  0.188E-02  0.152E-03  0.000E+00
  1.681  0.014000  0.000    1.613    2.9479    3.5605    3.5605   -2.6197   -1.2186    1.8580    1.5714    1.1782  5.236E+12  1.0000   0.893  0.000E+00      0.00      0.00      0.00  0.0000  -8.082   0.000  0.0226  0.703E+00  0.282E+00  0.150E-02  0.670E-04  0.153E-02  0.571E-02  0.108E-04  0.977E-05  0.188E-02  0.152E-03  0.000E+00
  1.681  0.014000  0.000    1.607    2.9908    3.5566    3.5566   -2.7271   -1.2638    1.8633    1.5807    1.1879  5.603E+12  1.0000   0.832  0.000E+00      0.00      0.00      0.00  0.0000  -8.008   0.000  0.0246  0.703E+00  0.282E+00  0.150E-02  0.670E-04  0.153E-02  0.571E-02  0.108E-04  0.977E-05  0.188E-02  0.152E-03  0.000E+00
  1.681  0.014000  0.000    1.602    3.0338    3.5526    3.5526   -2.8345   -1.5275    1.8885    1.6742    1.3092  5.995E+12  1.0000   0.772  0.000E+00      0.00      0.00      0.00  0.0000  -7.934   0.000  0.0265  0.703E+00  0.282E+00  0.150E-02  0.670E-04  0.153E-02  0.571E-02  0.108E-04  0.977E-05  0.188E-02  0.152E-03  0.000E+00
  1.681  0.014000  0.000    1.596    3.0767    3.5486    3.5486   -2.9419   -1.5781    1.9031    1.6861    1.3210  6.415E+12  1.0000   0.712  0.000E+00      0.00      0.00      0.00  0.0000  -7.861   0.000  0.0285  0.703E+00  0.282E+00  0.150E-02  0.670E-04  0.153E-02  0.571E-02  0.108E-04  0.977E-05  0.188E-02  0.152E-03  0.000E+00
  1.681  0.014000  0.000    1.591    3.1197    3.5447    3.5447   -3.0492   -1.6286    1.9176    1.6980    1.3328  6.865E+12  1.0000   0.651  0.000E+00      0.00      0.00      0.00  0.0000  -7.787   0.000  0.0304  0.703E+00  0.282E+00  0.150E-02  0.670E-04  0.153E-02  0.571E-02  0.108E-04  0.977E-05  0.188E-02  0.152E-03  0.000E+00
  1.681  0.014000  0.000    1.585    3.1626    3.5407    3.5407   -3.1566   -1.6965    1.9273    1.7021    1.3368  7.346E+12  1.0000   0.591  0.000E+00      0.00      0.00      0.00  0.0000  -7.713   0.000  0.0324  0.703E+00  0.282E+00  0.150E-02  0.670E-04  0.153E-02  0.571E-02  0.108E-04  0.977E-05  0.188E-02  0.152E-03  0.000E+00
  1.682  0.014000  0.000    1.574    3.2485    3.5327    3.5327   -3.3713   -1.8394    1.9446    1.7070    1.3417  8.411E+12  1.0000   0.470  0.000E+00      0.00      0.00      0.00  0.0000  -7.565   0.000  0.0363  0.703E+00  0.282E+00  0.150E-02  0.670E-04  0.153E-02  0.571E-02  0.108E-04  0.976E-05  0.188E-02  0.152E-03  0.000E+00
