  0.800  0.014000  0.000    0.800   -0.4660    3.6983    3.6983    5.9151    6.2677    0.4384    0.9034    0.5634  5.450E+10  1.0000   4.553  0.000E+00      0.00      0.00      0.00  0.0000   0.000   0.000  0.0000  0.758E+00  0.229E+00  0.203E-02  0.244E-04  0.590E-03  0.515E-02  0.202E-05  0.114E-04  0.170E-02  0.136E-03  0.000E+00
  0.804  0.014000  0.000    0.804   -0.4537    3.7000    3.7000    5.8842    6.2311    0.4301    0.8953    0.5583  5.486E+10  1.0000   4.550  0.000E+00      0.00      0.00      0.00  0.0000   0.000   0.000  0.0000  0.759E+00  0.228E+00  0.203E-02  0.243E-04  0.590E-03  0.514E-02  0.202E-05  0.114E-04  0.170E-02  0.136E-03  0.000E+00
  0.807  0.014000  0.000    0.807   -0.4413    3.7017    3.7017    5.8533    6.1944    0.4217    0.8874    0.5532  5.523E+10  1.0000   4.546  0.000E+00      0.00      0.00      0.00  0.0000   0.000   0.000  0.0000  0.759E+00  0.228E+00  0.203E-02  0.243E-04  0.589E-03  0.514E-02  0.202E-05  0.114E-04  0.170E-02  0.136E-03  0.000E+00
  0.811  0.014000  0.000    0.811   -0.4289    3.7033    3.7033    5.8223    6.1578    0.4135    0.8795    0.5481  5.559E+10  1.0000   4.542  0.000E+00      0.00      0.00      0.00  0.0000   0.000   0.000  0.0000  0.759E+00  0.228E+00  0.203E-02  0.243E-04  0.588E-03  0.513E-02  0.202E-05  0.114E-04  0.170E-02  0.136E-03  0.000E+00
  0.815  0.014000  0.000    0.815   -0.4165    3.7049    3.7049    5.7913    6.1212    0.4053    0.8717    0.5431  5.597E+10  1.0000   4.538  0.000E+00      0.00      0.00      0.00  0.0000   0.000   0.000  0.0000  0.760E+00  0.227E+00  0.202E-02  0.242E-04  0.588E-03  0.513E-02  0.201E-05  0.114E-04  0.170E-02  0.136E-03  0.000E+00
  0.819  0.014000  0.000    0.819   -0.4041    3.7066    3.7066    5.7604    6.0847    0.3971    0.8639    0.5381  5.635E+10  1.0000   4.534  0.000E+00      0.00      0.00      0.00  0.0000   0.000   0.000  0.0000  0.760E+00  0.227E+00  0.202E-02  0.242E-04  0.587E-03  0.512E-02  0.201E-05  0.114E-04  0.170E-02  0.135E-03  0.000E+00
  0.822  0.014000  0.000    0.822   -0.3917    3.7082    3.7082    5.7293    6.0482    0.3891    0.8563    0.5332  5.674E+10  1.0000   4.530  0.000E+00      0.00      0.00      0.00  0.0000   0.000   0.000  0.0000  0.761E+00  0.227E+00  0.202E-02  0.242E-04  0.586E-03  0.512E-02  0.201E-05  0.113E-04  0.169E-02  0.135E-03  0.000E+00
  0.826  0.014000  0.000    0.826   -0.3793    3.7098    3.7098    5.6983    6.0116    0.3810    0.8486    0.5282  5.713E+10  1.0000   4.526  0.000E+00      0.00      0.00      0.00  0.0000   0.000   0.000  0.0000  0.761E+00  0.226E+00  0.202E-02  0.241E-04  0.586E-03  0.511E-02  0.201E-05  0.113E-04  0.169E-02  0.135E-03  0.000E+00
  0.830  0.014000  0.000    0.830   -0.3669    3.7114    3.7114    5.6672    5.9751    0.3731    0.8410    0.5233  5.753E+10  1.0000   4.522  0.000E+00      0.00      0.00      0.00  0.0000   0.000   0.000  0.0000  0.761E+00  0.226E+00  0.201E-02  0.241E-04  0.585E-03  0.511E-02  0.201E-05  0.113E-04  0.169E-02  0.135E-03  0.000E+00
  0.834  0.014000  0.000    0.834   -0.3545    3.7130    3.7130    5.6362    5.9386    0.3652    0.8335    0.5184  5.793E+10  1.0000   4.518  0.000E+00      0.00      0.00      0.00  0.0000   0.000   0.000  0.0000  0.762E+00  0.225E+00  0.201E-02  0.241E-04  0.584E-03  0.510E-02  0.200E-05  0.113E-04  0.169E-02  0.135E-03  0.000E+00
  0.837  0.014000  0.000    0.837   -0.3420    3.7145    3.7145    5.6050    5.9022    0.3573    0.8260    0.5135  5.835E+10  1.0000   4.514  0.000E+00      0.00      0.00      0.00  0.0000   0.000   0.000  0.0000  0.762E+00  0.225E+00  0.201E-02  0.241E-04  0.584E-03  0.509E-02  0.200E-05  0.113E-04  0.169E-02  0.135E-03  0.000E+00
  0.841  0.014000  0.000    0.841   -0.3296    3.7161    3.7161    5.5739    5.8657    0.3496    0.8186    0.5086  5.877E+10  1.0000   4.510  0.000E+00      0.00      0.00      0.00  0.0000   0.000   0.000  0.0000  0.763E+00  0.225E+00  0.201E-02  0.240E-04  0.583E-03  0.509E-02  0.200E-05  0.113E-04  0.169E-02  0.135E-03  0.000E+00
  0.845  0.014000  0.000    0.845   -0.3171    3.7176    3.7176    5.5427    5.8292    0.3419    0.8113    0.5038  5.920E+10  1.0000   4.505  0.000E+00      0.00      0.00      0.00  0.0000   0.000   0.000  0.0000  0.763E+00  0.224E+00  0.200E-02  0.240E-04  0.582E-03  0.508E-02  0.200E-05  0.113E-04  0.168E-02  0.134E-03  0.000E+00
  0.848  0.014000  0.000    0.848   -0.3046    3.7192    3.7192    5.5114    5.7927    0.3342    0.8040    0.4989  5.963E+10  1.0000   4.501  0.000E+00      0.00      0.00      0.00  0.0000   0.000   0.000  0.0000  0.763E+00  0.224E+00  0.200E-02  0.240E-04  0.582E-03  0.508E-02  0.199E-05  0.112E-04  0.168E-02  0.134E-03  0.000E+00
  0.852  0.014000  0.000    0.852   -0.2920    3.7207    3.7207    5.4801    5.7562    0.3266    0.7966    0.4940  6.008E+10  1.0000   4.496  0.000E+00      0.00      0.00      0.00  0.0000   0.000   0.000  0.0000  0.764E+00  0.223E+00  0.200E-02  0.239E-04  0.581E-03  0.507E-02  0.199E-05  0.112E-04  0.168E-02  0.134E-03  0.000E+00
  0.856  0.014000  0.000    0.856   -0.2795    3.7222    3.7222    5.4488    5.7197    0.3191    0.7891    0.4890  6.053E+10  1.0000   4.491  0.000E+00      0.00      0.00      0.00  0.0000   0.000   0.000  0.0000  0.764E+00  0.223E+00  0.200E-02  0.239E-04  0.580E-03  0.507E-02  0.199E-05  0.112E-04  0.168E-02  0.134E-03  0.000E+00
  0.860  0.014000  0.000    0.860   -0.2669    3.7237    3.7237    5.4174    5.6833    0.3117    0.7817    0.4840  6.100E+10  1.0000   4.487  0.000E+00      0.00      0.00      0.00  0.0000   0.000   0.000  0.0000  0.765E+00  0.223E+00  0.199E-02  0.239E-04  0.580E-03  0.506E-02  0.199E-05  0.112E-04  0.168E-02  0.134E-03  0.000E+00
  0.863  0.014000  0.000    0.863   -0.2544    3.7251    3.7251    5.3859    5.6468    0.3043    0.7743    0.4791  6.147E+10  1.0000   4.482  0.000E+00      0.00      0.00      0.00  0.0000   0.000   0.000  0.0000  0.765E+00  0.222E+00  0.199E-02  0.238E-04  0.579E-03  0.506E-02  0.198E-05  0.112E-04  0.168E-02  0.134E-03  0.000E+00
  0.867  0.014000  0.000    0.867   -0.2417    3.7266    3.7266    5.3544    5.6103    0.2971    0.7671    0.4741  6.195E+10  1.0000   4.477  0.000E+00      0.00      0.00      0.00  0.0000   0.000   0.000  0.0000  0.765E+00  0.222E+00  0.199E-02  0.238E-04  0.578E-03  0.505E-02  0.198E-05  0.112E-04  0.167E-02  0.134E-03  0.000E+00
  0.871  0.014000  0.000    0.871   -0.2291    3.7280    3.7280    5.3228    5.5738    0.2899    0.7599    0.4692  6.244E+10  1.0000   4.472  0.000E+00      0.00      0.00      0.00  0.0000   0.000   0.000  0.0000  0.766E+00  0.221E+00  0.199E-02  0.238E-04  0.578E-03  0.504E-02  0.198E-05  0.112E-04  0.167E-02  0.133E-03  0.000E+00
  0.874  0.014000  0.000    0.874   -0.2165    3.7294    3.7294    5.2911    5.5373    0.2828    0.7528    0.4644  6.295E+10  1.0000   4.467  0.000E+00      0.00      0.00      0.00  0.0000   0.000   0.000  0.0000  0.766E+00  0.221E+00  0.198E-02  0.237E-04  0.577E-03  0.504E-02  0.198E-05  0.112E-04  0.167E-02  0.133E-03  0.000E+00
  0.878  0.014000  0.000    0.878   -0.2038    3.7308    3.7308    5.2594    5.5007    0.2758    0.7458    0.4595  6.346E+10  1.0000   4.462  0.000E+00      0.00      0.00      0.00  0.0000   0.000   0.000  0.0000  0.767E+00  0.221E+00  0.198E-02  0.237E-04  0.576E-03  0.503E-02  0.198E-05  0.111E-04  0.167E-02  0.133E-03  0.000E+00
  0.882  0.014000  0.000    0.882   -0.1910    3.7322    3.7322    5.2276    5.4642    0.2689    0.7389    0.4548  6.399E+10  1.0000   4.456  0.000E+00      0.00      0.00      0.00  0.0000   0.000   0.000  0.0000  0.767E+00  0.220E+00  0.198E-02  0.237E-04  0.576E-03  0.503E-02  0.197E-05  0.111E-04  0.167E-02  0.133E-03  0.000E+00
  0.886  0.014000  0.000    0.886   -0.1783    3.7336    3.7336    5.1957    5.4276    0.2620    0.7320    0.4500  6.453E+10  1.0000   4.451  0.000E+00      0.00      0.00      0.00  0.0000   0.000   0.000  0.0000  0.767E+00  0.220E+00  0.198E-02  0.236E-04  0.575E-03  0.502E-02  0.197E-05  0.111E-04  0.167E-02  0.133E-03  0.000E+00
  0.889  0.014000  0.000    0.889   -0.1655    3.7350    3.7350    5.1637    5.3909    0.2552    0.7252    0.4452  6.508E+10  1.0000   4.445  0.000E+00      0.00      0.00      0.00  0.0000   0.000   0.000  0.0000  0.768E+00  0.220E+00  0.197E-02  0.236E-04  0.574E-03  0.502E-02  0.197E-05  0.111E-04  0.166E-02  0.133E-03  0.000E+00
  0.893  0.014000  0.000    0.893   -0.1526    3.7363    3.7363    5.1316    5.3541    0.2483    0.7183    0.4404  6.563E+10  1.0000   4.440  0.000E+00      0.00      0.00      0.00  0.0000   0.000   0.000  0.0000  0.768E+00  0.219E+00  0.197E-02  0.236E-04  0.574E-03  0.501E-02  0.197E-05  0.111E-04  0.166E-02  0.133E-03  0.000E+00
  0.897  0.014000  0.000    0.897   -0.1397    3.7377    3.7377    5.0992    5.3170    0.2414    0.7114    0.4355  6.619E+10  1.0000   4.434  0.000E+00      0.00      0.00      0.00  0.0000   0.000   0.000  0.0000  0.769E+00  0.219E+00  0.197E-02  0.235E-04  0.573E-03  0.501E-02  0.196E-05  0.111E-04  0.166E-02  0.132E-03  0.000E+00
  0.901  0.014000  0.000    0.901   -0.1267    3.7391    3.7391    5.0669    5.2801    0.2347    0.7047    0.4308  6.678E+10  1.0000   4.428  0.000E+00      0.00      0.00      0.00  0.0000   0.000   0.000  0.0000  0.769E+00  0.218E+00  0.197E-02  0.235E-04  0.572E-03  0.500E-02  0.196E-05  0.111E-04  0.166E-02  0.132E-03  0.000E+00
  0.904  0.014000  0.000    0.904   -0.1137    3.7402    3.7402    5.0342    5.2434    0.2288    0.6991    0.4268  6.742E+10  1.0000   4.422  0.000E+00      0.00      0.00      0.00  0.0000   0.000   0.000  0.0000  0.770E+00  0.218E+00  0.196E-02  0.235E-04  0.571E-03  0.499E-02  0.196E-05  0.110E-04  0.166E-02  0.132E-03  0.000E+00
  0.912  0.014000  0.000    0.912   -0.0874    3.7425    3.7425    4.9684    5.1697    0.2173    0.6899    0.4203  6.876E+10  1.0000   4.408  0.000E+00      0.00      0.00      0.00  0.0000   0.000   0.000  0.0000  0.771E+00  0.217E+00  0.196E-02  0.234E-04  0.570E-03  0.498E-02  0.195E-05  0.110E-04  0.165E-02  0.132E-03  0.000E+00
  0.919  0.014000  0.000    0.919   -0.0608    3.7448    3.7448    4.9021    5.0957    0.2060    0.6810    0.4139  7.015E+10  1.0000   4.394  0.000E+00      0.00      0.00      0.00  0.0000   0.000   0.000  0.0000  0.772E+00  0.216E+00  0.195E-02  0.233E-04  0.568E-03  0.496E-02  0.195E-05  0.110E-04  0.165E-02  0.131E-03  0.000E+00
  0.927  0.014000  0.000    0.927   -0.0342    3.7469    3.7469    4.8354    5.0217    0.1954    0.6727    0.4078  7.165E+10  1.0000   4.380  0.000E+00      0.00      0.00      0.00  0.0000   0.000   0.000  0.0000  0.773E+00  0.215E+00  0.194E-02  0.232E-04  0.566E-03  0.495E-02  0.194E-05  0.109E-04  0.164E-02  0.131E-03  0.000E+00
  0.934  0.014000  0.000    0.934   -0.0073    3.7489    3.7489    4.7683    4.9480    0.1856    0.6650    0.4022  7.323E+10  1.0000   4.364  0.000E+00      0.00      0.00      0.00  0.0000   0.000   0.000  0.0000  0.774E+00  0.214E+00  0.194E-02  0.231E-04  0.564E-03  0.493E-02  0.193E-05  0.109E-04  0.164E-02  0.130E-03  0.000E+00
  0.942  0.014000  0.000    0.942    0.0193    3.7506    3.7506    4.7016    4.8754    0.1771    0.6582    0.3972  7.492E+10  1.0000   4.348  0.000E+00      0.00      0.00      0.00  0.0000   0.000   0.000  0.0000  0.775E+00  0.213E+00  0.193E-02  0.230E-04  0.562E-03  0.492E-02  0.193E-05  0.109E-04  0.163E-02  0.130E-03  0.000E+00
  0.949  0.014000  0.000    0.949    0.0459    3.7521    3.7521    4.6352    4.8040    0.1697    0.6524    0.3929  7.672E+10  1.0000   4.330  0.000E+00      0.00      0.00      0.00  0.0000   0.000   0.000  0.0000  0.776E+00  0.212E+00  0.192E-02  0.229E-04  0.561E-03  0.490E-02  0.192E-05  0.108E-04  0.163E-02  0.130E-03  0.000E+00
  0.964  0.014000  0.000    0.964    0.1010    3.7546    3.7546    4.4974    4.6576    0.1572    0.6425    0.3856  8.082E+10  1.0000   4.292  0.000E+00      0.00      0.00      0.00  0.0000   0.000   0.000  0.0000  0.778E+00  0.210E+00  0.191E-02  0.228E-04  0.557E-03  0.488E-02  0.191E-05  0.107E-04  0.162E-02  0.129E-03  0.000E+00
  0.979  0.014000  0.000    0.979    0.1596    3.7568    3.7568    4.3510    4.5035    0.1459    0.6336    0.3790  8.556E+10  1.0000   4.249  0.000E+00      0.00      0.00      0.00  0.0000   0.000   0.000  0.0000  0.777E+00  0.211E+00  0.192E-02  0.229E-04  0.560E-03  0.490E-02  0.192E-05  0.108E-04  0.163E-02  0.130E-03  0.000E+00
  0.994  0.014000  0.000    0.994    0.2219    3.7578    3.7578    4.1952    4.3444    0.1412    0.6299    0.3761  9.152E+10  1.0000   4.197  0.000E+00      0.00      0.00      0.00  0.0000   0.000   0.000  0.0000  0.775E+00  0.212E+00  0.193E-02  0.231E-04  0.563E-03  0.493E-02  0.193E-05  0.109E-04  0.163E-02  0.130E-03  0.000E+00
  1.009  0.014000  0.000    1.009    0.2887    3.7556    3.7556    4.0282    4.1849    0.1520    0.6384    0.3826  9.983E+10  1.0000   4.128  0.000E+00      0.00      0.00      0.00  0.0000   0.000   0.000  0.0000  0.773E+00  0.214E+00  0.196E-02  0.234E-04  0.570E-03  0.499E-02  0.196E-05  0.110E-04  0.165E-02  0.132E-03  0.000E+00
  1.012  0.014000  0.000    1.012    0.3058    3.7542    3.7542    3.9855    4.1470    0.1592    0.6441    0.3868  1.025E+11  1.0000   4.107  0.000E+00      0.00      0.00      0.00  0.0000   0.000   0.000  0.0000  0.772E+00  0.215E+00  0.197E-02  0.235E-04  0.574E-03  0.502E-02  0.197E-05  0.111E-04  0.166E-02  0.132E-03  0.000E+00
  1.016  0.014000  0.000    1.016    0.3227    3.7522    3.7522    3.9431    4.1114    0.1690    0.6518    0.3925  1.055E+11  1.0000   4.084  0.000E+00      0.00      0.00      0.00  0.0000   0.000   0.000  0.0000  0.770E+00  0.217E+00  0.198E-02  0.237E-04  0.578E-03  0.506E-02  0.198E-05  0.112E-04  0.167E-02  0.133E-03  0.000E+00
  1.018  0.014000  0.000    1.018    0.3310    3.7509    3.7509    3.9226    4.0952    0.1753    0.6568    0.3962  1.071E+11  1.0000   4.071  0.000E+00      0.00      0.00      0.00  0.0000   0.000   0.000  0.0000  0.768E+00  0.219E+00  0.200E-02  0.239E-04  0.582E-03  0.509E-02  0.200E-05  0.113E-04  0.168E-02  0.134E-03  0.000E+00
  1.020  0.014000  0.000    1.020    0.3390    3.7493    3.7493    3.9026    4.0771    0.1872    0.6644    0.4020  1.089E+11  1.0000   4.058  0.000E+00      0.00      0.00      0.00  0.0000   0.000   0.000  0.0000  0.767E+00  0.221E+00  0.201E-02  0.240E-04  0.585E-03  0.511E-02  0.201E-05  0.113E-04  0.169E-02  0.135E-03  0.000E+00
  1.022  0.014000  0.000    1.022    0.3467    3.7474    3.7474    3.8833    4.0597    0.2013    0.6735    0.4090  1.108E+11  1.0000   4.043  0.000E+00      0.00      0.00      0.00  0.0000   0.000   0.000  0.0000  0.765E+00  0.222E+00  0.202E-02  0.242E-04  0.588E-03  0.514E-02  0.202E-05  0.114E-04  0.170E-02  0.136E-03  0.000E+00
  1.023  0.014000  0.000    1.023    0.3503    3.7463    3.7463    3.8743    4.0517    0.2095    0.6787    0.4130  1.118E+11  1.0000   4.035  0.000E+00      0.00      0.00      0.00  0.0000   0.000   0.000  0.0000  0.764E+00  0.223E+00  0.203E-02  0.243E-04  0.590E-03  0.515E-02  0.202E-05  0.114E-04  0.170E-02  0.136E-03  0.000E+00
  1.023  0.014000  0.000    1.023    0.3537    3.7451    3.7451    3.8657    4.0445    0.2185    0.6843    0.4174  1.129E+11  1.0000   4.028  0.000E+00      0.00      0.00      0.00  0.0000   0.000   0.000  0.0000  0.762E+00  0.225E+00  0.204E-02  0.244E-04  0.592E-03  0.517E-02  0.203E-05  0.115E-04  0.171E-02  0.137E-03  0.000E+00
  1.024  0.014000  0.000    1.024    0.3569    3.7438    3.7438    3.8577    4.0379    0.2285    0.6904    0.4221  1.140E+11  1.0000   4.020  0.000E+00      0.00      0.00      0.00  0.0000   0.000   0.000  0.0000  0.761E+00  0.226E+00  0.204E-02  0.245E-04  0.594E-03  0.519E-02  0.204E-05  0.115E-04  0.172E-02  0.137E-03  0.000E+00
  1.025  0.014000  0.000    1.025    0.3599    3.7424    3.7424    3.8504    4.0322    0.2395    0.6972    0.4274  1.151E+11  1.0000   4.011  0.000E+00      0.00      0.00      0.00  0.0000   0.000   0.000  0.0000  0.760E+00  0.227E+00  0.205E-02  0.246E-04  0.597E-03  0.521E-02  0.205E-05  0.116E-04  0.172E-02  0.138E-03  0.000E+00
  1.026  0.014000  0.000    1.026    0.3623    3.7408    3.7408    3.8441    4.0278    0.2520    0.7047    0.4333  1.163E+11  1.0000   4.003  0.000E+00      0.00      0.00      0.00  0.0000   0.000   0.000  0.0000  0.759E+00  0.228E+00  0.206E-02  0.247E-04  0.599E-03  0.523E-02  0.205E-05  0.116E-04  0.173E-02  0.138E-03  0.000E+00
  1.027  0.014000  0.000    1.027    0.3645    3.7390    3.7390    3.8388    4.0246    0.2664    0.7141    0.4406  1.176E+11  1.0000   3.994  0.000E+00      0.00      0.00      0.00  0.0000   0.000   0.000  0.0000  0.757E+00  0.230E+00  0.207E-02  0.248E-04  0.601E-03  0.524E-02  0.206E-05  0.117E-04  0.173E-02  0.138E-03  0.000E+00
  1.028  0.014000  0.000    1.028    0.3655    3.7380    3.7380    3.8363    4.0233    0.2742    0.7194    0.4447  1.183E+11  1.0000   3.989  0.000E+00      0.00      0.00      0.00  0.0000   0.000   0.000  0.0000  0.756E+00  0.230E+00  0.207E-02  0.249E-04  0.602E-03  0.525E-02  0.207E-05  0.117E-04  0.173E-02  0.139E-03  0.000E+00
  1.028  0.014000  0.000    1.028    0.3664    3.7370    3.7370    3.8341    4.0223    0.2825    0.7249    0.4490  1.189E+11  1.0000   3.984  0.000E+00      0.00      0.00      0.00  0.0000   0.000   0.000  0.0000  0.756E+00  0.231E+00  0.208E-02  0.249E-04  0.603E-03  0.526E-02  0.207E-05  0.117E-04  0.173E-02  0.139E-03  0.000E+00
  1.029  0.014000  0.000    1.029    0.3668    3.7358    3.7358    3.8330    4.0226    0.2921    0.7313    0.4540  1.197E+11  1.0000   3.979  0.000E+00      0.00      0.00      0.00  0.0000   0.000   0.000  0.0000  0.755E+00  0.232E+00  0.208E-02  0.250E-04  0.605E-03  0.527E-02  0.208E-05  0.117E-04  0.174E-02  0.139E-03  0.000E+00
  1.029  0.014000  0.000    1.029    0.3672    3.7346    3.7346    3.8319    4.0230    0.3018    0.7376    0.4589  1.204E+11  1.0000   3.974  0.000E+00      0.00      0.00      0.00  0.0000   0.000   0.000  0.0000  0.754E+00  0.233E+00  0.209E-02  0.251E-04  0.606E-03  0.528E-02  0.208E-05  0.118E-04  0.174E-02  0.139E-03  0.000E+00
  1.030  0.014000  0.000    1.030    0.3673    3.7333    3.7333    3.8317    4.0243    0.3128    0.7446    0.4644  1.211E+11  1.0000   3.969  0.000E+00      0.00      0.00      0.00  0.0000   0.000   0.000  0.0000  0.753E+00  0.234E+00  0.209E-02  0.251E-04  0.607E-03  0.530E-02  0.208E-05  0.118E-04  0.174E-02  0.140E-03  0.000E+00
  1.030  0.014000  0.000    1.030    0.3673    3.7319    3.7319    3.8317    4.0261    0.3244    0.7519    0.4702  1.219E+11  1.0000   3.964  0.000E+00      0.00      0.00      0.00  0.0000   0.000   0.000  0.0000  0.752E+00  0.234E+00  0.210E-02  0.252E-04  0.609E-03  0.531E-02  0.209E-05  0.118E-04  0.175E-02  0.140E-03  0.000E+00
  1.030  0.014000  0.000    1.030    0.3671    3.7304    3.7304    3.8323    4.0284    0.3368    0.7595    0.4762  1.227E+11  1.0000   3.958  0.000E+00      0.00      0.00      0.00  0.0000   0.000   0.000  0.0000  0.751E+00  0.235E+00  0.210E-02  0.253E-04  0.610E-03  0.532E-02  0.210E-05  0.119E-04  0.175E-02  0.140E-03  0.000E+00
  1.031  0.014000  0.000    1.031    0.3663    3.7287    3.7287    3.8343    4.0324    0.3514    0.7683    0.4832  1.236E+11  1.0000   3.952  0.000E+00      0.00      0.00      0.00  0.0000   0.000   0.000  0.0000  0.750E+00  0.236E+00  0.211E-02  0.253E-04  0.612E-03  0.533E-02  0.210E-05  0.119E-04  0.175E-02  0.141E-03  0.000E+00
  1.031  0.014000  0.000    1.031    0.3655    3.7269    3.7269    3.8364    4.0364    0.3662    0.7770    0.4902  1.244E+11  1.0000   3.947  0.000E+00      0.00      0.00      0.00  0.0000   0.000   0.000  0.0000  0.750E+00  0.237E+00  0.211E-02  0.254E-04  0.613E-03  0.534E-02  0.211E-05  0.119E-04  0.176E-02  0.141E-03  0.000E+00
  1.032  0.014000  0.000    1.032    0.3645    3.7250    3.7250    3.8388    4.0410    0.3831    0.7867    0.4980  1.254E+11  1.0000   3.940  0.000E+00      0.00      0.00      0.00  0.0000   0.000   0.000  0.0000  0.748E+00  0.238E+00  0.212E-02  0.255E-04  0.615E-03  0.536E-02  0.211E-05  0.119E-04  0.176E-02  0.141E-03  0.000E+00
  1.032  0.014000  0.000    1.032    0.3639    3.7240    3.7240    3.8402    4.0435    0.3925    0.7919    0.5023  1.259E+11  1.0000   3.937  0.000E+00      0.00      0.00      0.00  0.0000   0.000   0.000  0.0000  0.748E+00  0.239E+00  0.212E-02  0.255E-04  0.616E-03  0.536E-02  0.211E-05  0.120E-04  0.176E-02  0.142E-03  0.000E+00
  1.032  0.014000  0.000    1.032    0.3633    3.7229    3.7229    3.8416    4.0465    0.4022    0.7972    0.5066  1.265E+11  1.0000   3.933  0.000E+00      0.00      0.00      0.00  0.0000   0.000   0.000  0.0000  0.747E+00  0.239E+00  0.213E-02  0.256E-04  0.617E-03  0.537E-02  0.212E-05  0.120E-04  0.177E-02  0.142E-03  0.000E+00
  1.033  0.014000  0.000    1.033    0.3628    3.7219    3.7219    3.8431    4.0495    0.4120    0.8024    0.5109  1.270E+11  1.0000   3.929  0.000E+00      0.00      0.00      0.00  0.0000   0.000   0.000  0.0000  0.747E+00  0.240E+00  0.213E-02  0.256E-04  0.617E-03  0.538E-02  0.212E-05  0.120E-04  0.177E-02  0.142E-03  0.000E+00
  1.033  0.014000  0.000    1.033    0.3622    3.7208    3.7208    3.8445    4.0524    0.4219    0.8077    0.5153  1.275E+11  1.0000   3.926  0.000E+00      0.00      0.00      0.00  0.0000   0.000   0.000  0.0000  0.746E+00  0.240E+00  0.213E-02  0.257E-04  0.618E-03  0.539E-02  0.212E-05  0.120E-04  0.177E-02  0.142E-03  0.000E+00
  1.033  0.014000  0.000    1.033    0.3616    3.7198    3.7198    3.8460    4.0554    0.4320    0.8129    0.5196  1.280E+11  1.0000   3.922  0.000E+00      0.00      0.00      0.00  0.0000   0.000   0.000  0.0000  0.746E+00  0.241E+00  0.214E-02  0.257E-04  0.619E-03  0.539E-02  0.213E-05  0.120E-04  0.177E-02  0.142E-03  0.000E+00
  1.033  0.014000  0.000    1.033    0.3610    3.7186    3.7186    3.8474    4.0585    0.4432    0.8185    0.5243  1.286E+11  1.0000   3.918  0.000E+00      0.00      0.00      0.00  0.0000   0.000   0.000  0.0000  0.745E+00  0.241E+00  0.214E-02  0.257E-04  0.620E-03  0.540E-02  0.213E-05  0.121E-04  0.178E-02  0.143E-03  0.000E+00
  1.034  0.014000  0.000    1.034    0.3605    3.7174    3.7174    3.8489    4.0616    0.4546    0.8242    0.5291  1.293E+11  1.0000   3.914  0.000E+00      0.00      0.00      0.00  0.0000   0.000   0.000  0.0000  0.745E+00  0.242E+00  0.214E-02  0.258E-04  0.621E-03  0.540E-02  0.213E-05  0.121E-04  0.178E-02  0.143E-03  0.000E+00
  1.034  0.014000  0.000    1.034    0.3599    3.7163    3.7163    3.8503    4.0647    0.4662    0.8298    0.5339  1.299E+11  1.0000   3.910  0.000E+00      0.00      0.00      0.00  0.0000   0.000   0.000  0.0000  0.744E+00  0.242E+00  0.214E-02  0.258E-04  0.621E-03  0.541E-02  0.213E-05  0.121E-04  0.178E-02  0.143E-03  0.000E+00
  1.034  0.014000  0.000    1.034    0.3593    3.7151    3.7151    3.8518    4.0679    0.4779    0.8355    0.5387  1.305E+11  1.0000   3.906  0.000E+00      0.00      0.00      0.00  0.0000   0.000   0.000  0.0000  0.744E+00  0.243E+00  0.215E-02  0.259E-04  0.622E-03  0.542E-02  0.214E-05  0.121E-04  0.178E-02  0.143E-03  0.000E+00
  1.034  0.014000  0.000    1.034    0.3588    3.7139    3.7139    3.8531    4.0708    0.4898    0.8411    0.5436  1.311E+11  1.0000   3.902  0.000E+00      0.00      0.00      0.00  0.0000   0.000   0.000  0.0000  0.743E+00  0.243E+00  0.215E-02  0.259E-04  0.623E-03  0.542E-02  0.214E-05  0.121E-04  0.178E-02  0.143E-03  0.000E+00
  1.034  0.014000  0.000    1.034    0.3587    3.7127    3.7127    3.8533    4.0726    0.5024    0.8469    0.5486  1.318E+11  1.0000   3.898  0.000E+00      0.00      0.00      0.00  0.0000   0.000   0.000  0.0000  0.743E+00  0.244E+00  0.215E-02  0.259E-04  0.624E-03  0.543E-02  0.214E-05  0.121E-04  0.179E-02  0.143E-03  0.000E+00
  1.035  0.014000  0.000    1.035    0.3586    3.7115    3.7115    3.8536    4.0744    0.5151    0.8527    0.5537  1.325E+11  1.0000   3.893  0.000E+00      0.00      0.00      0.00  0.0000   0.000   0.000  0.0000  0.742E+00  0.244E+00  0.216E-02  0.260E-04  0.624E-03  0.544E-02  0.214E-05  0.122E-04  0.179E-02  0.144E-03  0.000E+00
  1.035  0.014000  0.000    1.035    0.3585    3.7103    3.7103    3.8538    4.0763    0.5280    0.8584    0.5588  1.332E+11  1.0000   3.889  0.000E+00      0.00      0.00      0.00  0.0000   0.000   0.000  0.0000  0.742E+00  0.245E+00  0.216E-02  0.260E-04  0.625E-03  0.544E-02  0.215E-05  0.122E-04  0.179E-02  0.144E-03  0.000E+00
  1.035  0.014000  0.000    1.035    0.3584    3.7091    3.7091    3.8541    4.0781    0.5410    0.8642    0.5639  1.340E+11  1.0000   3.884  0.000E+00      0.00      0.00      0.00  0.0000   0.000   0.000  0.0000  0.741E+00  0.245E+00  0.216E-02  0.261E-04  0.626E-03  0.545E-02  0.215E-05  0.122E-04  0.179E-02  0.144E-03  0.000E+00
  1.035  0.014000  0.000    1.035    0.3587    3.7079    3.7079    3.8533    4.0788    0.5545    0.8699    0.5692  1.348E+11  1.0000   3.879  0.000E+00      0.00      0.00      0.00  0.0000   0.000   0.000  0.0000  0.741E+00  0.246E+00  0.216E-02  0.261E-04  0.627E-03  0.546E-02  0.215E-05  0.122E-04  0.179E-02  0.144E-03  0.000E+00
  1.036  0.014000  0.000    1.036    0.3596    3.7067    3.7067    3.8509    4.0776    0.5686    0.8758    0.5746  1.357E+11  1.0000   3.873  0.000E+00      0.00      0.00      0.00  0.0000   0.000   0.000  0.0000  0.740E+00  0.246E+00  0.217E-02  0.261E-04  0.628E-03  0.546E-02  0.216E-05  0.122E-04  0.180E-02  0.144E-03  0.000E+00
  1.036  0.014000  0.000    1.036    0.3606    3.7055    3.7055    3.8485    4.0773    0.5834    0.8819    0.5802  1.366E+11  1.0000   3.867  0.000E+00      0.00      0.00      0.00  0.0000   0.000   0.000  0.0000  0.740E+00  0.247E+00  0.217E-02  0.262E-04  0.628E-03  0.547E-02  0.216E-05  0.122E-04  0.180E-02  0.145E-03  0.000E+00
  1.036  0.014000  0.000    1.036    0.3616    3.7042    3.7042    3.8460    4.0782    0.5991    0.8883    0.5862  1.375E+11  1.0000   3.862  0.000E+00      0.00      0.00      0.00  0.0000   0.000   0.000  0.0000  0.739E+00  0.247E+00  0.217E-02  0.262E-04  0.629E-03  0.547E-02  0.216E-05  0.123E-04  0.180E-02  0.145E-03  0.000E+00
  1.036  0.014000  0.000    1.036    0.3626    3.7030    3.7030    3.8436    4.0791    0.6150    0.8948    0.5922  1.385E+11  1.0000   3.856  0.000E+00      0.00      0.00      0.00  0.0000   0.000   0.000  0.0000  0.738E+00  0.248E+00  0.218E-02  0.262E-04  0.630E-03  0.548E-02  0.216E-05  0.123E-04  0.180E-02  0.145E-03  0.000E+00
  1.037  0.014000  0.000    1.037    0.3636    3.7018    3.7018    3.8409    4.0819    0.6268    0.9010    0.5974  1.394E+11  1.0000   3.850  0.000E+00      0.00      0.00      0.00  0.0000   0.000   0.000  0.0000  0.738E+00  0.248E+00  0.218E-02  0.263E-04  0.630E-03  0.549E-02  0.217E-05  0.123E-04  0.180E-02  0.145E-03  0.000E+00
  1.037  0.014000  0.000    1.037    0.3661    3.7007    3.7007    3.8348    4.0815    0.6367    0.9067    0.6020  1.405E+11  1.0000   3.843  0.000E+00      0.00      0.00      0.00  0.0000   0.000   0.000  0.0000  0.737E+00  0.249E+00  0.218E-02  0.263E-04  0.631E-03  0.549E-02  0.217E-05  0.123E-04  0.181E-02  0.145E-03  0.000E+00
  1.037  0.014000  0.000    1.037    0.3685    3.6995    3.6995    3.8287    4.0811    0.6467    0.9124    0.6065  1.417E+11  1.0000   3.836  0.000E+00      0.00      0.00      0.00  0.0000   0.000   0.000  0.0000  0.737E+00  0.249E+00  0.218E-02  0.264E-04  0.632E-03  0.550E-02  0.217E-05  0.123E-04  0.181E-02  0.145E-03  0.000E+00
  1.037  0.014000  0.000    1.037    0.3710    3.6984    3.6984    3.8226    4.0806    0.6566    0.9181    0.6111  1.428E+11  1.0000   3.829  0.000E+00      0.00      0.00      0.00  0.0000   0.000   0.000  0.0000  0.736E+00  0.250E+00  0.219E-02  0.264E-04  0.632E-03  0.550E-02  0.217E-05  0.123E-04  0.181E-02  0.146E-03  0.000E+00
  1.037  0.014000  0.000    1.037    0.3734    3.6973    3.6973    3.8164    4.0798    0.6687    0.9237    0.6157  1.440E+11  1.0000   3.822  0.000E+00      0.00      0.00      0.00  0.0000   0.000   0.000  0.0000  0.736E+00  0.250E+00  0.219E-02  0.264E-04  0.633E-03  0.551E-02  0.218E-05  0.123E-04  0.181E-02  0.146E-03  0.000E+00
  1.038  0.014000  0.000    1.038    0.3762    3.6962    3.6962    3.8094    4.0779    0.6815    0.9292    0.6201  1.452E+11  1.0000   3.815  0.000E+00      0.00      0.00      0.00  0.0000   0.000   0.000  0.0000  0.735E+00  0.250E+00  0.219E-02  0.265E-04  0.634E-03  0.551E-02  0.218E-05  0.124E-04  0.181E-02  0.146E-03  0.000E+00
  1.038  0.014000  0.000    1.038    0.3842    3.6942    3.6942    3.7894    4.0668    0.7042    0.9390    0.6279  1.478E+11  1.0000   3.800  0.000E+00      0.00      0.00      0.00  0.0000   0.000   0.000  0.0000  0.734E+00  0.251E+00  0.219E-02  0.265E-04  0.635E-03  0.552E-02  0.218E-05  0.124E-04  0.182E-02  0.146E-03  0.000E+00
  1.039  0.014000  0.000    1.039    0.3923    3.6923    3.6923    3.7693    4.0556    0.7269    0.9487    0.6357  1.506E+11  1.0000   3.784  0.000E+00      0.00      0.00      0.00  0.0000   0.000   0.000  0.0000  0.733E+00  0.252E+00  0.220E-02  0.266E-04  0.636E-03  0.553E-02  0.219E-05  0.124E-04  0.182E-02  0.146E-03  0.000E+00
  1.039  0.014000  0.000    1.039    0.4029    3.6906    3.6906    3.7428    4.0369    0.7467    0.9571    0.6425  1.536E+11  1.0000   3.767  0.000E+00      0.00      0.00      0.00  0.0000 -24.525   0.000  0.0000  0.733E+00  0.253E+00  0.220E-02  0.268E-04  0.637E-03  0.554E-02  0.219E-05  0.124E-04  0.182E-02  0.147E-03  0.000E+00
  1.040  0.014000  0.000    1.040    0.4139    3.6889    3.6889    3.7153    4.0169    0.7659    0.9654    0.6492  1.567E+11  1.0000   3.749  0.000E+00      0.00      0.00      0.00  0.0000 -15.824   0.000  0.0000  0.732E+00  0.253E+00  0.221E-02  0.269E-04  0.638E-03  0.555E-02  0.219E-05  0.124E-04  0.182E-02  0.147E-03  0.000E+00
  1.040  0.014000  0.000    1.040    0.4263    3.6875    3.6875    3.6843    3.9924    0.7825    0.9725    0.6549  1.600E+11  1.0000   3.732  0.000E+00      0.00      0.00      0.00  0.0000 -11.930   0.000  0.0000  0.731E+00  0.254E+00  0.221E-02  0.272E-04  0.639E-03  0.555E-02  0.220E-05  0.125E-04  0.183E-02  0.147E-03  0.000E+00
  1.040  0.014000  0.000    1.040    0.4398    3.6863    3.6863    3.6505    3.9643    0.7970    0.9787    0.6599  1.635E+11  1.0000   3.713  0.000E+00      0.00      0.00      0.00  0.0000 -11.908   0.000  0.0000  0.730E+00  0.255E+00  0.221E-02  0.276E-04  0.640E-03  0.556E-02  0.220E-05  0.125E-04  0.183E-02  0.147E-03  0.000E+00
  1.041  0.014000  0.000    1.041    0.4533    3.6850    3.6850    3.6166    3.9362    0.8115    0.9849    0.6649  1.670E+11  1.0000   3.695  0.000E+00      0.00      0.00      0.00  0.0000 -11.885   0.000  0.0000  0.729E+00  0.256E+00  0.221E-02  0.281E-04  0.640E-03  0.557E-02  0.220E-05  0.125E-04  0.183E-02  0.147E-03  0.000E+00
  1.042  0.014000  0.000    1.042    0.4851    3.6831    3.6831    3.5371    3.8653    0.8334    0.9943    0.6724  1.747E+11  1.0000   3.656  0.000E+00      0.00      0.00      0.00  0.0000 -11.833   0.000  0.0000  0.727E+00  0.258E+00  0.221E-02  0.317E-04  0.642E-03  0.558E-02  0.220E-05  0.125E-04  0.183E-02  0.148E-03  0.000E+00
  1.043  0.014000  0.000    1.043    0.5211    3.6817    3.6817    3.4473    3.7820    0.8501    1.0015    0.6782  1.833E+11  1.0000   3.615  0.000E+00      0.00      0.00      0.00  0.0000 -11.777   0.000  0.0000  0.725E+00  0.260E+00  0.221E-02  0.380E-04  0.647E-03  0.559E-02  0.221E-05  0.125E-04  0.184E-02  0.148E-03  0.000E+00
  1.044  0.014000  0.000    1.044    0.5599    3.6803    3.6803    3.3504    3.6913    0.8660    1.0083    0.6837  1.929E+11  1.0000   3.571  0.000E+00      0.00      0.00      0.00  0.0000 -11.716   0.000  0.0000  0.723E+00  0.262E+00  0.220E-02  0.452E-04  0.659E-03  0.559E-02  0.221E-05  0.126E-04  0.184E-02  0.148E-03  0.000E+00
  1.045  0.014000  0.000    1.044    0.6018    3.6790    3.6790    3.2454    3.5924    0.8815    1.0149    0.6890  2.037E+11  1.0000   3.524  0.000E+00      0.00      0.00      0.00  0.0000 -11.651   0.000  0.0000  0.721E+00  0.264E+00  0.217E-02  0.518E-04  0.685E-03  0.560E-02  0.222E-05  0.125E-04  0.184E-02  0.148E-03  0.000E+00
  1.046  0.014000  0.000    1.045    0.6476    3.6777    3.6777    3.1309    3.4839    0.8966    1.0214    0.6942  2.160E+11  1.0000   3.473  0.000E+00      0.00      0.00      0.00  0.0000 -11.580   0.000  0.0000  0.719E+00  0.266E+00  0.214E-02  0.582E-04  0.719E-03  0.561E-02  0.222E-05  0.125E-04  0.184E-02  0.149E-03  0.000E+00
  1.047  0.014000  0.000    1.046    0.6978    3.6764    3.6764    3.0054    3.3646    0.9123    1.0281    0.6996  2.303E+11  1.0000   3.418  0.000E+00      0.00      0.00      0.00  0.0000 -11.502   0.000  0.0000  0.717E+00  0.268E+00  0.210E-02  0.624E-04  0.760E-03  0.561E-02  0.223E-05  0.124E-04  0.184E-02  0.149E-03  0.000E+00
  1.047  0.014000  0.000    1.047    0.7529    3.6748    3.6748    2.8679    3.2341    0.9305    1.0359    0.7059  2.471E+11  1.0000   3.357  0.000E+00      0.00      0.00      0.00  0.0000 -11.417   0.000  0.0000  0.715E+00  0.270E+00  0.207E-02  0.633E-04  0.803E-03  0.561E-02  0.224E-05  0.124E-04  0.184E-02  0.149E-03  0.000E+00
  1.048  0.014000  0.000    1.047    0.7829    3.6738    3.6738    2.7927    3.1635    0.9415    1.0408    0.7098  2.570E+11  1.0000   3.323  0.000E+00      0.00      0.00      0.00  0.0000 -11.370   0.000  0.0000  0.715E+00  0.270E+00  0.206E-02  0.630E-04  0.819E-03  0.562E-02  0.224E-05  0.123E-04  0.184E-02  0.149E-03  0.000E+00
  1.048  0.014000  0.000    1.048    0.8142    3.6728    3.6728    2.7144    3.0904    0.9509    1.0460    0.7140  2.677E+11  1.0000   3.288  0.000E+00      0.00      0.00      0.00  0.0000 -11.322   0.000  0.0000  0.714E+00  0.271E+00  0.204E-02  0.627E-04  0.833E-03  0.562E-02  0.225E-05  0.123E-04  0.184E-02  0.149E-03  0.000E+00
  1.049  0.014000  0.000    1.048    0.8488    3.6716    3.6716    2.6280    3.0099    0.9617    1.0518    0.7187  2.800E+11  1.0000   3.249  0.000E+00      0.00      0.00      0.00  0.0000 -11.267   0.000  0.0000  0.713E+00  0.272E+00  0.204E-02  0.625E-04  0.845E-03  0.562E-02  0.225E-05  0.122E-04  0.184E-02  0.149E-03  0.000E+00
  1.049  0.014000  0.000    1.048    0.8834    3.6705    3.6705    2.5416    2.9293    0.9725    1.0577    0.7235  2.930E+11  1.0000   3.210  0.000E+00      0.00      0.00      0.00  0.0000 -11.213   0.000  0.0000  0.713E+00  0.272E+00  0.203E-02  0.622E-04  0.856E-03  0.562E-02  0.226E-05  0.122E-04  0.185E-02  0.149E-03  0.000E+00
  1.050  0.014000  0.000    1.049    0.9241    3.6689    3.6689    2.4398    2.8352    0.9865    1.0654    0.7297  3.092E+11  1.0000   3.163  0.000E+00      0.00      0.00      0.00  0.0000 -11.149   0.000  0.0000  0.712E+00  0.273E+00  0.202E-02  0.621E-04  0.863E-03  0.562E-02  0.227E-05  0.122E-04  0.185E-02  0.149E-03  0.000E+00
  1.050  0.014000  0.000    1.049    0.9651    3.6674    3.6674    2.3373    2.7404    1.0008    1.0731    0.7359  3.265E+11  1.0000   3.116  0.000E+00      0.00      0.00      0.00  0.0000 -11.085   0.000  0.0000  0.712E+00  0.273E+00  0.202E-02  0.619E-04  0.870E-03  0.562E-02  0.227E-05  0.122E-04  0.185E-02  0.149E-03  0.000E+00
  1.051  0.014000  0.000    1.049    1.0123    3.6656    3.6656    2.2192    2.6313    1.0171    1.0821    0.7431  3.476E+11  1.0000   3.062  0.000E+00      0.00      0.00      0.00  0.0000 -11.011   0.000  0.0000  0.712E+00  0.273E+00  0.201E-02  0.618E-04  0.874E-03  0.562E-02  0.228E-05  0.121E-04  0.185E-02  0.149E-03  0.000E+00
  1.051  0.014000  0.000    1.050    1.0624    3.6637    3.6637    2.0939    2.5155    1.0345    1.0915    0.7508  3.715E+11  1.0000   3.004  0.000E+00      0.00      0.00      0.00  0.0000 -10.932   0.000  0.0000  0.712E+00  0.273E+00  0.201E-02  0.618E-04  0.877E-03  0.562E-02  0.228E-05  0.121E-04  0.185E-02  0.149E-03  0.000E+00
  1.051  0.014000  0.000    1.050    1.0875    3.6627    3.6627    2.0312    2.4575    1.0432    1.0963    0.7546  3.840E+11  1.0000   2.975  0.000E+00      0.00      0.00      0.00  0.0000 -10.893   0.000  0.0000  0.711E+00  0.273E+00  0.201E-02  0.617E-04  0.879E-03  0.562E-02  0.228E-05  0.121E-04  0.185E-02  0.149E-03  0.000E+00
  1.052  0.014000  0.000    1.050    1.1177    3.6613    3.6613    1.9557    2.3890    1.0561    1.1033    0.7604  4.002E+11  1.0000   2.940  0.000E+00      0.00      0.00      0.00  0.0000 -10.845   0.000  0.0000  0.711E+00  0.274E+00  0.201E-02  0.617E-04  0.879E-03  0.562E-02  0.228E-05  0.121E-04  0.185E-02  0.149E-03  0.000E+00
  1.052  0.014000  0.000    1.050    1.1494    3.6598    3.6598    1.8764    2.3175    1.0703    1.1111    0.7667  4.181E+11  1.0000   2.902  0.000E+00      0.00      0.00      0.00  0.0000 -10.794   0.000  0.0000  0.711E+00  0.274E+00  0.201E-02  0.617E-04  0.880E-03  0.562E-02  0.228E-05  0.121E-04  0.185E-02  0.149E-03  0.000E+00
  1.052  0.014000  0.000    1.050    1.1812    3.6582    3.6582    1.7970    2.2459    1.0845    1.1188    0.7729  4.367E+11  1.0000   2.864  0.000E+00      0.00      0.00      0.00  0.0000 -10.743   0.000  0.0000  0.711E+00  0.274E+00  0.201E-02  0.617E-04  0.880E-03  0.562E-02  0.228E-05  0.121E-04  0.185E-02  0.149E-03  0.000E+00
  1.052  0.014000  0.000    1.050    1.2129    3.6567    3.6567    1.7177    2.1742    1.0987    1.1266    0.7793  4.562E+11  1.0000   2.826  0.000E+00      0.00      0.00      0.00  0.0000 -10.692   0.000  0.0000  0.711E+00  0.274E+00  0.201E-02  0.617E-04  0.880E-03  0.562E-02  0.228E-05  0.121E-04  0.185E-02  0.149E-03  0.000E+00
  1.053  0.014000  0.000    1.050    1.2465    3.6550    3.6550    1.6337    2.0984    1.1137    1.1348    0.7859  4.778E+11  1.0000   2.786  0.000E+00      0.00      0.00      0.00  0.0000 -10.639   0.000  0.0000  0.711E+00  0.274E+00  0.201E-02  0.617E-04  0.881E-03  0.562E-02  0.228E-05  0.121E-04  0.185E-02  0.149E-03  0.000E+00
  1.053  0.014000  0.000    1.050    1.2879    3.6531    3.6531    1.5303    2.0050    1.1319    1.1447    0.7940  5.057E+11  1.0000   2.737  0.000E+00      0.00      0.00      0.00  0.0000 -10.573   0.000  0.0000  0.711E+00  0.274E+00  0.201E-02  0.617E-04  0.881E-03  0.562E-02  0.228E-05  0.121E-04  0.185E-02  0.149E-03  0.000E+00
  1.053  0.014000  0.000    1.050    1.3292    3.6511    3.6511    1.4269    1.9115    1.1501    1.1546    0.8021  5.352E+11  1.0000   2.687  0.000E+00      0.00      0.00      0.00  0.0000 -10.507   0.000  0.0000  0.711E+00  0.274E+00  0.201E-02  0.617E-04  0.881E-03  0.562E-02  0.228E-05  0.121E-04  0.185E-02  0.149E-03  0.000E+00
  1.053  0.014000  0.000    1.050    1.3706    3.6491    3.6491    1.3236    1.8190    1.1690    1.1645    0.8103  5.665E+11  1.0000   2.638  0.000E+00      0.00      0.00      0.00  0.0000 -10.442   0.000  0.0000  0.711E+00  0.274E+00  0.201E-02  0.617E-04  0.881E-03  0.562E-02  0.228E-05  0.121E-04  0.185E-02  0.149E-03  0.000E+00
  1.054  0.014000  0.000    1.050    1.4119    3.6471    3.6471    1.2201    1.7277    1.1889    1.1744    0.8184  5.996E+11  1.0000   2.589  0.000E+00      0.00      0.00      0.00  0.0000 -10.376   0.000  0.0000  0.711E+00  0.274E+00  0.201E-02  0.617E-04  0.882E-03  0.562E-02  0.228E-05  0.121E-04  0.185E-02  0.149E-03  0.000E+00
  1.054  0.014000  0.000    1.050    1.4436    3.6459    3.6459    1.1409    1.6558    1.2010    1.1805    0.8234  6.253E+11  1.0000   2.552  0.000E+00      0.00      0.00      0.00  0.0000 -10.325   0.000  0.0000  0.711E+00  0.274E+00  0.201E-02  0.617E-04  0.882E-03  0.562E-02  0.228E-05  0.121E-04  0.185E-02  0.149E-03  0.000E+00
  1.054  0.014000  0.000    1.049    1.4632    3.6453    3.6453    1.0920    1.6102    1.2065    1.1833    0.8257  6.412E+11  1.0000   2.530  0.000E+00      0.00      0.00      0.00  0.0000 -10.294   0.000  0.0000  0.711E+00  0.274E+00  0.201E-02  0.617E-04  0.883E-03  0.562E-02  0.229E-05  0.121E-04  0.185E-02  0.149E-03  0.000E+00
  1.055  0.014000  0.000    1.049    1.4764    3.6448    3.6448    1.0590    1.5803    1.2116    1.1858    0.8278  6.525E+11  1.0000   2.515  0.000E+00      0.00      0.00      0.00  0.0000 -10.273   0.000  0.0000  0.711E+00  0.274E+00  0.201E-02  0.617E-04  0.883E-03  0.562E-02  0.229E-05  0.121E-04  0.185E-02  0.149E-03  0.000E+00
  1.055  0.014000  0.000    1.049    1.5130    3.6426    3.6426    0.9676    1.5025    1.2341    1.1971    0.8371  6.877E+11  1.0000   2.469  0.000E+00      0.00      0.00      0.00  0.0000 -10.214   0.000  0.0000  0.711E+00  0.274E+00  0.201E-02  0.617E-04  0.883E-03  0.562E-02  0.229E-05  0.121E-04  0.185E-02  0.149E-03  0.000E+00
  1.055  0.014000  0.000    1.049    1.5496    3.6403    3.6403    0.8761    1.4248    1.2566    1.2083    0.8464  7.248E+11  1.0000   2.423  0.000E+00      0.00      0.00      0.00  0.0000 -10.155   0.000  0.0000  0.711E+00  0.274E+00  0.201E-02  0.617E-04  0.883E-03  0.562E-02  0.229E-05  0.121E-04  0.185E-02  0.149E-03  0.000E+00
  1.055  0.014000  0.000    1.048    1.5861    3.6381    3.6381    0.7846    1.3470    1.2792    1.2196    0.8558  7.638E+11  1.0000   2.378  0.000E+00      0.00      0.00      0.00  0.0000 -10.095   0.000  0.0000  0.711E+00  0.274E+00  0.201E-02  0.617E-04  0.883E-03  0.562E-02  0.229E-05  0.121E-04  0.185E-02  0.149E-03  0.000E+00
  1.055  0.014000  0.000    1.048    1.6227    3.6358    3.6358    0.6931    1.2692    1.3017    1.2308    0.8652  8.050E+11  1.0000   2.332  0.000E+00      0.00      0.00      0.00  0.0000 -10.036   0.000  0.0000  0.711E+00  0.274E+00  0.201E-02  0.617E-04  0.883E-03  0.562E-02  0.229E-05  0.121E-04  0.185E-02  0.149E-03  0.000E+00
  1.055  0.014000  0.000    1.048    1.6593    3.6336    3.6336    0.6017    1.1914    1.3242    1.2421    0.8747  8.484E+11  1.0000   2.286  0.000E+00      0.00      0.00      0.00  0.0000  -9.977   0.000  0.0000  0.711E+00  0.274E+00  0.201E-02  0.617E-04  0.883E-03  0.562E-02  0.229E-05  0.121E-04  0.185E-02  0.149E-03  0.000E+00
  1.055  0.014000  0.000    1.048    1.6959    3.6313    3.6313    0.5102    1.1136    1.3468    1.2534    0.8842  8.942E+11  1.0000   2.240  0.000E+00      0.00      0.00      0.00  0.0000  -9.917   0.000  0.0000  0.711E+00  0.274E+00  0.201E-02  0.617E-04  0.883E-03  0.562E-02  0.229E-05  0.121E-04  0.185E-02  0.149E-03  0.000E+00
  1.056  0.014000  0.000    1.047    1.7325    3.6291    3.6291    0.4187    1.0358    1.3693    1.2647    0.8937  9.424E+11  1.0000   2.195  0.000E+00      0.00      0.00      0.00  0.0000  -9.858   0.000  0.0000  0.711E+00  0.274E+00  0.201E-02  0.617E-04  0.884E-03  0.562E-02  0.229E-05  0.121E-04  0.185E-02  0.149E-03  0.000E+00
  1.056  0.014000  0.000    1.047    1.7691    3.6268    3.6268    0.3272    0.9579    1.3919    1.2759    0.9033  9.932E+11  1.0000   2.149  0.000E+00      0.00      0.00      0.00  0.0000  -9.798   0.000  0.0000  0.711E+00  0.274E+00  0.201E-02  0.617E-04  0.884E-03  0.562E-02  0.229E-05  0.121E-04  0.185E-02  0.149E-03  0.000E+00
  1.056  0.014000  0.000    1.046    1.8173    3.6236    3.6236    0.2068    0.8574    1.4245    1.2922    0.9172  1.066E+12  1.0000   2.087  0.000E+00      0.00      0.00      0.00  0.0000  -9.719   0.000  0.0000  0.711E+00  0.274E+00  0.201E-02  0.617E-04  0.884E-03  0.562E-02  0.229E-05  0.121E-04  0.185E-02  0.149E-03  0.000E+00
  1.056  0.014000  0.000    1.042    1.9168    3.6158    3.6158   -0.0419    0.6718    1.4979    1.3310    0.9507  1.238E+12  1.0000   1.955  0.000E+00      0.00      0.00      0.00  0.0000  -9.553   0.000  0.0000  0.711E+00  0.274E+00  0.201E-02  0.617E-04  0.884E-03  0.562E-02  0.229E-05  0.121E-04  0.185E-02  0.149E-03  0.000E+00
  1.056  0.014000  0.000    1.038    2.0163    3.6080    3.6080   -0.2907    0.4902    1.5702    1.3698    0.9850  1.439E+12  1.0000   1.823  0.000E+00      0.00      0.00      0.00  0.0000  -9.386   0.000  0.0000  0.711E+00  0.274E+00  0.201E-02  0.617E-04  0.884E-03  0.562E-02  0.229E-05  0.121E-04  0.185E-02  0.149E-03  0.000E+00
  1.056  0.014000  0.000    1.034    2.1158    3.6003    3.6003   -0.5395    0.3086    1.6426    1.4085    1.0200  1.673E+12  1.0000   1.691  0.000E+00      0.00      0.00      0.00  0.0000  -9.220   0.000  0.0000  0.711E+00  0.274E+00  0.201E-02  0.617E-04  0.884E-03  0.562E-02  0.229E-05  0.121E-04  0.185E-02  0.149E-03  0.000E+00
  1.056  0.014000  0.000    1.030    2.2153    3.5925    3.5925   -0.7882    0.1271    1.7149    1.4473    1.0559  1.944E+12  1.0000   1.558  0.000E+00      0.00      0.00      0.00  0.0000  -9.053   0.000  0.0000  0.711E+00  0.274E+00  0.201E-02  0.617E-04  0.884E-03  0.562E-02  0.229E-05  0.121E-04  0.185E-02  0.149E-03  0.000E+00
  1.056  0.014000  0.000    1.025    2.3148    3.5848    3.5848   -1.0370   -0.0088    1.7681    1.4861    1.0928  2.259E+12  1.0000   1.426  0.000E+00      0.00      0.00      0.00  0.0000  -8.886   0.000  0.0000  0.711E+00  0.274E+00  0.201E-02  0.617E-04  0.884E-03  0.562E-02  0.229E-05  0.121E-04  0.185E-02  0.149E-03  0.000E+00
  1.056  0.014000  0.000    1.021    2.4143    3.5770    3.5770   -1.2858   -0.1413    1.8198    1.5248    1.1308  2.625E+12  1.0000   1.294  0.000E+00      0.00      0.00      0.00  0.0000  -8.720   0.000  0.0000  0.711E+00  0.274E+00  0.201E-02  0.617E-04  0.885E-03  0.562E-02  0.229E-05  0.121E-04  0.185E-02  0.149E-03  0.000E+00
  1.057  0.014000  0.000    1.017    2.5138    3.5693    3.5693   -1.5345   -0.2706    1.8463    1.5510    1.1572  3.051E+12  1.0000   1.162  0.000E+00      0.00      0.00      0.00  0.0000  -8.553   0.000  0.0000  0.711E+00  0.274E+00  0.201E-02  0.617E-04  0.885E-03  0.562E-02  0.229E-05  0.121E-04  0.185E-02  0.149E-03  0.000E+00
  1.057  0.014000  0.000    1.013    2.6133    3.5615    3.5615   -1.7833   -0.3978    1.8566    1.5691    1.1758  3.546E+12  1.0000   1.029  0.000E+00      0.00      0.00      0.00  0.0000  -8.387   0.000  0.0000  0.711E+00  0.274E+00  0.201E-02  0.617E-04  0.885E-03  0.562E-02  0.229E-05  0.121E-04  0.185E-02  0.149E-03  0.000E+00
