  0.800  0.014000  0.400    0.800   -0.5604    3.6884    3.6884    6.1510    6.5376    0.4881    0.9531    0.5951  5.119E+10  1.0000   4.608  0.245E-05      1.26      0.00      0.00  0.0000   0.000   0.000  0.0000  0.726E+00  0.259E+00  0.224E-02  0.280E-04  0.648E-03  0.563E-02  0.223E-05  0.127E-04  0.185E-02  0.149E-03  0.000E+00
  0.804  0.014000  0.400    0.804   -0.5500    3.6899    3.6899    6.1250    6.5063    0.4803    0.9453    0.5901  5.143E+10  1.0000   4.606  0.247E-05      1.27      0.00      0.00  0.0000   0.000   0.000  0.0000  0.726E+00  0.259E+00  0.224E-02  0.281E-04  0.648E-03  0.563E-02  0.223E-05  0.127E-04  0.185E-02  0.149E-03  0.000E+00
  0.807  0.014000  0.400    0.807   -0.5396    3.6915    3.6915    6.0990    6.4750    0.4726    0.9376    0.5852  5.168E+10  1.0000   4.604  0.249E-05      1.29      0.00      0.00  0.0000   0.000   0.000  0.0000  0.726E+00  0.259E+00  0.224E-02  0.281E-04  0.648E-03  0.563E-02  0.223E-05  0.127E-04  0.185E-02  0.149E-03  0.000E+00
  0.811  0.014000  0.400    0.811   -0.5293    3.6930    3.6930    6.0732    6.4438    0.4649    0.9299    0.5803  5.193E+10  1.0000   4.601  0.250E-05      1.30      0.00      0.00  0.0000   0.000   0.000  0.0000  0.726E+00  0.259E+00  0.224E-02  0.281E-04  0.648E-03  0.563E-02  0.223E-05  0.127E-04  0.185E-02  0.149E-03  0.000E+00
  0.815  0.014000  0.400    0.815   -0.5189    3.6946    3.6946    6.0473    6.4128    0.4571    0.9221    0.5754  5.218E+10  1.0000   4.599  0.251E-05      1.31      0.00      0.00  0.0000   0.000   0.000  0.0000  0.726E+00  0.259E+00  0.224E-02  0.282E-04  0.648E-03  0.563E-02  0.223E-05  0.127E-04  0.185E-02  0.149E-03  0.000E+00
  0.819  0.014000  0.400    0.819   -0.5086    3.6961    3.6961    6.0216    6.3818    0.4495    0.9145    0.5705  5.243E+10  1.0000   4.597  0.251E-05      1.32      0.00      0.00  0.0000   0.000   0.000  0.0000  0.726E+00  0.259E+00  0.224E-02  0.282E-04  0.648E-03  0.563E-02  0.223E-05  0.127E-04  0.185E-02  0.149E-03  0.000E+00
  0.822  0.014000  0.400    0.822   -0.4984    3.6976    3.6976    5.9959    6.3509    0.4418    0.9068    0.5656  5.268E+10  1.0000   4.595  0.251E-05      1.33      0.00      0.00  0.0000   0.000   0.000  0.0000  0.726E+00  0.259E+00  0.224E-02  0.282E-04  0.648E-03  0.563E-02  0.223E-05  0.127E-04  0.185E-02  0.149E-03  0.000E+00
  0.826  0.014000  0.400    0.826   -0.4881    3.6992    3.6992    5.9703    6.3201    0.4342    0.8993    0.5608  5.293E+10  1.0000   4.593  0.253E-05      1.35      0.00      0.00  0.0000   0.000   0.000  0.0000  0.726E+00  0.259E+00  0.224E-02  0.283E-04  0.648E-03  0.562E-02  0.223E-05  0.126E-04  0.185E-02  0.149E-03  0.000E+00
  0.830  0.014000  0.400    0.830   -0.4779    3.7007    3.7007    5.9448    6.2893    0.4266    0.8920    0.5562  5.318E+10  1.0000   4.590  0.254E-05      1.36      0.00      0.00  0.0000   0.000   0.000  0.0000  0.726E+00  0.259E+00  0.224E-02  0.283E-04  0.648E-03  0.562E-02  0.223E-05  0.126E-04  0.185E-02  0.149E-03  0.000E+00
  0.834  0.014000  0.400    0.834   -0.4677    3.7022    3.7022    5.9193    6.2587    0.4191    0.8848    0.5516  5.344E+10  1.0000   4.588  0.255E-05      1.38      0.00      0.00  0.0000   0.000   0.000  0.0000  0.726E+00  0.259E+00  0.224E-02  0.283E-04  0.647E-03  0.562E-02  0.222E-05  0.126E-04  0.185E-02  0.149E-03  0.000E+00
  0.837  0.014000  0.400    0.837   -0.4576    3.7037    3.7037    5.8939    6.2281    0.4115    0.8777    0.5470  5.369E+10  1.0000   4.586  0.257E-05      1.39      0.00      0.00  0.0000   0.000   0.000  0.0000  0.726E+00  0.259E+00  0.224E-02  0.284E-04  0.647E-03  0.562E-02  0.222E-05  0.126E-04  0.185E-02  0.149E-03  0.000E+00
  0.841  0.014000  0.400    0.841   -0.4474    3.7052    3.7052    5.8686    6.1977    0.4040    0.8705    0.5424  5.395E+10  1.0000   4.584  0.259E-05      1.41      0.00      0.00  0.0000   0.000   0.000  0.0000  0.726E+00  0.259E+00  0.224E-02  0.284E-04  0.647E-03  0.562E-02  0.222E-05  0.126E-04  0.185E-02  0.149E-03  0.000E+00
  0.845  0.014000  0.400    0.845   -0.4373    3.7067    3.7067    5.8433    6.1673    0.3966    0.8634    0.5378  5.421E+10  1.0000   4.582  0.260E-05      1.42      0.00      0.00  0.0000   0.000   0.000  0.0000  0.726E+00  0.259E+00  0.224E-02  0.285E-04  0.647E-03  0.562E-02  0.222E-05  0.126E-04  0.185E-02  0.149E-03  0.000E+00
  0.848  0.014000  0.400    0.848   -0.4272    3.7082    3.7082    5.8181    6.1370    0.3891    0.8563    0.5332  5.447E+10  1.0000   4.579  0.262E-05      1.44      0.00      0.00  0.0000   0.000   0.000  0.0000  0.726E+00  0.259E+00  0.224E-02  0.285E-04  0.647E-03  0.562E-02  0.222E-05  0.126E-04  0.185E-02  0.149E-03  0.000E+00
  0.852  0.014000  0.400    0.852   -0.4172    3.7097    3.7097    5.7929    6.1067    0.3817    0.8493    0.5286  5.473E+10  1.0000   4.577  0.262E-05      1.45      0.00      0.00  0.0000   0.000   0.000  0.0000  0.726E+00  0.259E+00  0.224E-02  0.286E-04  0.647E-03  0.562E-02  0.222E-05  0.126E-04  0.185E-02  0.149E-03  0.000E+00
  0.856  0.014000  0.400    0.856   -0.4071    3.7111    3.7111    5.7678    6.0766    0.3743    0.8422    0.5241  5.499E+10  1.0000   4.575  0.262E-05      1.46      0.00      0.00  0.0000   0.000   0.000  0.0000  0.727E+00  0.259E+00  0.224E-02  0.287E-04  0.647E-03  0.562E-02  0.222E-05  0.126E-04  0.185E-02  0.149E-03  0.000E+00
  0.860  0.014000  0.400    0.860   -0.3971    3.7126    3.7126    5.7428    6.0465    0.3670    0.8352    0.5195  5.525E+10  1.0000   4.573  0.263E-05      1.47      0.00      0.00  0.0000   0.000   0.000  0.0000  0.727E+00  0.259E+00  0.224E-02  0.287E-04  0.647E-03  0.562E-02  0.222E-05  0.126E-04  0.185E-02  0.149E-03  0.000E+00
  0.863  0.014000  0.400    0.863   -0.3871    3.7141    3.7141    5.7178    6.0165    0.3597    0.8282    0.5149  5.551E+10  1.0000   4.570  0.264E-05      1.48      0.00      0.00  0.0000   0.000   0.000  0.0000  0.727E+00  0.259E+00  0.224E-02  0.288E-04  0.647E-03  0.562E-02  0.222E-05  0.126E-04  0.185E-02  0.149E-03  0.000E+00
  0.867  0.014000  0.400    0.867   -0.3771    3.7155    3.7155    5.6928    5.9866    0.3524    0.8213    0.5104  5.578E+10  1.0000   4.568  0.266E-05      1.49      0.00      0.00  0.0000   0.000   0.000  0.0000  0.727E+00  0.259E+00  0.224E-02  0.288E-04  0.647E-03  0.562E-02  0.222E-05  0.126E-04  0.185E-02  0.149E-03  0.000E+00
  0.871  0.014000  0.400    0.871   -0.3672    3.7170    3.7170    5.6680    5.9567    0.3451    0.8144    0.5058  5.605E+10  1.0000   4.566  0.267E-05      1.50      0.00      0.00  0.0000   0.000   0.000  0.0000  0.727E+00  0.259E+00  0.224E-02  0.289E-04  0.647E-03  0.562E-02  0.222E-05  0.126E-04  0.185E-02  0.149E-03  0.000E+00
  0.874  0.014000  0.400    0.874   -0.3572    3.7184    3.7184    5.6431    5.9269    0.3379    0.8075    0.5012  5.631E+10  1.0000   4.564  0.268E-05      1.51      0.00      0.00  0.0000   0.000   0.000  0.0000  0.727E+00  0.259E+00  0.224E-02  0.290E-04  0.647E-03  0.562E-02  0.222E-05  0.126E-04  0.185E-02  0.149E-03  0.000E+00
  0.878  0.014000  0.400    0.878   -0.3473    3.7199    3.7199    5.6183    5.8972    0.3307    0.8006    0.4967  5.658E+10  1.0000   4.561  0.269E-05      1.53      0.00      0.00  0.0000   0.000   0.000  0.0000  0.727E+00  0.259E+00  0.224E-02  0.291E-04  0.647E-03  0.562E-02  0.222E-05  0.126E-04  0.185E-02  0.149E-03  0.000E+00
  0.882  0.014000  0.400    0.882   -0.3374    3.7213    3.7213    5.5936    5.8676    0.3235    0.7935    0.4919  5.686E+10  1.0000   4.559  0.270E-05      1.54      0.00      0.00  0.0000   0.000   0.000  0.0000  0.727E+00  0.259E+00  0.224E-02  0.291E-04  0.647E-03  0.562E-02  0.222E-05  0.126E-04  0.185E-02  0.149E-03  0.000E+00
  0.886  0.014000  0.400    0.886   -0.3276    3.7227    3.7227    5.5689    5.8380    0.3164    0.7864    0.4872  5.713E+10  1.0000   4.557  0.271E-05      1.55      0.00      0.00  0.0000   0.000   0.000  0.0000  0.727E+00  0.259E+00  0.224E-02  0.292E-04  0.647E-03  0.562E-02  0.222E-05  0.126E-04  0.185E-02  0.149E-03  0.000E+00
  0.889  0.014000  0.400    0.889   -0.3177    3.7241    3.7241    5.5443    5.8086    0.3093    0.7793    0.4824  5.741E+10  1.0000   4.554  0.273E-05      1.57      0.00      0.00  0.0000   0.000   0.000  0.0000  0.727E+00  0.259E+00  0.224E-02  0.293E-04  0.647E-03  0.562E-02  0.222E-05  0.126E-04  0.185E-02  0.149E-03  0.000E+00
  0.893  0.014000  0.400    0.893   -0.3079    3.7256    3.7256    5.5197    5.7791    0.3022    0.7722    0.4776  5.768E+10  1.0000   4.552  0.274E-05      1.58      0.00      0.00  0.0000   0.000   0.000  0.0000  0.727E+00  0.259E+00  0.224E-02  0.294E-04  0.647E-03  0.562E-02  0.222E-05  0.126E-04  0.185E-02  0.149E-03  0.000E+00
  0.897  0.014000  0.400    0.897   -0.2981    3.7270    3.7270    5.4951    5.7497    0.2952    0.7652    0.4728  5.796E+10  1.0000   4.549  0.274E-05      1.59      0.00      0.00  0.0000   0.000   0.000  0.0000  0.727E+00  0.259E+00  0.224E-02  0.295E-04  0.647E-03  0.562E-02  0.222E-05  0.126E-04  0.185E-02  0.149E-03  0.000E+00
  0.901  0.014000  0.400    0.901   -0.2883    3.7283    3.7283    5.4706    5.7205    0.2883    0.7583    0.4681  5.825E+10  1.0000   4.547  0.275E-05      1.60      0.00      0.00  0.0000   0.000   0.000  0.0000  0.727E+00  0.259E+00  0.224E-02  0.295E-04  0.647E-03  0.562E-02  0.222E-05  0.126E-04  0.185E-02  0.149E-03  0.000E+00
  0.904  0.014000  0.400    0.904   -0.2784    3.7296    3.7296    5.4460    5.6916    0.2820    0.7520    0.4638  5.857E+10  1.0000   4.544  0.276E-05      1.62      0.00      0.00  0.0000   0.000   0.000  0.0000  0.727E+00  0.259E+00  0.224E-02  0.296E-04  0.647E-03  0.562E-02  0.222E-05  0.126E-04  0.185E-02  0.149E-03  0.000E+00
  0.908  0.014000  0.400    0.908   -0.2686    3.7309    3.7309    5.4215    5.6628    0.2757    0.7457    0.4595  5.890E+10  1.0000   4.541  0.278E-05      1.64      0.00      0.00  0.0000   0.000   0.000  0.0000  0.727E+00  0.259E+00  0.224E-02  0.296E-04  0.647E-03  0.562E-02  0.222E-05  0.126E-04  0.185E-02  0.149E-03  0.000E+00
  0.912  0.014000  0.400    0.912   -0.2588    3.7321    3.7321    5.3970    5.6340    0.2695    0.7395    0.4552  5.922E+10  1.0000   4.538  0.279E-05      1.66      0.00      0.00  0.0000   0.000   0.000  0.0000  0.727E+00  0.259E+00  0.224E-02  0.297E-04  0.647E-03  0.562E-02  0.222E-05  0.126E-04  0.185E-02  0.149E-03  0.000E+00
  0.915  0.014000  0.400    0.915   -0.2490    3.7333    3.7333    5.3725    5.6053    0.2633    0.7333    0.4509  5.955E+10  1.0000   4.535  0.280E-05      1.68      0.00      0.00  0.0000   0.000   0.000  0.0000  0.727E+00  0.259E+00  0.224E-02  0.297E-04  0.647E-03  0.562E-02  0.222E-05  0.126E-04  0.185E-02  0.149E-03  0.000E+00
  0.919  0.014000  0.400    0.919   -0.2392    3.7346    3.7346    5.3481    5.5767    0.2571    0.7271    0.4466  5.989E+10  1.0000   4.532  0.281E-05      1.70      0.00      0.00  0.0000   0.000   0.000  0.0000  0.727E+00  0.259E+00  0.223E-02  0.298E-04  0.647E-03  0.562E-02  0.222E-05  0.126E-04  0.185E-02  0.149E-03  0.000E+00
  0.923  0.014000  0.400    0.923   -0.2295    3.7358    3.7358    5.3237    5.5480    0.2510    0.7210    0.4423  6.022E+10  1.0000   4.529  0.283E-05      1.72      0.00      0.00  0.0000   0.000   0.000  0.0000  0.727E+00  0.259E+00  0.223E-02  0.299E-04  0.647E-03  0.562E-02  0.222E-05  0.126E-04  0.185E-02  0.149E-03  0.000E+00
  0.927  0.014000  0.400    0.927   -0.2197    3.7370    3.7370    5.2993    5.5195    0.2449    0.7149    0.4380  6.056E+10  1.0000   4.526  0.284E-05      1.73      0.00      0.00  0.0000   0.000   0.000  0.0000  0.727E+00  0.259E+00  0.223E-02  0.299E-04  0.647E-03  0.562E-02  0.222E-05  0.126E-04  0.185E-02  0.149E-03  0.000E+00
  0.930  0.014000  0.400    0.930   -0.2100    3.7382    3.7382    5.2750    5.4910    0.2388    0.7088    0.4337  6.090E+10  1.0000   4.522  0.285E-05      1.75      0.00      0.00  0.0000   0.000   0.000  0.0000  0.727E+00  0.259E+00  0.223E-02  0.300E-04  0.647E-03  0.562E-02  0.222E-05  0.126E-04  0.185E-02  0.149E-03  0.000E+00
  0.934  0.014000  0.400    0.934   -0.2003    3.7395    3.7395    5.2507    5.4625    0.2327    0.7027    0.4294  6.124E+10  1.0000   4.519  0.286E-05      1.77      0.00      0.00  0.0000   0.000   0.000  0.0000  0.727E+00  0.259E+00  0.223E-02  0.301E-04  0.647E-03  0.562E-02  0.222E-05  0.126E-04  0.185E-02  0.149E-03  0.000E+00
  0.938  0.014000  0.400    0.938   -0.1906    3.7407    3.7407    5.2264    5.4342    0.2267    0.6974    0.4256  6.158E+10  1.0000   4.516  0.287E-05      1.78      0.00      0.00  0.0000   0.000   0.000  0.0000  0.727E+00  0.259E+00  0.223E-02  0.301E-04  0.647E-03  0.562E-02  0.222E-05  0.126E-04  0.185E-02  0.149E-03  0.000E+00
  0.945  0.014000  0.400    0.945   -0.1712    3.7431    3.7431    5.1780    5.3776    0.2147    0.6879    0.4188  6.228E+10  1.0000   4.510  0.289E-05      1.81      0.00      0.00  0.0000   0.000   0.000  0.0000  0.727E+00  0.259E+00  0.223E-02  0.303E-04  0.647E-03  0.562E-02  0.222E-05  0.126E-04  0.185E-02  0.149E-03  0.000E+00
  0.953  0.014000  0.400    0.953   -0.1519    3.7454    3.7454    5.1297    5.3212    0.2029    0.6786    0.4121  6.299E+10  1.0000   4.503  0.291E-05      1.85      0.00      0.00  0.0000   0.000   0.000  0.0000  0.727E+00  0.258E+00  0.223E-02  0.305E-04  0.647E-03  0.561E-02  0.222E-05  0.126E-04  0.185E-02  0.149E-03  0.000E+00
  0.960  0.014000  0.400    0.960   -0.1326    3.7478    3.7478    5.0815    5.2649    0.1911    0.6693    0.4054  6.372E+10  1.0000   4.497  0.292E-05      1.88      0.00      0.00  0.0000   0.000   0.000  0.0000  0.727E+00  0.258E+00  0.223E-02  0.306E-04  0.647E-03  0.561E-02  0.222E-05  0.126E-04  0.185E-02  0.149E-03  0.000E+00
  0.968  0.014000  0.400    0.968   -0.1134    3.7501    3.7501    5.0334    5.2089    0.1796    0.6602    0.3987  6.445E+10  1.0000   4.490  0.295E-05      1.91      0.00      0.00  0.0000   0.000   0.000  0.0000  0.727E+00  0.258E+00  0.223E-02  0.308E-04  0.647E-03  0.561E-02  0.222E-05  0.126E-04  0.185E-02  0.149E-03  0.000E+00
  0.975  0.014000  0.400    0.975   -0.0941    3.7524    3.7524    4.9854    5.1530    0.1681    0.6511    0.3920  6.520E+10  1.0000   4.484  0.297E-05      1.94      0.00      0.00  0.0000   0.000   0.000  0.0000  0.727E+00  0.258E+00  0.223E-02  0.310E-04  0.647E-03  0.561E-02  0.222E-05  0.126E-04  0.185E-02  0.149E-03  0.000E+00
  0.983  0.014000  0.400    0.983   -0.0750    3.7546    3.7546    4.9374    5.0973    0.1568    0.6422    0.3854  6.597E+10  1.0000   4.477  0.298E-05      1.97      0.00      0.00  0.0000   0.000   0.000  0.0000  0.727E+00  0.258E+00  0.223E-02  0.313E-04  0.647E-03  0.561E-02  0.222E-05  0.126E-04  0.185E-02  0.149E-03  0.000E+00
  0.990  0.014000  0.400    0.990   -0.0558    3.7569    3.7569    4.8895    5.0418    0.1456    0.6334    0.3788  6.675E+10  1.0000   4.470  0.300E-05      2.01      0.00      0.00  0.0000   0.000   0.000  0.0000  0.727E+00  0.258E+00  0.223E-02  0.315E-04  0.647E-03  0.561E-02  0.222E-05  0.126E-04  0.185E-02  0.149E-03  0.000E+00
  0.997  0.014000  0.400    0.997   -0.0367    3.7591    3.7591    4.8417    4.9864    0.1346    0.6247    0.3722  6.754E+10  1.0000   4.463  0.302E-05      2.04      0.00      0.00  0.0000   0.000   0.000  0.0000  0.727E+00  0.258E+00  0.223E-02  0.318E-04  0.647E-03  0.561E-02  0.222E-05  0.126E-04  0.185E-02  0.149E-03  0.000E+00
  1.005  0.014000  0.400    1.005   -0.0176    3.7611    3.7611    4.7940    4.9318    0.1245    0.6167    0.3662  6.840E+10  1.0000   4.455  0.302E-05      2.07      0.00      0.00  0.0000   0.000   0.000  0.0000  0.727E+00  0.258E+00  0.223E-02  0.320E-04  0.647E-03  0.561E-02  0.222E-05  0.126E-04  0.185E-02  0.149E-03  0.000E+00
  1.012  0.014000  0.400    1.012    0.0015    3.7630    3.7630    4.7463    4.8775    0.1149    0.6091    0.3604  6.931E+10  1.0000   4.447  0.303E-05      2.11      0.00      0.00  0.0000   0.000   0.000  0.0000  0.727E+00  0.258E+00  0.223E-02  0.321E-04  0.647E-03  0.561E-02  0.222E-05  0.126E-04  0.185E-02  0.149E-03  0.000E+00
  1.020  0.014000  0.400    1.020    0.0205    3.7649    3.7649    4.6987    4.8235    0.1055    0.6017    0.3547  7.023E+10  1.0000   4.438  0.306E-05      2.16      0.00      0.00  0.0000   0.000   0.000  0.0000  0.727E+00  0.258E+00  0.223E-02  0.322E-04  0.647E-03  0.561E-02  0.222E-05  0.126E-04  0.184E-02  0.149E-03  0.000E+00
  1.027  0.014000  0.400    1.027    0.0396    3.7668    3.7668    4.6511    4.7694    0.0960    0.5942    0.3490  7.117E+10  1.0000   4.430  0.306E-05      2.20      0.00      0.00  0.0000   0.000   0.000  0.0000  0.727E+00  0.258E+00  0.223E-02  0.324E-04  0.647E-03  0.561E-02  0.222E-05  0.126E-04  0.184E-02  0.149E-03  0.000E+00
  1.035  0.014000  0.400    1.035    0.0585    3.7687    3.7687    4.6036    4.7156    0.0867    0.5869    0.3433  7.212E+10  1.0000   4.422  0.309E-05      2.24      0.00      0.00  0.0000   0.000   0.000  0.0000  0.727E+00  0.258E+00  0.223E-02  0.325E-04  0.647E-03  0.561E-02  0.222E-05  0.126E-04  0.184E-02  0.149E-03  0.000E+00
  1.042  0.014000  0.400    1.042    0.0775    3.7705    3.7705    4.5562    4.6619    0.0776    0.5797    0.3377  7.310E+10  1.0000   4.413  0.311E-05      2.29      0.00      0.00  0.0000   0.000   0.000  0.0000  0.727E+00  0.258E+00  0.223E-02  0.327E-04  0.647E-03  0.561E-02  0.222E-05  0.126E-04  0.184E-02  0.149E-03  0.000E+00
  1.050  0.014000  0.400    1.050    0.0965    3.7723    3.7723    4.5088    4.6084    0.0686    0.5726    0.3322  7.409E+10  1.0000   4.404  0.312E-05      2.33      0.00      0.00  0.0000   0.000   0.000  0.0000  0.727E+00  0.258E+00  0.223E-02  0.329E-04  0.647E-03  0.561E-02  0.222E-05  0.126E-04  0.184E-02  0.149E-03  0.000E+00
  1.057  0.014000  0.400    1.057    0.1154    3.7740    3.7740    4.4615    4.5552    0.0599    0.5657    0.3267  7.512E+10  1.0000   4.396  0.313E-05      2.37      0.00      0.00  0.0000   0.000   0.000  0.0000  0.728E+00  0.258E+00  0.222E-02  0.330E-04  0.647E-03  0.561E-02  0.222E-05  0.126E-04  0.184E-02  0.149E-03  0.000E+00
  1.064  0.014000  0.400    1.064    0.1343    3.7757    3.7757    4.4143    4.5022    0.0514    0.5590    0.3215  7.617E+10  1.0000   4.387  0.315E-05      2.42      0.00      0.00  0.0000   0.000   0.000  0.0000  0.728E+00  0.258E+00  0.222E-02  0.333E-04  0.648E-03  0.561E-02  0.222E-05  0.126E-04  0.184E-02  0.149E-03  0.000E+00
  1.072  0.014000  0.400    1.072    0.1531    3.7774    3.7774    4.3672    4.4494    0.0432    0.5525    0.3163  7.725E+10  1.0000   4.377  0.316E-05      2.46      0.00      0.00  0.0000   0.000   0.000  0.0000  0.728E+00  0.258E+00  0.222E-02  0.335E-04  0.648E-03  0.561E-02  0.222E-05  0.126E-04  0.184E-02  0.149E-03  0.000E+00
  1.079  0.014000  0.400    1.079    0.1719    3.7790    3.7790    4.3202    4.3981    0.0385    0.5465    0.3115  7.837E+10  1.0000   4.368  0.317E-05      2.49      0.00      0.00  0.0000   0.000   0.000  0.0000  0.728E+00  0.258E+00  0.222E-02  0.337E-04  0.648E-03  0.561E-02  0.222E-05  0.126E-04  0.184E-02  0.149E-03  0.000E+00
  1.087  0.014000  0.400    1.087    0.1907    3.7805    3.7805    4.2733    4.3476    0.0360    0.5407    0.3068  7.951E+10  1.0000   4.358  0.319E-05      2.53      0.00      0.00  0.0000   0.000   0.000  0.0000  0.728E+00  0.258E+00  0.222E-02  0.340E-04  0.648E-03  0.561E-02  0.222E-05  0.126E-04  0.184E-02  0.149E-03  0.000E+00
  1.094  0.014000  0.400    1.094    0.2094    3.7820    3.7820    4.2266    4.2974    0.0336    0.5351    0.3024  8.068E+10  1.0000   4.349  0.320E-05      2.58      0.00      0.00  0.0000   0.000   0.000  0.0000  0.728E+00  0.258E+00  0.222E-02  0.343E-04  0.648E-03  0.561E-02  0.222E-05  0.126E-04  0.184E-02  0.149E-03  0.000E+00
  1.109  0.014000  0.400    1.109    0.2415    3.7840    3.7840    4.1463    4.2125    0.0304    0.5276    0.2963  8.295E+10  1.0000   4.330  0.326E-05      2.72      0.00      0.00  0.0000   0.000   0.000  0.0000  0.727E+00  0.258E+00  0.221E-02  0.385E-04  0.660E-03  0.561E-02  0.222E-05  0.126E-04  0.185E-02  0.149E-03  0.000E+00
  1.139  0.014000  0.400    1.139    0.2979    3.7866    3.7866    4.0052    4.0656    0.0263    0.5182    0.2886  8.748E+10  1.0000   4.296  0.341E-05      3.03      0.00      0.00  0.0000   0.000   0.000  0.0000  0.725E+00  0.261E+00  0.218E-02  0.514E-04  0.697E-03  0.563E-02  0.224E-05  0.126E-04  0.185E-02  0.149E-03  0.000E+00
  1.169  0.014000  0.400    1.169    0.3522    3.7883    3.7883    3.8694    3.9259    0.0235    0.5118    0.2834  9.240E+10  1.0000   4.259  0.356E-05      3.36      0.00      0.00  0.0000   0.000   0.000  0.0000  0.722E+00  0.263E+00  0.215E-02  0.643E-04  0.735E-03  0.566E-02  0.225E-05  0.126E-04  0.186E-02  0.150E-03  0.000E+00
  1.199  0.014000  0.400    1.199    0.4046    3.7893    3.7893    3.7384    3.7925    0.0219    0.5079    0.2802  9.766E+10  1.0000   4.222  0.369E-05      3.67      0.00      0.00  0.0000   0.000   0.000  0.0000  0.720E+00  0.265E+00  0.212E-02  0.770E-04  0.774E-03  0.568E-02  0.227E-05  0.126E-04  0.187E-02  0.151E-03  0.000E+00
  1.228  0.014000  0.400    1.228    0.4550    3.7896    3.7896    3.6126    3.6660    0.0214    0.5068    0.2793  1.033E+11  1.0000   4.184  0.382E-05      3.98      0.00      0.00  0.0000   0.000   0.000  0.0000  0.717E+00  0.268E+00  0.208E-02  0.896E-04  0.813E-03  0.570E-02  0.228E-05  0.126E-04  0.187E-02  0.151E-03  0.000E+00
  1.258  0.014000  0.400    1.258    0.5047    3.7882    3.7882    3.4881    3.5448    0.0237    0.5122    0.2837  1.102E+11  1.0000   4.139  0.390E-05      4.32      0.00      0.00  0.0000   0.000   0.000  0.0000  0.715E+00  0.270E+00  0.206E-02  0.994E-04  0.848E-03  0.572E-02  0.230E-05  0.126E-04  0.188E-02  0.152E-03  0.000E+00
  1.273  0.014000  0.400    1.273    0.5310    3.7858    3.7858    3.4224    3.4846    0.0276    0.5212    0.2911  1.148E+11  1.0000   4.108  0.383E-05      4.43      0.00      0.00  0.0000   0.000   0.000  0.0000  0.715E+00  0.270E+00  0.205E-02  0.101E-03  0.859E-03  0.572E-02  0.230E-05  0.126E-04  0.188E-02  0.152E-03  0.000E+00
  1.303  0.014000  0.400    1.303    0.6034    3.7835    3.7835    3.2414    3.3088    0.0312    0.5295    0.2979  1.261E+11  1.0000   4.036  0.371E-05      4.71      0.00      0.00  0.0000   0.000   0.000  0.0000  0.715E+00  0.270E+00  0.202E-02  0.103E-03  0.881E-03  0.572E-02  0.231E-05  0.125E-04  0.188E-02  0.152E-03  0.000E+00
  1.305  0.014000  0.400    1.305    0.6175    3.7850    3.7850    3.2064    3.2704    0.0288    0.5240    0.2934  1.273E+11  1.0000   4.029  0.372E-05      4.77      0.00      0.00  0.0000   0.000   0.000  0.0000  0.715E+00  0.270E+00  0.202E-02  0.103E-03  0.883E-03  0.572E-02  0.231E-05  0.125E-04  0.188E-02  0.152E-03  0.000E+00
  1.306  0.014000  0.400    1.306    0.6281    3.7866    3.7866    3.1799    3.2402    0.0263    0.5181    0.2886  1.279E+11  1.0000   4.025  0.374E-05      4.82      0.00      0.00  0.0000   0.000   0.000  0.0000  0.715E+00  0.270E+00  0.202E-02  0.103E-03  0.883E-03  0.572E-02  0.232E-05  0.125E-04  0.188E-02  0.152E-03  0.000E+00
  1.307  0.014000  0.400    1.307    0.6440    3.7892    3.7892    3.1399    3.1943    0.0221    0.5084    0.2807  1.287E+11  1.0000   4.020  0.375E-05      4.87      0.00      0.00  0.0000   0.000   0.000  0.0000  0.715E+00  0.270E+00  0.202E-02  0.103E-03  0.884E-03  0.572E-02  0.232E-05  0.125E-04  0.188E-02  0.152E-03  0.000E+00
  1.307  0.014000  0.400    1.307    0.6561    3.7912    3.7912    3.1097    3.1594    0.0188    0.5008    0.2744  1.293E+11  1.0000   4.016  0.376E-05      4.91      0.00      0.00  0.0000   0.000   0.000  0.0000  0.715E+00  0.270E+00  0.202E-02  0.103E-03  0.884E-03  0.572E-02  0.232E-05  0.125E-04  0.188E-02  0.152E-03  0.000E+00
  1.308  0.014000  0.400    1.308    0.6720    3.7936    3.7936    3.0701    3.1144    0.0150    0.4920    0.2672  1.303E+11  1.0000   4.010  0.377E-05      4.96      0.00      0.00  0.0000   0.000   0.000  0.0000  0.715E+00  0.270E+00  0.202E-02  0.103E-03  0.885E-03  0.572E-02  0.232E-05  0.125E-04  0.188E-02  0.152E-03  0.000E+00
  1.308  0.014000  0.400    1.308    0.7032    3.7962    3.7962    2.9919    3.0302    0.0108    0.4822    0.2590  1.334E+11  1.0000   3.989  0.370E-05      4.97      0.00      0.00  0.0000   0.000   0.000  0.0000  0.715E+00  0.270E+00  0.202E-02  0.103E-03  0.885E-03  0.572E-02  0.232E-05  0.125E-04  0.188E-02  0.152E-03  0.000E+00
  1.310  0.014000  0.400    1.310    0.7149    3.7937    3.7937    2.9629    3.0069    0.0148    0.4916    0.2668  1.368E+11  1.0000   3.968  0.357E-05      4.91      0.00      0.00  0.0000   0.000   0.000  0.0000  0.715E+00  0.270E+00  0.202E-02  0.103E-03  0.887E-03  0.572E-02  0.232E-05  0.125E-04  0.188E-02  0.152E-03  0.000E+00
  1.314  0.014000  0.400    1.314    0.7277    3.7919    3.7919    2.9307    2.9791    0.0178    0.4985    0.2725  1.400E+11  1.0000   3.949  0.355E-05      5.00      0.00      0.00  0.0000   0.000   0.000  0.0000  0.715E+00  0.270E+00  0.202E-02  0.104E-03  0.890E-03  0.572E-02  0.232E-05  0.125E-04  0.188E-02  0.152E-03  0.000E+00
  1.318  0.014000  0.400    1.318    0.7399    3.7900    3.7900    2.9003    2.9529    0.0208    0.5055    0.2783  1.432E+11  1.0000   3.931  0.353E-05      5.08      0.00      0.00  0.0000   0.000   0.000  0.0000  0.715E+00  0.270E+00  0.201E-02  0.104E-03  0.893E-03  0.572E-02  0.232E-05  0.125E-04  0.188E-02  0.152E-03  0.000E+00
  1.321  0.014000  0.400    1.321    0.7517    3.7880    3.7880    2.8708    2.9281    0.0241    0.5130    0.2844  1.466E+11  1.0000   3.912  0.351E-05      5.16      0.00      0.00  0.0000   0.000   0.000  0.0000  0.715E+00  0.270E+00  0.201E-02  0.104E-03  0.896E-03  0.572E-02  0.232E-05  0.125E-04  0.188E-02  0.152E-03  0.000E+00
  1.325  0.014000  0.400    1.325    0.7629    3.7854    3.7854    2.8426    2.9057    0.0281    0.5224    0.2921  1.502E+11  1.0000   3.892  0.347E-05      5.22      0.00      0.00  0.0000   0.000   0.000  0.0000  0.715E+00  0.270E+00  0.201E-02  0.105E-03  0.900E-03  0.572E-02  0.232E-05  0.124E-04  0.188E-02  0.152E-03  0.000E+00
  1.327  0.014000  0.400    1.327    0.7683    3.7841    3.7841    2.8293    2.8955    0.0303    0.5275    0.2962  1.521E+11  1.0000   3.882  0.344E-05      5.25      0.00      0.00  0.0000   0.000   0.000  0.0000  0.715E+00  0.270E+00  0.201E-02  0.105E-03  0.901E-03  0.572E-02  0.233E-05  0.124E-04  0.188E-02  0.152E-03  0.000E+00
  1.329  0.014000  0.400    1.329    0.7733    3.7824    3.7824    2.8167    2.8866    0.0329    0.5335    0.3011  1.541E+11  1.0000   3.871  0.341E-05      5.27      0.00      0.00  0.0000   0.000   0.000  0.0000  0.715E+00  0.270E+00  0.200E-02  0.105E-03  0.903E-03  0.572E-02  0.233E-05  0.124E-04  0.188E-02  0.152E-03  0.000E+00
  1.331  0.014000  0.400    1.331    0.7780    3.7806    3.7806    2.8050    2.8792    0.0359    0.5405    0.3067  1.563E+11  1.0000   3.859  0.338E-05      5.28      0.00      0.00  0.0000   0.000   0.000  0.0000  0.715E+00  0.270E+00  0.200E-02  0.105E-03  0.904E-03  0.572E-02  0.233E-05  0.124E-04  0.188E-02  0.152E-03  0.000E+00
  1.333  0.014000  0.400    1.333    0.7821    3.7785    3.7785    2.7947    2.8736    0.0393    0.5483    0.3129  1.586E+11  1.0000   3.847  0.334E-05      5.30      0.00      0.00  0.0000   0.000   0.000  0.0000  0.715E+00  0.270E+00  0.200E-02  0.105E-03  0.906E-03  0.572E-02  0.233E-05  0.124E-04  0.188E-02  0.152E-03  0.000E+00
  1.334  0.014000  0.400    1.334    0.7839    3.7773    3.7773    2.7901    2.8721    0.0450    0.5530    0.3166  1.598E+11  1.0000   3.841  0.332E-05      5.30      0.00      0.00  0.0000   0.000   0.000  0.0000  0.715E+00  0.270E+00  0.200E-02  0.105E-03  0.907E-03  0.572E-02  0.233E-05  0.124E-04  0.188E-02  0.152E-03  0.000E+00
  1.335  0.014000  0.400    1.335    0.7855    3.7760    3.7760    2.7862    2.8715    0.0538    0.5583    0.3207  1.610E+11  1.0000   3.835  0.329E-05      5.30      0.00      0.00  0.0000   0.000   0.000  0.0000  0.715E+00  0.270E+00  0.200E-02  0.105E-03  0.907E-03  0.572E-02  0.233E-05  0.124E-04  0.188E-02  0.152E-03  0.000E+00
  1.335  0.014000  0.400    1.335    0.7868    3.7747    3.7747    2.7829    2.8715    0.0628    0.5640    0.3251  1.622E+11  1.0000   3.828  0.326E-05      5.29      0.00      0.00  0.0000   0.000   0.000  0.0000  0.715E+00  0.270E+00  0.200E-02  0.105E-03  0.908E-03  0.572E-02  0.233E-05  0.124E-04  0.188E-02  0.152E-03  0.000E+00
  1.336  0.014000  0.400    1.336    0.7877    3.7730    3.7730    2.7806    2.8733    0.0739    0.5711    0.3307  1.637E+11  1.0000   3.821  0.324E-05      5.29      0.00      0.00  0.0000   0.000   0.000  0.0000  0.715E+00  0.270E+00  0.200E-02  0.105E-03  0.909E-03  0.572E-02  0.233E-05  0.124E-04  0.188E-02  0.152E-03  0.000E+00
  1.337  0.014000  0.400    1.337    0.7883    3.7712    3.7712    2.7793    2.8761    0.0853    0.5788    0.3366  1.651E+11  1.0000   3.814  0.321E-05      5.30      0.00      0.00  0.0000   0.000   0.000  0.0000  0.715E+00  0.270E+00  0.200E-02  0.105E-03  0.910E-03  0.572E-02  0.233E-05  0.124E-04  0.188E-02  0.152E-03  0.000E+00
  1.338  0.014000  0.400    1.338    0.7883    3.7691    3.7691    2.7793    2.8805    0.0979    0.5876    0.3434  1.667E+11  1.0000   3.806  0.318E-05      5.30      0.00      0.00  0.0000   0.000   0.000  0.0000  0.715E+00  0.270E+00  0.200E-02  0.105E-03  0.911E-03  0.572E-02  0.233E-05  0.124E-04  0.188E-02  0.152E-03  0.000E+00
  1.339  0.014000  0.400    1.339    0.7876    3.7669    3.7669    2.7810    2.8870    0.1126    0.5974    0.3511  1.683E+11  1.0000   3.798  0.314E-05      5.29      0.00      0.00  0.0000   0.000   0.000  0.0000  0.715E+00  0.270E+00  0.200E-02  0.106E-03  0.911E-03  0.572E-02  0.233E-05  0.124E-04  0.188E-02  0.152E-03  0.000E+00
  1.340  0.014000  0.400    1.340    0.7870    3.7657    3.7657    2.7825    2.8909    0.1204    0.6027    0.3552  1.691E+11  1.0000   3.794  0.313E-05      5.29      0.00      0.00  0.0000   0.000   0.000  0.0000  0.715E+00  0.270E+00  0.200E-02  0.106E-03  0.912E-03  0.572E-02  0.233E-05  0.124E-04  0.188E-02  0.152E-03  0.000E+00
  1.340  0.014000  0.400    1.340    0.7862    3.7644    3.7644    2.7846    2.8955    0.1285    0.6082    0.3595  1.700E+11  1.0000   3.790  0.311E-05      5.28      0.00      0.00  0.0000   0.000   0.000  0.0000  0.715E+00  0.270E+00  0.200E-02  0.106E-03  0.912E-03  0.572E-02  0.233E-05  0.124E-04  0.188E-02  0.152E-03  0.000E+00
  1.341  0.014000  0.400    1.341    0.7850    3.7631    3.7631    2.7874    2.9010    0.1373    0.6142    0.3642  1.708E+11  1.0000   3.785  0.309E-05      5.27      0.00      0.00  0.0000   0.000   0.000  0.0000  0.715E+00  0.270E+00  0.199E-02  0.106E-03  0.913E-03  0.572E-02  0.233E-05  0.124E-04  0.188E-02  0.152E-03  0.000E+00
  1.341  0.014000  0.400    1.341    0.7836    3.7616    3.7616    2.7909    2.9073    0.1468    0.6207    0.3693  1.717E+11  1.0000   3.781  0.307E-05      5.25      0.00      0.00  0.0000   0.000   0.000  0.0000  0.715E+00  0.270E+00  0.199E-02  0.106E-03  0.913E-03  0.572E-02  0.233E-05  0.124E-04  0.188E-02  0.152E-03  0.000E+00
  1.342  0.014000  0.400    1.342    0.7819    3.7600    3.7600    2.7952    2.9144    0.1570    0.6278    0.3748  1.726E+11  1.0000   3.777  0.305E-05      5.25      0.00      0.00  0.0000   0.000   0.000  0.0000  0.715E+00  0.270E+00  0.199E-02  0.106E-03  0.914E-03  0.572E-02  0.234E-05  0.124E-04  0.188E-02  0.152E-03  0.000E+00
  1.342  0.014000  0.400    1.342    0.7798    3.7585    3.7585    2.8005    2.9224    0.1667    0.6345    0.3801  1.734E+11  1.0000   3.773  0.303E-05      5.23      0.00      0.00  0.0000   0.000   0.000  0.0000  0.715E+00  0.270E+00  0.199E-02  0.106E-03  0.915E-03  0.572E-02  0.234E-05  0.124E-04  0.188E-02  0.152E-03  0.000E+00
  1.342  0.014000  0.400    1.342    0.7773    3.7570    3.7570    2.8067    2.9314    0.1766    0.6415    0.3856  1.741E+11  1.0000   3.769  0.301E-05      5.21      0.00      0.00  0.0000   0.000   0.000  0.0000  0.715E+00  0.270E+00  0.199E-02  0.106E-03  0.915E-03  0.572E-02  0.234E-05  0.124E-04  0.188E-02  0.152E-03  0.000E+00
  1.343  0.014000  0.400    1.343    0.7744    3.7553    3.7553    2.8139    2.9413    0.1871    0.6489    0.3914  1.748E+11  1.0000   3.766  0.298E-05      5.20      0.00      0.00  0.0000   0.000   0.000  0.0000  0.715E+00  0.270E+00  0.199E-02  0.106E-03  0.916E-03  0.572E-02  0.234E-05  0.124E-04  0.188E-02  0.152E-03  0.000E+00
  1.343  0.014000  0.400    1.343    0.7710    3.7536    3.7536    2.8225    2.9528    0.1980    0.6567    0.3976  1.755E+11  1.0000   3.762  0.296E-05      5.18      0.00      0.00  0.0000   0.000   0.000  0.0000  0.715E+00  0.270E+00  0.199E-02  0.106E-03  0.917E-03  0.572E-02  0.234E-05  0.124E-04  0.188E-02  0.152E-03  0.000E+00
  1.344  0.014000  0.400    1.344    0.7670    3.7519    3.7519    2.8326    2.9656    0.2089    0.6645    0.4037  1.761E+11  1.0000   3.760  0.293E-05      5.16      0.00      0.00  0.0000   0.000   0.000  0.0000  0.715E+00  0.270E+00  0.199E-02  0.106E-03  0.918E-03  0.572E-02  0.234E-05  0.124E-04  0.188E-02  0.152E-03  0.000E+00
  1.344  0.014000  0.400    1.344    0.7624    3.7499    3.7499    2.8441    2.9802    0.2213    0.6735    0.4108  1.768E+11  1.0000   3.757  0.291E-05      5.14      0.00      0.00  0.0000   0.000   0.000  0.0000  0.715E+00  0.270E+00  0.199E-02  0.106E-03  0.919E-03  0.572E-02  0.234E-05  0.124E-04  0.188E-02  0.152E-03  0.000E+00
  1.345  0.014000  0.400    1.345    0.7597    3.7487    3.7487    2.8507    2.9886    0.2293    0.6792    0.4154  1.772E+11  1.0000   3.754  0.289E-05      5.12      0.00      0.00  0.0000   0.000   0.000  0.0000  0.715E+00  0.270E+00  0.199E-02  0.106E-03  0.920E-03  0.572E-02  0.234E-05  0.124E-04  0.188E-02  0.152E-03  0.000E+00
  1.345  0.014000  0.400    1.345    0.7570    3.7475    3.7475    2.8574    2.9970    0.2373    0.6850    0.4200  1.777E+11  1.0000   3.752  0.288E-05      5.10      0.00      0.00  0.0000   0.000   0.000  0.0000  0.715E+00  0.270E+00  0.199E-02  0.106E-03  0.920E-03  0.572E-02  0.234E-05  0.124E-04  0.188E-02  0.152E-03  0.000E+00
  1.345  0.014000  0.400    1.345    0.7540    3.7462    3.7462    2.8650    3.0067    0.2459    0.6906    0.4244  1.781E+11  1.0000   3.751  0.286E-05      5.08      0.00      0.00  0.0000   0.000   0.000  0.0000  0.715E+00  0.270E+00  0.199E-02  0.106E-03  0.921E-03  0.572E-02  0.234E-05  0.124E-04  0.188E-02  0.152E-03  0.000E+00
  1.345  0.014000  0.400    1.345    0.7509    3.7450    3.7450    2.8728    3.0167    0.2551    0.6961    0.4288  1.785E+11  1.0000   3.749  0.285E-05      5.06      0.00      0.00  0.0000   0.000   0.000  0.0000  0.715E+00  0.270E+00  0.199E-02  0.107E-03  0.921E-03  0.572E-02  0.234E-05  0.124E-04  0.188E-02  0.152E-03  0.000E+00
  1.345  0.014000  0.400    1.345    0.7477    3.7438    3.7438    2.8808    3.0269    0.2644    0.7017    0.4333  1.788E+11  1.0000   3.747  0.283E-05      5.05      0.00      0.00  0.0000   0.000   0.000  0.0000  0.715E+00  0.270E+00  0.199E-02  0.107E-03  0.922E-03  0.572E-02  0.234E-05  0.124E-04  0.188E-02  0.152E-03  0.000E+00
  1.346  0.014000  0.400    1.346    0.7441    3.7425    3.7425    2.8897    3.0381    0.2740    0.7075    0.4379  1.791E+11  1.0000   3.746  0.282E-05      5.03      0.00      0.00  0.0000   0.000   0.000  0.0000  0.715E+00  0.270E+00  0.198E-02  0.107E-03  0.923E-03  0.572E-02  0.234E-05  0.124E-04  0.188E-02  0.152E-03  0.000E+00
  1.346  0.014000  0.400    1.346    0.7405    3.7412    3.7412    2.8987    3.0494    0.2837    0.7133    0.4425  1.794E+11  1.0000   3.744  0.280E-05      5.00      0.00      0.00  0.0000   0.000   0.000  0.0000  0.715E+00  0.270E+00  0.198E-02  0.107E-03  0.924E-03  0.572E-02  0.234E-05  0.124E-04  0.188E-02  0.152E-03  0.000E+00
  1.346  0.014000  0.400    1.346    0.7367    3.7400    3.7400    2.9082    3.0611    0.2932    0.7189    0.4470  1.797E+11  1.0000   3.743  0.278E-05      4.98      0.00      0.00  0.0000   0.000   0.000  0.0000  0.715E+00  0.270E+00  0.198E-02  0.107E-03  0.925E-03  0.572E-02  0.234E-05  0.124E-04  0.188E-02  0.152E-03  0.000E+00
  1.346  0.014000  0.400    1.346    0.7328    3.7388    3.7388    2.9180    3.0732    0.3025    0.7249    0.4518  1.798E+11  1.0000   3.742  0.277E-05      4.96      0.00      0.00  0.0000   0.000   0.000  0.0000  0.715E+00  0.270E+00  0.198E-02  0.107E-03  0.926E-03  0.572E-02  0.234E-05  0.124E-04  0.188E-02  0.152E-03  0.000E+00
  1.347  0.014000  0.400    1.347    0.7288    3.7376    3.7376    2.9279    3.0853    0.3119    0.7308    0.4565  1.800E+11  1.0000   3.742  0.275E-05      4.93      0.00      0.00  0.0000   0.000   0.000  0.0000  0.715E+00  0.270E+00  0.198E-02  0.107E-03  0.927E-03  0.572E-02  0.234E-05  0.124E-04  0.188E-02  0.152E-03  0.000E+00
  1.347  0.014000  0.400    1.347    0.7246    3.7362    3.7362    2.9386    3.0983    0.3225    0.7374    0.4618  1.803E+11  1.0000   3.741  0.274E-05      4.91      0.00      0.00  0.0000   0.000   0.000  0.0000  0.715E+00  0.270E+00  0.198E-02  0.107E-03  0.928E-03  0.572E-02  0.235E-05  0.124E-04  0.188E-02  0.152E-03  0.000E+00
  1.347  0.014000  0.400    1.347    0.7202    3.7349    3.7349    2.9494    3.1116    0.3334    0.7441    0.4672  1.805E+11  1.0000   3.739  0.272E-05      4.88      0.00      0.00  0.0000   0.000   0.000  0.0000  0.715E+00  0.270E+00  0.198E-02  0.108E-03  0.930E-03  0.572E-02  0.235E-05  0.124E-04  0.188E-02  0.152E-03  0.000E+00
  1.347  0.014000  0.400    1.347    0.7158    3.7334    3.7334    2.9606    3.1252    0.3450    0.7511    0.4728  1.808E+11  1.0000   3.738  0.270E-05      4.85      0.00      0.00  0.0000   0.000   0.000  0.0000  0.715E+00  0.270E+00  0.198E-02  0.108E-03  0.931E-03  0.572E-02  0.235E-05  0.124E-04  0.188E-02  0.152E-03  0.000E+00
  1.348  0.014000  0.400    1.348    0.7109    3.7318    3.7318    2.9727    3.1400    0.3586    0.7592    0.4793  1.811E+11  1.0000   3.737  0.268E-05      4.82      0.00      0.00  0.0000   0.000   0.000  0.0000  0.715E+00  0.270E+00  0.198E-02  0.108E-03  0.933E-03  0.572E-02  0.235E-05  0.124E-04  0.188E-02  0.152E-03  0.000E+00
  1.348  0.014000  0.400    1.348    0.7061    3.7301    3.7301    2.9848    3.1548    0.3725    0.7673    0.4859  1.815E+11  1.0000   3.735  0.266E-05      4.79      0.00      0.00  0.0000   0.000   0.000  0.0000  0.715E+00  0.270E+00  0.197E-02  0.108E-03  0.934E-03  0.572E-02  0.235E-05  0.124E-04  0.188E-02  0.152E-03  0.000E+00
  1.348  0.014000  0.400    1.348    0.7014    3.7286    3.7286    2.9964    3.1688    0.3849    0.7744    0.4917  1.818E+11  1.0000   3.734  0.264E-05      4.76      0.00      0.00  0.0000   0.000   0.000  0.0000  0.715E+00  0.270E+00  0.197E-02  0.108E-03  0.936E-03  0.572E-02  0.235E-05  0.124E-04  0.188E-02  0.152E-03  0.000E+00
  1.348  0.014000  0.400    1.348    0.6969    3.7272    3.7272    3.0077    3.1822    0.3962    0.7809    0.4970  1.820E+11  1.0000   3.733  0.261E-05      4.73      0.00      0.00  0.0000   0.000   0.000  0.0000  0.715E+00  0.270E+00  0.197E-02  0.109E-03  0.938E-03  0.572E-02  0.235E-05  0.124E-04  0.188E-02  0.152E-03  0.000E+00
  1.349  0.014000  0.400    1.349    0.6924    3.7259    3.7259    3.0189    3.1957    0.4077    0.7874    0.5023  1.822E+11  1.0000   3.732  0.259E-05      4.70      0.00      0.00  0.0000   0.000   0.000  0.0000  0.715E+00  0.270E+00  0.197E-02  0.109E-03  0.940E-03  0.572E-02  0.236E-05  0.123E-04  0.188E-02  0.152E-03  0.000E+00
  1.349  0.014000  0.400    1.349    0.6879    3.7244    3.7244    3.0302    3.2093    0.4208    0.7946    0.5082  1.825E+11  1.0000   3.730  0.257E-05      4.66      0.00      0.00  0.0000   0.000   0.000  0.0000  0.715E+00  0.270E+00  0.197E-02  0.109E-03  0.943E-03  0.572E-02  0.236E-05  0.123E-04  0.188E-02  0.152E-03  0.000E+00
  1.349  0.014000  0.400    1.349    0.6834    3.7228    3.7228    3.0416    3.2236    0.4344    0.8019    0.5142  1.829E+11  1.0000   3.729  0.254E-05      4.61      0.00      0.00  0.0000   0.000   0.000  0.0000  0.714E+00  0.271E+00  0.196E-02  0.109E-03  0.945E-03  0.572E-02  0.236E-05  0.123E-04  0.188E-02  0.152E-03  0.000E+00
  1.349  0.014000  0.400    1.349    0.6789    3.7213    3.7213    3.0527    3.2379    0.4487    0.8093    0.5205  1.832E+11  1.0000   3.727  0.251E-05      4.57      0.00      0.00  0.0000   0.000   0.000  0.0000  0.714E+00  0.271E+00  0.196E-02  0.110E-03  0.948E-03  0.572E-02  0.236E-05  0.123E-04  0.188E-02  0.152E-03  0.000E+00
  1.349  0.014000  0.400    1.349    0.6746    3.7197    3.7197    3.0635    3.2518    0.4638    0.8170    0.5269  1.837E+11  1.0000   3.725  0.248E-05      4.53      0.00      0.00  0.0000   0.000   0.000  0.0000  0.714E+00  0.271E+00  0.196E-02  0.110E-03  0.951E-03  0.572E-02  0.236E-05  0.123E-04  0.188E-02  0.152E-03  0.000E+00
  1.350  0.014000  0.400    1.350    0.6703    3.7180    3.7180    3.0742    3.2657    0.4791    0.8246    0.5334  1.841E+11  1.0000   3.723  0.245E-05      4.48      0.00      0.00  0.0000   0.000   0.000  0.0000  0.714E+00  0.271E+00  0.196E-02  0.110E-03  0.953E-03  0.572E-02  0.237E-05  0.123E-04  0.188E-02  0.152E-03  0.000E+00
  1.350  0.014000  0.400    1.350    0.6666    3.7166    3.7166    3.0835    3.2778    0.4934    0.8316    0.5393  1.846E+11  1.0000   3.721  0.242E-05      4.43      0.00      0.00  0.0000   0.000   0.000  0.0000  0.714E+00  0.271E+00  0.195E-02  0.111E-03  0.957E-03  0.572E-02  0.237E-05  0.123E-04  0.188E-02  0.152E-03  0.000E+00
  1.350  0.014000  0.400    1.350    0.6634    3.7152    3.7152    3.0915    3.2884    0.5065    0.8379    0.5448  1.851E+11  1.0000   3.719  0.239E-05      4.39      0.00      0.00  0.0000   0.000   0.000  0.0000  0.714E+00  0.271E+00  0.195E-02  0.111E-03  0.960E-03  0.572E-02  0.237E-05  0.123E-04  0.188E-02  0.152E-03  0.000E+00
  1.350  0.014000  0.400    1.350    0.6604    3.7139    3.7139    3.0990    3.2982    0.5190    0.8438    0.5499  1.855E+11  1.0000   3.717  0.236E-05      4.35      0.00      0.00  0.0000   0.000   0.000  0.0000  0.714E+00  0.271E+00  0.195E-02  0.111E-03  0.963E-03  0.572E-02  0.238E-05  0.123E-04  0.188E-02  0.152E-03  0.000E+00
  1.351  0.014000  0.400    1.351    0.6578    3.7126    3.7126    3.1056    3.3073    0.5332    0.8503    0.5557  1.861E+11  1.0000   3.714  0.233E-05      4.30      0.00      0.00  0.0000   0.000   0.000  0.0000  0.714E+00  0.271E+00  0.194E-02  0.112E-03  0.967E-03  0.572E-02  0.238E-05  0.123E-04  0.188E-02  0.152E-03  0.000E+00
  1.351  0.014000  0.400    1.351    0.6551    3.7112    3.7112    3.1122    3.3163    0.5475    0.8568    0.5614  1.868E+11  1.0000   3.711  0.230E-05      4.25      0.00      0.00  0.0000   0.000   0.000  0.0000  0.714E+00  0.271E+00  0.194E-02  0.112E-03  0.970E-03  0.572E-02  0.238E-05  0.123E-04  0.188E-02  0.152E-03  0.000E+00
  1.351  0.014000  0.400    1.351    0.6516    3.7090    3.7090    3.1211    3.3310    0.5664    0.8665    0.5696  1.878E+11  1.0000   3.706  0.224E-05      4.16      0.00      0.00  0.0000   0.000   0.000  0.0000  0.714E+00  0.271E+00  0.193E-02  0.113E-03  0.978E-03  0.572E-02  0.239E-05  0.122E-04  0.188E-02  0.152E-03  0.000E+00
  1.352  0.014000  0.400    1.352    0.6493    3.7073    3.7073    3.1268    3.3425    0.5800    0.8743    0.5759  1.889E+11  1.0000   3.702  0.218E-05      4.07      0.00      0.00  0.0000   0.000   0.000  0.0000  0.714E+00  0.271E+00  0.193E-02  0.113E-03  0.986E-03  0.572E-02  0.241E-05  0.122E-04  0.188E-02  0.152E-03  0.000E+00
  1.352  0.014000  0.400    1.352    0.6481    3.7060    3.7060    3.1298    3.3497    0.5899    0.8800    0.5804  1.897E+11  1.0000   3.698  0.214E-05      4.02      0.00      0.00  0.0000   0.000   0.000  0.0000  0.714E+00  0.271E+00  0.192E-02  0.114E-03  0.990E-03  0.572E-02  0.241E-05  0.122E-04  0.188E-02  0.152E-03  0.000E+00
  1.352  0.014000  0.400    1.352    0.6469    3.7047    3.7047    3.1327    3.3591    0.6011    0.8863    0.5856  1.906E+11  1.0000   3.694  0.211E-05      3.96      0.00      0.00  0.0000   0.000   0.000  0.0000  0.714E+00  0.271E+00  0.192E-02  0.114E-03  0.994E-03  0.572E-02  0.242E-05  0.122E-04  0.188E-02  0.152E-03  0.000E+00
  1.352  0.014000  0.400    1.352    0.6461    3.7035    3.7035    3.1347    3.3670    0.6115    0.8923    0.5903  1.914E+11  1.0000   3.690  0.207E-05      3.91      0.00      0.00  0.0000   0.000   0.000  0.0000  0.713E+00  0.271E+00  0.191E-02  0.114E-03  0.998E-03  0.572E-02  0.242E-05  0.122E-04  0.188E-02  0.152E-03  0.000E+00
  1.353  0.014000  0.400    1.353    0.6460    3.7025    3.7025    3.1350    3.3723    0.6203    0.8973    0.5944  1.923E+11  1.0000   3.686  0.204E-05      3.87      0.00      0.00  0.0000   0.000   0.000  0.0000  0.713E+00  0.272E+00  0.191E-02  0.115E-03  0.100E-02  0.572E-02  0.243E-05  0.122E-04  0.188E-02  0.152E-03  0.000E+00
  1.353  0.014000  0.400    1.353    0.6464    3.7006    3.7006    3.1340    3.3810    0.6371    0.9069    0.6022  1.941E+11  1.0000   3.678  0.197E-05      3.77      0.00      0.00  0.0000   0.000   0.000  0.0000  0.713E+00  0.272E+00  0.190E-02  0.115E-03  0.101E-02  0.572E-02  0.245E-05  0.122E-04  0.188E-02  0.152E-03  0.000E+00
  1.354  0.014000  0.400    1.354    0.6486    3.6990    3.6990    3.1285    3.3834    0.6511    0.9149    0.6086  1.960E+11  1.0000   3.670  0.190E-05      3.68      0.00      0.00  0.0000   0.000   0.000  0.0000  0.713E+00  0.272E+00  0.189E-02  0.116E-03  0.102E-02  0.572E-02  0.247E-05  0.121E-04  0.188E-02  0.152E-03  0.000E+00
  1.354  0.014000  0.400    1.354    0.6508    3.6974    3.6974    3.1230    3.3857    0.6668    0.9229    0.6150  1.980E+11  1.0000   3.661  0.184E-05      3.60      0.00      0.00  0.0000   0.000   0.000  0.0000  0.713E+00  0.272E+00  0.188E-02  0.117E-03  0.103E-02  0.572E-02  0.249E-05  0.121E-04  0.188E-02  0.152E-03  0.000E+00
  1.355  0.014000  0.400    1.355    0.6531    3.6958    3.6958    3.1172    3.3872    0.6854    0.9309    0.6214  2.000E+11  1.0000   3.653  0.177E-05      3.51      0.00      0.00  0.0000   0.000   0.000  0.0000  0.713E+00  0.272E+00  0.187E-02  0.118E-03  0.104E-02  0.572E-02  0.251E-05  0.121E-04  0.188E-02  0.152E-03  0.000E+00
  1.355  0.014000  0.400    1.355    0.6578    3.6947    3.6947    3.1055    3.3807    0.6985    0.9365    0.6260  2.021E+11  1.0000   3.644  0.172E-05      3.43      0.00      0.00  0.0000   0.000   0.000  0.0000  0.712E+00  0.273E+00  0.186E-02  0.118E-03  0.106E-02  0.572E-02  0.254E-05  0.120E-04  0.188E-02  0.152E-03  0.000E+00
  1.355  0.014000  0.400    1.355    0.6625    3.6936    3.6936    3.0937    3.3740    0.7117    0.9422    0.6305  2.043E+11  1.0000   3.635  0.166E-05      3.36      0.00      0.00  0.0000   0.000   0.000  0.0000  0.712E+00  0.273E+00  0.185E-02  0.119E-03  0.107E-02  0.572E-02  0.257E-05  0.120E-04  0.188E-02  0.152E-03  0.000E+00
  1.356  0.014000  0.400    1.356    0.6747    3.6922    3.6922    3.0632    3.3497    0.7276    0.9490    0.6360  2.085E+11  1.0000   3.617  0.157E-05      3.23      0.00      0.00  0.0000 -23.638   0.000  0.0000  0.712E+00  0.273E+00  0.183E-02  0.120E-03  0.109E-02  0.572E-02  0.265E-05  0.119E-04  0.188E-02  0.152E-03  0.000E+00
  1.357  0.014000  0.400    1.357    0.6888    3.6914    3.6914    3.0279    3.3182    0.7370    0.9530    0.6392  2.127E+11  1.0000   3.600  0.148E-05      3.12      0.00      0.00  0.0000 -11.660   0.000  0.0000  0.711E+00  0.274E+00  0.181E-02  0.121E-03  0.112E-02  0.572E-02  0.274E-05  0.118E-04  0.188E-02  0.152E-03  0.000E+00
  1.358  0.014000  0.400    1.358    0.7020    3.6896    3.6896    2.9950    3.2936    0.7582    0.9621    0.6465  2.177E+11  1.0000   3.580  0.140E-05      3.01      0.00      0.00  0.0000 -11.633   0.000  0.0000  0.710E+00  0.275E+00  0.178E-02  0.122E-03  0.115E-02  0.572E-02  0.287E-05  0.117E-04  0.188E-02  0.152E-03  0.000E+00
  1.360  0.014000  0.400    1.360    0.7369    3.6881    3.6881    2.9078    3.2134    0.7761    0.9697    0.6527  2.283E+11  1.0000   3.540  0.123E-05      2.83      0.00      0.00  0.0000 -11.579   0.000  0.0000  0.709E+00  0.276E+00  0.172E-02  0.123E-03  0.122E-02  0.572E-02  0.330E-05  0.115E-04  0.188E-02  0.152E-03  0.000E+00
  1.361  0.014000  0.400    1.361    0.7529    3.6861    3.6861    2.8678    3.1823    0.7989    0.9795    0.6605  2.346E+11  1.0000   3.516  0.117E-05      2.74      0.00      0.00  0.0000 -11.554   0.000  0.0000  0.708E+00  0.277E+00  0.169E-02  0.123E-03  0.125E-02  0.572E-02  0.356E-05  0.114E-04  0.188E-02  0.152E-03  0.000E+00
  1.363  0.014000  0.400    1.363    0.7906    3.6842    3.6842    2.7736    3.0970    0.8216    0.9892    0.6683  2.472E+11  1.0000   3.471  0.106E-05      2.57      0.00      0.00  0.0000 -11.493   0.000  0.0000  0.706E+00  0.279E+00  0.162E-02  0.123E-03  0.134E-02  0.572E-02  0.439E-05  0.111E-04  0.188E-02  0.152E-03  0.000E+00
  1.365  0.014000  0.400    1.365    0.8327    3.6825    3.6825    2.6683    2.9992    0.8405    0.9974    0.6749  2.614E+11  1.0000   3.423  0.942E-06      2.43      0.00      0.00  0.0000 -11.428   0.000  0.0000  0.703E+00  0.282E+00  0.155E-02  0.121E-03  0.142E-02  0.571E-02  0.551E-05  0.108E-04  0.188E-02  0.152E-03  0.000E+00
  1.367  0.014000  0.400    1.366    0.8782    3.6811    3.6811    2.5545    2.8918    0.8568    1.0044    0.6805  2.773E+11  1.0000   3.373  0.835E-06      2.28      0.00      0.00  0.0000 -11.357   0.000  0.0000  0.701E+00  0.284E+00  0.149E-02  0.119E-03  0.149E-02  0.571E-02  0.681E-05  0.105E-04  0.188E-02  0.152E-03  0.000E+00
  1.369  0.014000  0.400    1.368    0.9278    3.6799    3.6799    2.4305    2.7736    0.8717    1.0107    0.6856  2.953E+11  1.0000   3.319  0.737E-06      2.14      0.00      0.00  0.0000 -11.281   0.000  0.0000  0.699E+00  0.286E+00  0.144E-02  0.117E-03  0.155E-02  0.571E-02  0.832E-05  0.102E-04  0.188E-02  0.152E-03  0.000E+00
  1.370  0.014000  0.400    1.370    0.9825    3.6784    3.6784    2.2937    2.6437    0.8891    1.0182    0.6916  3.167E+11  1.0000   3.258  0.641E-06      2.00      0.00      0.00  0.0000 -11.196   0.000  0.0000  0.697E+00  0.289E+00  0.140E-02  0.114E-03  0.160E-02  0.570E-02  0.100E-04  0.996E-05  0.188E-02  0.152E-03  0.000E+00
  1.371  0.014000  0.400    1.371    1.0126    3.6772    3.6772    2.2186    2.5739    0.9025    1.0239    0.6962  3.296E+11  1.0000   3.224  0.594E-06      1.93      0.00      0.00  0.0000 -11.150   0.000  0.0000  0.695E+00  0.290E+00  0.138E-02  0.113E-03  0.163E-02  0.570E-02  0.113E-04  0.981E-05  0.188E-02  0.152E-03  0.000E+00
  1.372  0.014000  0.400    1.372    1.0516    3.6756    3.6756    2.1209    2.4834    0.9209    1.0318    0.7026  3.472E+11  1.0000   3.179  0.537E-06      1.83      0.00      0.00  0.0000 -11.092   0.000  0.0000  0.694E+00  0.292E+00  0.136E-02  0.111E-03  0.166E-02  0.570E-02  0.128E-04  0.967E-05  0.188E-02  0.152E-03  0.000E+00
  1.373  0.014000  0.400    1.372    1.0877    3.6743    3.6743    2.0308    2.3996    0.9369    1.0387    0.7081  3.643E+11  1.0000   3.138  0.489E-06      1.75      0.00      0.00  0.0000 -11.036   0.000  0.0000  0.692E+00  0.293E+00  0.134E-02  0.110E-03  0.169E-02  0.570E-02  0.140E-04  0.957E-05  0.188E-02  0.152E-03  0.000E+00
  1.374  0.014000  0.400    1.373    1.1185    3.6732    3.6732    1.9537    2.3277    0.9474    1.0441    0.7125  3.793E+11  1.0000   3.103  0.452E-06      1.69      0.00      0.00  0.0000 -10.987   0.000  0.0000  0.692E+00  0.293E+00  0.133E-02  0.109E-03  0.170E-02  0.569E-02  0.149E-04  0.951E-05  0.188E-02  0.152E-03  0.000E+00
  1.375  0.014000  0.400    1.374    1.1561    3.6720    3.6720    1.8598    2.2399    0.9586    1.0502    0.7174  3.983E+11  1.0000   3.061  0.409E-06      1.62      0.00      0.00  0.0000 -10.923   0.000  0.0000  0.691E+00  0.294E+00  0.132E-02  0.109E-03  0.171E-02  0.569E-02  0.159E-04  0.944E-05  0.188E-02  0.152E-03  0.000E+00
  1.376  0.014000  0.400    1.375    1.1930    3.6702    3.6702    1.7674    2.1562    0.9744    1.0588    0.7243  4.189E+11  1.0000   3.017  0.372E-06      1.54      0.00      0.00  0.0000 -10.864   0.000  0.0000  0.690E+00  0.295E+00  0.131E-02  0.108E-03  0.173E-02  0.569E-02  0.171E-04  0.938E-05  0.188E-02  0.152E-03  0.000E+00
  1.377  0.014000  0.400    1.376    1.2274    3.6689    3.6689    1.6816    2.0771    0.9869    1.0656    0.7298  4.385E+11  1.0000   2.978  0.340E-06      1.47      0.00      0.00  0.0000 -10.811   0.000  0.0000  0.689E+00  0.296E+00  0.130E-02  0.108E-03  0.174E-02  0.568E-02  0.182E-04  0.933E-05  0.188E-02  0.152E-03  0.000E+00
