  0.800  0.014000  0.000    0.800   -0.5519    3.6897    3.6897    6.1298    6.5119    0.4815    0.9465    0.5909  5.137E+10  1.0000   4.605  0.000E+00      0.00      0.00      0.00  0.0000   0.000   0.000  0.0000  0.736E+00  0.251E+00  0.218E-02  0.263E-04  0.631E-03  0.549E-02  0.217E-05  0.123E-04  0.181E-02  0.145E-03  0.000E+00
  0.804  0.014000  0.000    0.804   -0.5415    3.6913    3.6913    6.1037    6.4804    0.4737    0.9387    0.5859  5.162E+10  1.0000   4.602  0.000E+00      0.00      0.00      0.00  0.0000   0.000   0.000  0.0000  0.736E+00  0.250E+00  0.218E-02  0.263E-04  0.630E-03  0.548E-02  0.217E-05  0.123E-04  0.181E-02  0.145E-03  0.000E+00
  0.807  0.014000  0.000    0.807   -0.5311    3.6928    3.6928    6.0777    6.4491    0.4659    0.9309    0.5810  5.187E+10  1.0000   4.600  0.000E+00      0.00      0.00      0.00  0.0000   0.000   0.000  0.0000  0.736E+00  0.250E+00  0.218E-02  0.263E-04  0.630E-03  0.548E-02  0.216E-05  0.123E-04  0.180E-02  0.145E-03  0.000E+00
  0.811  0.014000  0.000    0.811   -0.5207    3.6944    3.6944    6.0517    6.4179    0.4582    0.9232    0.5760  5.212E+10  1.0000   4.598  0.000E+00      0.00      0.00      0.00  0.0000   0.000   0.000  0.0000  0.736E+00  0.250E+00  0.218E-02  0.263E-04  0.630E-03  0.548E-02  0.216E-05  0.123E-04  0.180E-02  0.145E-03  0.000E+00
  0.815  0.014000  0.000    0.815   -0.5103    3.6959    3.6959    6.0259    6.3867    0.4504    0.9154    0.5711  5.237E+10  1.0000   4.596  0.000E+00      0.00      0.00      0.00  0.0000   0.000   0.000  0.0000  0.737E+00  0.250E+00  0.218E-02  0.263E-04  0.630E-03  0.548E-02  0.216E-05  0.123E-04  0.180E-02  0.145E-03  0.000E+00
  0.819  0.014000  0.000    0.819   -0.5000    3.6974    3.6974    6.0001    6.3557    0.4428    0.9078    0.5662  5.262E+10  1.0000   4.594  0.000E+00      0.00      0.00      0.00  0.0000   0.000   0.000  0.0000  0.737E+00  0.250E+00  0.218E-02  0.263E-04  0.629E-03  0.547E-02  0.216E-05  0.123E-04  0.180E-02  0.145E-03  0.000E+00
  0.822  0.014000  0.000    0.822   -0.4897    3.6990    3.6990    5.9744    6.3247    0.4351    0.9001    0.5613  5.288E+10  1.0000   4.592  0.000E+00      0.00      0.00      0.00  0.0000   0.000   0.000  0.0000  0.737E+00  0.250E+00  0.217E-02  0.262E-04  0.629E-03  0.547E-02  0.216E-05  0.123E-04  0.180E-02  0.145E-03  0.000E+00
  0.826  0.014000  0.000    0.826   -0.4795    3.7005    3.7005    5.9487    6.2938    0.4275    0.8928    0.5567  5.313E+10  1.0000   4.589  0.000E+00      0.00      0.00      0.00  0.0000   0.000   0.000  0.0000  0.737E+00  0.249E+00  0.217E-02  0.262E-04  0.629E-03  0.547E-02  0.216E-05  0.123E-04  0.180E-02  0.145E-03  0.000E+00
  0.830  0.014000  0.000    0.830   -0.4692    3.7020    3.7020    5.9231    6.2630    0.4199    0.8856    0.5521  5.339E+10  1.0000   4.587  0.000E+00      0.00      0.00      0.00  0.0000   0.000   0.000  0.0000  0.737E+00  0.249E+00  0.217E-02  0.262E-04  0.628E-03  0.547E-02  0.216E-05  0.122E-04  0.180E-02  0.145E-03  0.000E+00
  0.834  0.014000  0.000    0.834   -0.4590    3.7035    3.7035    5.8976    6.2324    0.4123    0.8784    0.5474  5.364E+10  1.0000   4.585  0.000E+00      0.00      0.00      0.00  0.0000   0.000   0.000  0.0000  0.737E+00  0.249E+00  0.217E-02  0.262E-04  0.628E-03  0.546E-02  0.216E-05  0.122E-04  0.180E-02  0.145E-03  0.000E+00
  0.837  0.014000  0.000    0.837   -0.4489    3.7050    3.7050    5.8721    6.2017    0.4048    0.8712    0.5428  5.390E+10  1.0000   4.583  0.000E+00      0.00      0.00      0.00  0.0000   0.000   0.000  0.0000  0.738E+00  0.249E+00  0.217E-02  0.262E-04  0.628E-03  0.546E-02  0.216E-05  0.122E-04  0.180E-02  0.145E-03  0.000E+00
  0.841  0.014000  0.000    0.841   -0.4387    3.7065    3.7065    5.8468    6.1712    0.3973    0.8641    0.5382  5.416E+10  1.0000   4.580  0.000E+00      0.00      0.00      0.00  0.0000   0.000   0.000  0.0000  0.738E+00  0.249E+00  0.217E-02  0.262E-04  0.628E-03  0.546E-02  0.216E-05  0.122E-04  0.180E-02  0.145E-03  0.000E+00
  0.845  0.014000  0.000    0.845   -0.4286    3.7080    3.7080    5.8214    6.1408    0.3899    0.8570    0.5337  5.442E+10  1.0000   4.578  0.000E+00      0.00      0.00      0.00  0.0000   0.000   0.000  0.0000  0.738E+00  0.249E+00  0.217E-02  0.262E-04  0.627E-03  0.546E-02  0.215E-05  0.122E-04  0.180E-02  0.145E-03  0.000E+00
  0.848  0.014000  0.000    0.848   -0.4185    3.7095    3.7095    5.7962    6.1105    0.3824    0.8499    0.5291  5.468E+10  1.0000   4.576  0.000E+00      0.00      0.00      0.00  0.0000   0.000   0.000  0.0000  0.738E+00  0.248E+00  0.217E-02  0.261E-04  0.627E-03  0.545E-02  0.215E-05  0.122E-04  0.180E-02  0.145E-03  0.000E+00
  0.852  0.014000  0.000    0.852   -0.4084    3.7110    3.7110    5.7710    6.0802    0.3750    0.8428    0.5245  5.494E+10  1.0000   4.574  0.000E+00      0.00      0.00      0.00  0.0000   0.000   0.000  0.0000  0.738E+00  0.248E+00  0.217E-02  0.261E-04  0.627E-03  0.545E-02  0.215E-05  0.122E-04  0.180E-02  0.144E-03  0.000E+00
  0.856  0.014000  0.000    0.856   -0.3983    3.7125    3.7125    5.7458    6.0500    0.3676    0.8358    0.5199  5.520E+10  1.0000   4.572  0.000E+00      0.00      0.00      0.00  0.0000   0.000   0.000  0.0000  0.738E+00  0.248E+00  0.216E-02  0.261E-04  0.626E-03  0.545E-02  0.215E-05  0.122E-04  0.180E-02  0.144E-03  0.000E+00
  0.860  0.014000  0.000    0.860   -0.3883    3.7139    3.7139    5.7207    6.0199    0.3603    0.8288    0.5153  5.547E+10  1.0000   4.569  0.000E+00      0.00      0.00      0.00  0.0000   0.000   0.000  0.0000  0.739E+00  0.248E+00  0.216E-02  0.261E-04  0.626E-03  0.545E-02  0.215E-05  0.122E-04  0.179E-02  0.144E-03  0.000E+00
  0.863  0.014000  0.000    0.863   -0.3783    3.7154    3.7154    5.6957    5.9899    0.3530    0.8219    0.5107  5.574E+10  1.0000   4.567  0.000E+00      0.00      0.00      0.00  0.0000   0.000   0.000  0.0000  0.739E+00  0.248E+00  0.216E-02  0.261E-04  0.626E-03  0.544E-02  0.215E-05  0.122E-04  0.179E-02  0.144E-03  0.000E+00
  0.867  0.014000  0.000    0.867   -0.3683    3.7169    3.7169    5.6707    5.9599    0.3457    0.8149    0.5062  5.600E+10  1.0000   4.565  0.000E+00      0.00      0.00      0.00  0.0000   0.000   0.000  0.0000  0.739E+00  0.248E+00  0.216E-02  0.261E-04  0.625E-03  0.544E-02  0.215E-05  0.122E-04  0.179E-02  0.144E-03  0.000E+00
  0.871  0.014000  0.000    0.871   -0.3583    3.7183    3.7183    5.6458    5.9300    0.3384    0.8080    0.5016  5.627E+10  1.0000   4.562  0.000E+00      0.00      0.00      0.00  0.0000   0.000   0.000  0.0000  0.739E+00  0.247E+00  0.216E-02  0.261E-04  0.625E-03  0.544E-02  0.215E-05  0.122E-04  0.179E-02  0.144E-03  0.000E+00
  0.874  0.014000  0.000    0.874   -0.3484    3.7198    3.7198    5.6210    5.9002    0.3312    0.8012    0.4970  5.654E+10  1.0000   4.560  0.000E+00      0.00      0.00      0.00  0.0000   0.000   0.000  0.0000  0.739E+00  0.247E+00  0.216E-02  0.260E-04  0.625E-03  0.544E-02  0.215E-05  0.122E-04  0.179E-02  0.144E-03  0.000E+00
  0.878  0.014000  0.000    0.878   -0.3385    3.7212    3.7212    5.5961    5.8705    0.3240    0.7940    0.4923  5.682E+10  1.0000   4.558  0.000E+00      0.00      0.00      0.00  0.0000   0.000   0.000  0.0000  0.740E+00  0.247E+00  0.216E-02  0.260E-04  0.625E-03  0.543E-02  0.215E-05  0.122E-04  0.179E-02  0.144E-03  0.000E+00
  0.882  0.014000  0.000    0.882   -0.3285    3.7226    3.7226    5.5714    5.8408    0.3169    0.7869    0.4875  5.709E+10  1.0000   4.555  0.000E+00      0.00      0.00      0.00  0.0000   0.000   0.000  0.0000  0.740E+00  0.247E+00  0.216E-02  0.260E-04  0.624E-03  0.543E-02  0.214E-05  0.122E-04  0.179E-02  0.144E-03  0.000E+00
  0.886  0.014000  0.000    0.886   -0.3187    3.7241    3.7241    5.5467    5.8112    0.3097    0.7797    0.4827  5.737E+10  1.0000   4.553  0.000E+00      0.00      0.00      0.00  0.0000   0.000   0.000  0.0000  0.740E+00  0.247E+00  0.216E-02  0.260E-04  0.624E-03  0.543E-02  0.214E-05  0.122E-04  0.179E-02  0.144E-03  0.000E+00
  0.889  0.014000  0.000    0.889   -0.3088    3.7255    3.7255    5.5220    5.7817    0.3026    0.7726    0.4779  5.764E+10  1.0000   4.551  0.000E+00      0.00      0.00      0.00  0.0000   0.000   0.000  0.0000  0.740E+00  0.246E+00  0.215E-02  0.260E-04  0.624E-03  0.543E-02  0.214E-05  0.121E-04  0.179E-02  0.144E-03  0.000E+00
  0.893  0.014000  0.000    0.893   -0.2990    3.7269    3.7269    5.4974    5.7522    0.2955    0.7655    0.4731  5.792E+10  1.0000   4.548  0.000E+00      0.00      0.00      0.00  0.0000   0.000   0.000  0.0000  0.740E+00  0.246E+00  0.215E-02  0.260E-04  0.623E-03  0.543E-02  0.214E-05  0.121E-04  0.179E-02  0.144E-03  0.000E+00
  0.897  0.014000  0.000    0.897   -0.2891    3.7283    3.7283    5.4728    5.7228    0.2885    0.7585    0.4683  5.820E+10  1.0000   4.546  0.000E+00      0.00      0.00      0.00  0.0000   0.000   0.000  0.0000  0.740E+00  0.246E+00  0.215E-02  0.260E-04  0.623E-03  0.542E-02  0.214E-05  0.121E-04  0.179E-02  0.144E-03  0.000E+00
  0.901  0.014000  0.000    0.901   -0.2793    3.7297    3.7297    5.4483    5.6936    0.2816    0.7516    0.4636  5.849E+10  1.0000   4.543  0.000E+00      0.00      0.00      0.00  0.0000   0.000   0.000  0.0000  0.741E+00  0.246E+00  0.215E-02  0.259E-04  0.623E-03  0.542E-02  0.214E-05  0.121E-04  0.179E-02  0.144E-03  0.000E+00
  0.904  0.014000  0.000    0.904   -0.2695    3.7309    3.7309    5.4237    5.6648    0.2754    0.7454    0.4593  5.882E+10  1.0000   4.540  0.000E+00      0.00      0.00      0.00  0.0000   0.000   0.000  0.0000  0.741E+00  0.246E+00  0.215E-02  0.259E-04  0.622E-03  0.542E-02  0.214E-05  0.121E-04  0.179E-02  0.144E-03  0.000E+00
  0.908  0.014000  0.000    0.908   -0.2596    3.7321    3.7321    5.3991    5.6360    0.2693    0.7393    0.4551  5.916E+10  1.0000   4.537  0.000E+00      0.00      0.00      0.00  0.0000   0.000   0.000  0.0000  0.741E+00  0.245E+00  0.215E-02  0.259E-04  0.622E-03  0.541E-02  0.214E-05  0.121E-04  0.178E-02  0.143E-03  0.000E+00
  0.912  0.014000  0.000    0.912   -0.2498    3.7334    3.7334    5.3746    5.6073    0.2632    0.7332    0.4509  5.949E+10  1.0000   4.534  0.000E+00      0.00      0.00      0.00  0.0000   0.000   0.000  0.0000  0.741E+00  0.245E+00  0.215E-02  0.259E-04  0.621E-03  0.541E-02  0.213E-05  0.121E-04  0.178E-02  0.143E-03  0.000E+00
  0.915  0.014000  0.000    0.915   -0.2401    3.7346    3.7346    5.3501    5.5787    0.2572    0.7272    0.4466  5.983E+10  1.0000   4.531  0.000E+00      0.00      0.00      0.00  0.0000   0.000   0.000  0.0000  0.742E+00  0.245E+00  0.214E-02  0.259E-04  0.621E-03  0.541E-02  0.213E-05  0.121E-04  0.178E-02  0.143E-03  0.000E+00
  0.919  0.014000  0.000    0.919   -0.2303    3.7358    3.7358    5.3257    5.5501    0.2511    0.7211    0.4424  6.017E+10  1.0000   4.528  0.000E+00      0.00      0.00      0.00  0.0000   0.000   0.000  0.0000  0.742E+00  0.245E+00  0.214E-02  0.258E-04  0.621E-03  0.540E-02  0.213E-05  0.121E-04  0.178E-02  0.143E-03  0.000E+00
  0.923  0.014000  0.000    0.923   -0.2205    3.7370    3.7370    5.3013    5.5217    0.2451    0.7151    0.4382  6.052E+10  1.0000   4.524  0.000E+00      0.00      0.00      0.00  0.0000   0.000   0.000  0.0000  0.742E+00  0.244E+00  0.214E-02  0.258E-04  0.620E-03  0.540E-02  0.213E-05  0.121E-04  0.178E-02  0.143E-03  0.000E+00
  0.927  0.014000  0.000    0.927   -0.2108    3.7382    3.7382    5.2770    5.4932    0.2391    0.7091    0.4340  6.086E+10  1.0000   4.521  0.000E+00      0.00      0.00      0.00  0.0000   0.000   0.000  0.0000  0.742E+00  0.244E+00  0.214E-02  0.258E-04  0.620E-03  0.539E-02  0.213E-05  0.121E-04  0.178E-02  0.143E-03  0.000E+00
  0.930  0.014000  0.000    0.930   -0.2011    3.7394    3.7394    5.2526    5.4648    0.2332    0.7032    0.4297  6.121E+10  1.0000   4.518  0.000E+00      0.00      0.00      0.00  0.0000   0.000   0.000  0.0000  0.743E+00  0.244E+00  0.214E-02  0.258E-04  0.619E-03  0.539E-02  0.213E-05  0.121E-04  0.178E-02  0.143E-03  0.000E+00
  0.938  0.014000  0.000    0.938   -0.1816    3.7417    3.7417    5.2041    5.4082    0.2214    0.6932    0.4226  6.192E+10  1.0000   4.511  0.000E+00      0.00      0.00      0.00  0.0000   0.000   0.000  0.0000  0.743E+00  0.243E+00  0.213E-02  0.257E-04  0.618E-03  0.538E-02  0.212E-05  0.120E-04  0.178E-02  0.143E-03  0.000E+00
  0.945  0.014000  0.000    0.945   -0.1623    3.7440    3.7440    5.1557    5.3519    0.2098    0.6840    0.4160  6.264E+10  1.0000   4.505  0.000E+00      0.00      0.00      0.00  0.0000   0.000   0.000  0.0000  0.744E+00  0.243E+00  0.213E-02  0.257E-04  0.617E-03  0.538E-02  0.212E-05  0.120E-04  0.177E-02  0.142E-03  0.000E+00
  0.953  0.014000  0.000    0.953   -0.1430    3.7464    3.7464    5.1075    5.2957    0.1982    0.6749    0.4094  6.337E+10  1.0000   4.498  0.000E+00      0.00      0.00      0.00  0.0000   0.000   0.000  0.0000  0.744E+00  0.242E+00  0.213E-02  0.256E-04  0.616E-03  0.537E-02  0.212E-05  0.120E-04  0.177E-02  0.142E-03  0.000E+00
  0.960  0.014000  0.000    0.960   -0.1237    3.7487    3.7487    5.0593    5.2397    0.1867    0.6658    0.4028  6.411E+10  1.0000   4.492  0.000E+00      0.00      0.00      0.00  0.0000   0.000   0.000  0.0000  0.745E+00  0.242E+00  0.212E-02  0.256E-04  0.615E-03  0.536E-02  0.211E-05  0.120E-04  0.177E-02  0.142E-03  0.000E+00
  0.968  0.014000  0.000    0.968   -0.1045    3.7509    3.7509    5.0112    5.1839    0.1754    0.6569    0.3962  6.486E+10  1.0000   4.485  0.000E+00      0.00      0.00      0.00  0.0000   0.000   0.000  0.0000  0.746E+00  0.241E+00  0.212E-02  0.255E-04  0.614E-03  0.535E-02  0.211E-05  0.120E-04  0.177E-02  0.142E-03  0.000E+00
  0.975  0.014000  0.000    0.975   -0.0853    3.7532    3.7532    4.9633    5.1282    0.1641    0.6480    0.3897  6.563E+10  1.0000   4.478  0.000E+00      0.00      0.00      0.00  0.0000   0.000   0.000  0.0000  0.746E+00  0.240E+00  0.212E-02  0.255E-04  0.613E-03  0.534E-02  0.211E-05  0.119E-04  0.176E-02  0.142E-03  0.000E+00
  0.983  0.014000  0.000    0.983   -0.0662    3.7554    3.7554    4.9154    5.0727    0.1529    0.6392    0.3831  6.640E+10  1.0000   4.471  0.000E+00      0.00      0.00      0.00  0.0000   0.000   0.000  0.0000  0.747E+00  0.240E+00  0.211E-02  0.254E-04  0.612E-03  0.534E-02  0.210E-05  0.119E-04  0.176E-02  0.141E-03  0.000E+00
  0.990  0.014000  0.000    0.990   -0.0471    3.7576    3.7576    4.8677    5.0174    0.1419    0.6305    0.3766  6.719E+10  1.0000   4.464  0.000E+00      0.00      0.00      0.00  0.0000   0.000   0.000  0.0000  0.747E+00  0.239E+00  0.211E-02  0.254E-04  0.611E-03  0.533E-02  0.210E-05  0.119E-04  0.176E-02  0.141E-03  0.000E+00
  0.997  0.014000  0.000    0.997   -0.0280    3.7598    3.7598    4.8200    4.9622    0.1310    0.6218    0.3701  6.800E+10  1.0000   4.457  0.000E+00      0.00      0.00      0.00  0.0000   0.000   0.000  0.0000  0.748E+00  0.239E+00  0.211E-02  0.253E-04  0.610E-03  0.532E-02  0.210E-05  0.119E-04  0.176E-02  0.141E-03  0.000E+00
  1.005  0.014000  0.000    1.005   -0.0089    3.7618    3.7618    4.7723    4.9076    0.1209    0.6138    0.3640  6.886E+10  1.0000   4.449  0.000E+00      0.00      0.00      0.00  0.0000   0.000   0.000  0.0000  0.749E+00  0.238E+00  0.210E-02  0.253E-04  0.609E-03  0.530E-02  0.209E-05  0.118E-04  0.175E-02  0.141E-03  0.000E+00
  1.012  0.014000  0.000    1.012    0.0101    3.7638    3.7638    4.7246    4.8534    0.1112    0.6062    0.3582  6.977E+10  1.0000   4.441  0.000E+00      0.00      0.00      0.00  0.0000   0.000   0.000  0.0000  0.751E+00  0.236E+00  0.209E-02  0.251E-04  0.606E-03  0.529E-02  0.208E-05  0.118E-04  0.175E-02  0.140E-03  0.000E+00
  1.020  0.014000  0.000    1.020    0.0292    3.7656    3.7656    4.6771    4.7994    0.1018    0.5988    0.3525  7.069E+10  1.0000   4.433  0.000E+00      0.00      0.00      0.00  0.0000   0.000   0.000  0.0000  0.752E+00  0.235E+00  0.208E-02  0.250E-04  0.604E-03  0.527E-02  0.207E-05  0.117E-04  0.174E-02  0.140E-03  0.000E+00
  1.027  0.014000  0.000    1.027    0.0481    3.7675    3.7675    4.6297    4.7457    0.0926    0.5915    0.3469  7.164E+10  1.0000   4.424  0.000E+00      0.00      0.00      0.00  0.0000   0.000   0.000  0.0000  0.753E+00  0.234E+00  0.207E-02  0.249E-04  0.602E-03  0.525E-02  0.207E-05  0.117E-04  0.174E-02  0.139E-03  0.000E+00
  1.035  0.014000  0.000    1.035    0.0670    3.7693    3.7693    4.5824    4.6922    0.0836    0.5844    0.3414  7.262E+10  1.0000   4.416  0.000E+00      0.00      0.00      0.00  0.0000   0.000   0.000  0.0000  0.755E+00  0.232E+00  0.207E-02  0.248E-04  0.600E-03  0.523E-02  0.206E-05  0.116E-04  0.173E-02  0.139E-03  0.000E+00
  1.042  0.014000  0.000    1.042    0.0859    3.7710    3.7710    4.5352    4.6391    0.0749    0.5776    0.3360  7.362E+10  1.0000   4.407  0.000E+00      0.00      0.00      0.00  0.0000   0.000   0.000  0.0000  0.756E+00  0.231E+00  0.206E-02  0.247E-04  0.597E-03  0.521E-02  0.205E-05  0.116E-04  0.172E-02  0.138E-03  0.000E+00
  1.050  0.014000  0.000    1.050    0.1048    3.7727    3.7727    4.4880    4.5861    0.0664    0.5708    0.3308  7.465E+10  1.0000   4.398  0.000E+00      0.00      0.00      0.00  0.0000   0.000   0.000  0.0000  0.758E+00  0.229E+00  0.205E-02  0.246E-04  0.595E-03  0.519E-02  0.204E-05  0.115E-04  0.172E-02  0.137E-03  0.000E+00
  1.057  0.014000  0.000    1.057    0.1236    3.7744    3.7744    4.4411    4.5335    0.0582    0.5643    0.3257  7.571E+10  1.0000   4.389  0.000E+00      0.00      0.00      0.00  0.0000   0.000   0.000  0.0000  0.759E+00  0.228E+00  0.204E-02  0.244E-04  0.592E-03  0.517E-02  0.203E-05  0.115E-04  0.171E-02  0.137E-03  0.000E+00
  1.064  0.014000  0.000    1.064    0.1423    3.7760    3.7760    4.3942    4.4811    0.0501    0.5580    0.3206  7.679E+10  1.0000   4.380  0.000E+00      0.00      0.00      0.00  0.0000   0.000   0.000  0.0000  0.761E+00  0.226E+00  0.203E-02  0.243E-04  0.589E-03  0.515E-02  0.202E-05  0.114E-04  0.170E-02  0.136E-03  0.000E+00
  1.072  0.014000  0.000    1.072    0.1610    3.7775    3.7775    4.3474    4.4290    0.0423    0.5519    0.3158  7.790E+10  1.0000   4.370  0.000E+00      0.00      0.00      0.00  0.0000   0.000   0.000  0.0000  0.763E+00  0.225E+00  0.202E-02  0.242E-04  0.587E-03  0.512E-02  0.201E-05  0.114E-04  0.170E-02  0.136E-03  0.000E+00
  1.079  0.014000  0.000    1.079    0.1797    3.7790    3.7790    4.3008    4.3785    0.0384    0.5462    0.3112  7.904E+10  1.0000   4.360  0.000E+00      0.00      0.00      0.00  0.0000   0.000   0.000  0.0000  0.764E+00  0.223E+00  0.201E-02  0.241E-04  0.584E-03  0.510E-02  0.200E-05  0.113E-04  0.169E-02  0.135E-03  0.000E+00
  1.087  0.014000  0.000    1.087    0.1983    3.7805    3.7805    4.2544    4.3287    0.0361    0.5408    0.3070  8.022E+10  1.0000   4.351  0.000E+00      0.00      0.00      0.00  0.0000   0.000   0.000  0.0000  0.766E+00  0.221E+00  0.200E-02  0.239E-04  0.581E-03  0.508E-02  0.199E-05  0.113E-04  0.168E-02  0.135E-03  0.000E+00
  1.102  0.014000  0.000    1.102    0.2341    3.7830    3.7830    4.1647    4.2331    0.0319    0.5313    0.2993  8.262E+10  1.0000   4.331  0.000E+00      0.00      0.00      0.00  0.0000   0.000   0.000  0.0000  0.769E+00  0.218E+00  0.198E-02  0.237E-04  0.577E-03  0.504E-02  0.198E-05  0.112E-04  0.167E-02  0.134E-03  0.000E+00
  1.117  0.014000  0.000    1.117    0.2620    3.7845    3.7845    4.0949    4.1601    0.0296    0.5258    0.2949  8.474E+10  1.0000   4.315  0.000E+00      0.00      0.00      0.00  0.0000   0.000   0.000  0.0000  0.764E+00  0.223E+00  0.201E-02  0.241E-04  0.584E-03  0.510E-02  0.201E-05  0.113E-04  0.169E-02  0.135E-03  0.000E+00
  1.146  0.014000  0.000    1.146    0.3159    3.7869    3.7869    3.9603    4.0198    0.0257    0.5168    0.2875  8.916E+10  1.0000   4.282  0.000E+00      0.00      0.00      0.00  0.0000   0.000   0.000  0.0000  0.755E+00  0.232E+00  0.207E-02  0.248E-04  0.600E-03  0.523E-02  0.206E-05  0.117E-04  0.173E-02  0.139E-03  0.000E+00
  1.176  0.014000  0.000    1.176    0.3670    3.7887    3.7887    3.8325    3.8880    0.0229    0.5103    0.2822  9.381E+10  1.0000   4.249  0.000E+00      0.00      0.00      0.00  0.0000   0.000   0.000  0.0000  0.746E+00  0.241E+00  0.213E-02  0.256E-04  0.616E-03  0.536E-02  0.212E-05  0.120E-04  0.177E-02  0.142E-03  0.000E+00
  1.206  0.014000  0.000    1.206    0.4152    3.7896    3.7896    3.7121    3.7656    0.0215    0.5070    0.2795  9.875E+10  1.0000   4.215  0.000E+00      0.00      0.00      0.00  0.0000   0.000   0.000  0.0000  0.736E+00  0.251E+00  0.219E-02  0.264E-04  0.633E-03  0.550E-02  0.217E-05  0.123E-04  0.181E-02  0.146E-03  0.000E+00
  1.236  0.014000  0.000    1.236    0.4612    3.7896    3.7896    3.5971    3.6505    0.0214    0.5068    0.2793  1.041E+11  1.0000   4.180  0.000E+00      0.00      0.00      0.00  0.0000   0.000   0.000  0.0000  0.725E+00  0.261E+00  0.225E-02  0.273E-04  0.650E-03  0.565E-02  0.224E-05  0.127E-04  0.186E-02  0.150E-03  0.000E+00
  1.251  0.014000  0.000    1.251    0.4847    3.7895    3.7895    3.5381    3.5918    0.0216    0.5072    0.2797  1.070E+11  1.0000   4.161  0.000E+00      0.00      0.00      0.00  0.0000   0.000   0.000  0.0000  0.720E+00  0.266E+00  0.228E-02  0.277E-04  0.659E-03  0.572E-02  0.227E-05  0.129E-04  0.188E-02  0.152E-03  0.000E+00
  1.258  0.014000  0.000    1.258    0.5042    3.7901    3.7901    3.4895    3.5420    0.0207    0.5052    0.2780  1.092E+11  1.0000   4.147  0.000E+00      0.00      0.00      0.00  0.0000   0.000   0.000  0.0000  0.720E+00  0.266E+00  0.228E-02  0.277E-04  0.659E-03  0.572E-02  0.227E-05  0.129E-04  0.188E-02  0.152E-03  0.000E+00
  1.262  0.014000  0.000    1.262    0.5183    3.7912    3.7912    3.4542    3.5040    0.0189    0.5010    0.2745  1.104E+11  1.0000   4.138  0.000E+00      0.00      0.00      0.00  0.0000   0.000   0.000  0.0000  0.720E+00  0.266E+00  0.228E-02  0.277E-04  0.659E-03  0.572E-02  0.227E-05  0.129E-04  0.188E-02  0.152E-03  0.000E+00
  1.264  0.014000  0.000    1.264    0.5282    3.7924    3.7924    3.4296    3.4768    0.0170    0.4967    0.2710  1.110E+11  1.0000   4.134  0.000E+00      0.00      0.00      0.00  0.0000   0.000   0.000  0.0000  0.720E+00  0.266E+00  0.228E-02  0.277E-04  0.659E-03  0.572E-02  0.227E-05  0.129E-04  0.188E-02  0.152E-03  0.000E+00
  1.266  0.014000  0.000    1.266    0.5423    3.7943    3.7943    3.3943    3.4370    0.0139    0.4894    0.2650  1.118E+11  1.0000   4.128  0.000E+00      0.00      0.00      0.00  0.0000   0.000   0.000  0.0000  0.720E+00  0.266E+00  0.228E-02  0.277E-04  0.659E-03  0.572E-02  0.227E-05  0.129E-04  0.188E-02  0.152E-03  0.000E+00
  1.267  0.014000  0.000    1.267    0.5524    3.7958    3.7958    3.3691    3.4085    0.0116    0.4841    0.2606  1.124E+11  1.0000   4.124  0.000E+00      0.00      0.00      0.00  0.0000   0.000   0.000  0.0000  0.720E+00  0.266E+00  0.228E-02  0.277E-04  0.659E-03  0.572E-02  0.227E-05  0.129E-04  0.188E-02  0.152E-03  0.000E+00
  1.267  0.014000  0.000    1.267    0.5667    3.7977    3.7977    3.3333    3.3681    0.0084    0.4767    0.2544  1.132E+11  1.0000   4.118  0.000E+00      0.00      0.00      0.00  0.0000   0.000   0.000  0.0000  0.720E+00  0.266E+00  0.228E-02  0.277E-04  0.659E-03  0.572E-02  0.227E-05  0.129E-04  0.188E-02  0.152E-03  0.000E+00
  1.268  0.014000  0.000    1.268    0.5769    3.7991    3.7991    3.3078    3.3395    0.0062    0.4715    0.2501  1.138E+11  1.0000   4.114  0.000E+00      0.00      0.00      0.00  0.0000   0.000   0.000  0.0000  0.720E+00  0.266E+00  0.228E-02  0.277E-04  0.659E-03  0.572E-02  0.227E-05  0.129E-04  0.188E-02  0.152E-03  0.000E+00
  1.268  0.014000  0.000    1.268    0.5896    3.8007    3.8007    3.2759    3.3040    0.0036    0.4656    0.2451  1.147E+11  1.0000   4.107  0.000E+00      0.00      0.00      0.00  0.0000   0.000   0.000  0.0000  0.720E+00  0.266E+00  0.228E-02  0.277E-04  0.659E-03  0.572E-02  0.227E-05  0.129E-04  0.188E-02  0.152E-03  0.000E+00
  1.269  0.014000  0.000    1.269    0.6135    3.8031    3.8031    3.2162    3.2389   -0.0001    0.4569    0.2378  1.166E+11  1.0000   4.093  0.000E+00      0.00      0.00      0.00  0.0000   0.000   0.000  0.0000  0.720E+00  0.266E+00  0.228E-02  0.277E-04  0.659E-03  0.572E-02  0.227E-05  0.129E-04  0.188E-02  0.152E-03  0.000E+00
  1.271  0.014000  0.000    1.271    0.6237    3.8024    3.8024    3.1908    3.2150    0.0009    0.4592    0.2398  1.183E+11  1.0000   4.081  0.000E+00      0.00      0.00      0.00  0.0000   0.000   0.000  0.0000  0.720E+00  0.266E+00  0.228E-02  0.277E-04  0.659E-03  0.572E-02  0.227E-05  0.129E-04  0.188E-02  0.152E-03  0.000E+00
  1.275  0.014000  0.000    1.275    0.6340    3.8018    3.8018    3.1649    3.1906    0.0020    0.4617    0.2419  1.201E+11  1.0000   4.069  0.000E+00      0.00      0.00      0.00  0.0000   0.000   0.000  0.0000  0.720E+00  0.266E+00  0.228E-02  0.277E-04  0.659E-03  0.572E-02  0.227E-05  0.129E-04  0.188E-02  0.152E-03  0.000E+00
  1.282  0.014000  0.000    1.282    0.6530    3.8006    3.8006    3.1176    3.1459    0.0038    0.4659    0.2454  1.234E+11  1.0000   4.048  0.000E+00      0.00      0.00      0.00  0.0000   0.000   0.000  0.0000  0.720E+00  0.266E+00  0.228E-02  0.277E-04  0.659E-03  0.572E-02  0.227E-05  0.129E-04  0.188E-02  0.152E-03  0.000E+00
  1.290  0.014000  0.000    1.290    0.6721    3.7994    3.7994    3.0698    3.1009    0.0058    0.4706    0.2493  1.269E+11  1.0000   4.027  0.000E+00      0.00      0.00      0.00  0.0000   0.000   0.000  0.0000  0.720E+00  0.266E+00  0.228E-02  0.277E-04  0.659E-03  0.572E-02  0.227E-05  0.129E-04  0.188E-02  0.152E-03  0.000E+00
  1.297  0.014000  0.000    1.297    0.6924    3.7978    3.7978    3.0189    3.0536    0.0083    0.4763    0.2541  1.308E+11  1.0000   4.003  0.000E+00      0.00      0.00      0.00  0.0000   0.000   0.000  0.0001  0.720E+00  0.266E+00  0.228E-02  0.277E-04  0.659E-03  0.572E-02  0.227E-05  0.129E-04  0.188E-02  0.152E-03  0.000E+00
  1.305  0.014000  0.000    1.305    0.7144    3.7958    3.7958    2.9639    3.0032    0.0115    0.4838    0.2603  1.354E+11  1.0000   3.975  0.000E+00      0.00      0.00      0.00  0.0000   0.000   0.000  0.0001  0.720E+00  0.266E+00  0.228E-02  0.277E-04  0.659E-03  0.572E-02  0.227E-05  0.129E-04  0.188E-02  0.152E-03  0.000E+00
  1.308  0.014000  0.000    1.308    0.7260    3.7946    3.7946    2.9349    2.9770    0.0135    0.4884    0.2642  1.380E+11  1.0000   3.960  0.000E+00      0.00      0.00      0.00  0.0000   0.000   0.000  0.0001  0.720E+00  0.266E+00  0.228E-02  0.277E-04  0.659E-03  0.572E-02  0.227E-05  0.129E-04  0.188E-02  0.152E-03  0.000E+00
  1.312  0.014000  0.000    1.312    0.7378    3.7930    3.7930    2.9054    2.9511    0.0160    0.4943    0.2690  1.409E+11  1.0000   3.943  0.000E+00      0.00      0.00      0.00  0.0000 -19.199   0.000  0.0001  0.720E+00  0.266E+00  0.228E-02  0.277E-04  0.659E-03  0.572E-02  0.227E-05  0.129E-04  0.188E-02  0.152E-03  0.000E+00
  1.316  0.014000  0.000    1.316    0.7497    3.7913    3.7913    2.8757    2.9254    0.0188    0.5008    0.2744  1.440E+11  1.0000   3.925  0.000E+00      0.00      0.00      0.00  0.0000 -18.443   0.000  0.0001  0.720E+00  0.266E+00  0.228E-02  0.277E-04  0.659E-03  0.572E-02  0.227E-05  0.129E-04  0.188E-02  0.152E-03  0.000E+00
  1.320  0.014000  0.000    1.319    0.7614    3.7890    3.7890    2.8465    2.9013    0.0223    0.5090    0.2811  1.475E+11  1.0000   3.906  0.000E+00      0.00      0.00      0.00  0.0000 -17.686   0.000  0.0001  0.720E+00  0.266E+00  0.228E-02  0.277E-04  0.659E-03  0.572E-02  0.227E-05  0.129E-04  0.188E-02  0.152E-03  0.000E+00
  1.321  0.014000  0.000    1.321    0.7669    3.7877    3.7877    2.8326    2.8906    0.0245    0.5141    0.2853  1.494E+11  1.0000   3.896  0.000E+00      0.00      0.00      0.00  0.0000 -17.309   0.000  0.0001  0.720E+00  0.266E+00  0.228E-02  0.277E-04  0.659E-03  0.572E-02  0.227E-05  0.129E-04  0.188E-02  0.152E-03  0.000E+00
  1.323  0.014000  0.000    1.323    0.7723    3.7861    3.7861    2.8192    2.8807    0.0270    0.5198    0.2900  1.514E+11  1.0000   3.885  0.000E+00      0.00      0.00      0.00  0.0000 -16.932   0.000  0.0001  0.720E+00  0.266E+00  0.228E-02  0.277E-04  0.659E-03  0.572E-02  0.227E-05  0.129E-04  0.188E-02  0.152E-03  0.000E+00
  1.325  0.014000  0.000    1.325    0.7774    3.7844    3.7844    2.8066    2.8720    0.0298    0.5262    0.2952  1.535E+11  1.0000   3.873  0.000E+00      0.00      0.00      0.00  0.0000 -16.555   0.000  0.0001  0.720E+00  0.266E+00  0.228E-02  0.277E-04  0.659E-03  0.572E-02  0.227E-05  0.129E-04  0.188E-02  0.152E-03  0.000E+00
  1.327  0.014000  0.000    1.327    0.7818    3.7822    3.7822    2.7955    2.8658    0.0332    0.5342    0.3016  1.558E+11  1.0000   3.861  0.000E+00      0.00      0.00      0.00  0.0000 -16.178   0.000  0.0001  0.720E+00  0.266E+00  0.228E-02  0.277E-04  0.659E-03  0.572E-02  0.227E-05  0.129E-04  0.188E-02  0.152E-03  0.000E+00
  1.329  0.014000  0.000    1.329    0.7855    3.7797    3.7797    2.7862    2.8623    0.0373    0.5436    0.3092  1.583E+11  1.0000   3.848  0.000E+00      0.00      0.00      0.00  0.0000 -15.802   0.000  0.0001  0.720E+00  0.266E+00  0.228E-02  0.277E-04  0.659E-03  0.572E-02  0.227E-05  0.129E-04  0.188E-02  0.152E-03  0.000E+00
  1.330  0.014000  0.000    1.330    0.7870    3.7782    3.7782    2.7825    2.8616    0.0406    0.5492    0.3136  1.596E+11  1.0000   3.841  0.000E+00      0.00      0.00      0.00  0.0000 -15.614   0.000  0.0001  0.720E+00  0.266E+00  0.228E-02  0.277E-04  0.659E-03  0.572E-02  0.227E-05  0.129E-04  0.188E-02  0.152E-03  0.000E+00
  1.331  0.014000  0.000    1.330    0.7880    3.7766    3.7766    2.7800    2.8634    0.0513    0.5562    0.3190  1.610E+11  1.0000   3.833  0.000E+00      0.00      0.00      0.00  0.0000 -15.426   0.000  0.0001  0.720E+00  0.266E+00  0.228E-02  0.277E-04  0.659E-03  0.572E-02  0.227E-05  0.129E-04  0.188E-02  0.152E-03  0.000E+00
  1.332  0.014000  0.000    1.331    0.7887    3.7748    3.7748    2.7782    2.8661    0.0632    0.5637    0.3248  1.625E+11  1.0000   3.826  0.000E+00      0.00      0.00      0.00  0.0000 -15.238   0.000  0.0001  0.720E+00  0.266E+00  0.228E-02  0.277E-04  0.659E-03  0.572E-02  0.227E-05  0.129E-04  0.188E-02  0.152E-03  0.000E+00
  1.333  0.014000  0.000    1.332    0.7891    3.7730    3.7730    2.7773    2.8695    0.0747    0.5712    0.3307  1.639E+11  1.0000   3.818  0.000E+00      0.00      0.00      0.00  0.0000 -15.051   0.000  0.0001  0.720E+00  0.266E+00  0.228E-02  0.277E-04  0.659E-03  0.572E-02  0.227E-05  0.129E-04  0.188E-02  0.152E-03  0.000E+00
  1.334  0.014000  0.000    1.333    0.7884    3.7709    3.7709    2.7791    2.8762    0.0878    0.5802    0.3377  1.654E+11  1.0000   3.811  0.000E+00      0.00      0.00      0.00  0.0000 -14.866   0.000  0.0001  0.720E+00  0.266E+00  0.228E-02  0.277E-04  0.659E-03  0.572E-02  0.227E-05  0.129E-04  0.188E-02  0.152E-03  0.000E+00
  1.335  0.014000  0.000    1.334    0.7873    3.7687    3.7687    2.7817    2.8836    0.1013    0.5897    0.3450  1.669E+11  1.0000   3.803  0.000E+00      0.00      0.00      0.00  0.0000 -14.680   0.000  0.0001  0.720E+00  0.266E+00  0.228E-02  0.277E-04  0.659E-03  0.572E-02  0.227E-05  0.129E-04  0.188E-02  0.152E-03  0.000E+00
  1.335  0.014000  0.000    1.334    0.7862    3.7674    3.7674    2.7845    2.8893    0.1097    0.5954    0.3495  1.677E+11  1.0000   3.799  0.000E+00      0.00      0.00      0.00  0.0000 -14.588   0.000  0.0001  0.720E+00  0.266E+00  0.228E-02  0.277E-04  0.659E-03  0.572E-02  0.227E-05  0.129E-04  0.188E-02  0.152E-03  0.000E+00
  1.335  0.014000  0.000    1.335    0.7849    3.7660    3.7660    2.7878    2.8954    0.1184    0.6013    0.3541  1.685E+11  1.0000   3.795  0.000E+00      0.00      0.00      0.00  0.0000 -14.495   0.000  0.0001  0.720E+00  0.266E+00  0.228E-02  0.277E-04  0.659E-03  0.572E-02  0.227E-05  0.129E-04  0.188E-02  0.152E-03  0.000E+00
  1.336  0.014000  0.000    1.335    0.7831    3.7645    3.7645    2.7922    2.9030    0.1281    0.6080    0.3593  1.693E+11  1.0000   3.791  0.000E+00      0.00      0.00      0.00  0.0000 -14.404   0.000  0.0001  0.720E+00  0.266E+00  0.228E-02  0.277E-04  0.659E-03  0.572E-02  0.227E-05  0.129E-04  0.188E-02  0.152E-03  0.000E+00
  1.336  0.014000  0.000    1.336    0.7809    3.7628    3.7628    2.7978    2.9120    0.1388    0.6153    0.3651  1.702E+11  1.0000   3.787  0.000E+00      0.00      0.00      0.00  0.0000 -14.312   0.000  0.0001  0.720E+00  0.266E+00  0.228E-02  0.277E-04  0.659E-03  0.572E-02  0.227E-05  0.129E-04  0.188E-02  0.152E-03  0.000E+00
  1.337  0.014000  0.000    1.336    0.7776    3.7608    3.7608    2.8059    2.9240    0.1515    0.6242    0.3720  1.711E+11  1.0000   3.782  0.000E+00      0.00      0.00      0.00  0.0000 -14.221   0.000  0.0001  0.720E+00  0.266E+00  0.228E-02  0.277E-04  0.659E-03  0.572E-02  0.227E-05  0.129E-04  0.188E-02  0.152E-03  0.000E+00
  1.337  0.014000  0.000    1.337    0.7744    3.7588    3.7588    2.8140    2.9358    0.1643    0.6331    0.3790  1.721E+11  1.0000   3.778  0.000E+00      0.00      0.00      0.00  0.0000 -14.131   0.000  0.0001  0.720E+00  0.266E+00  0.228E-02  0.277E-04  0.659E-03  0.572E-02  0.227E-05  0.129E-04  0.188E-02  0.152E-03  0.000E+00
  1.338  0.014000  0.000    1.337    0.7712    3.7568    3.7568    2.8221    2.9475    0.1772    0.6422    0.3861  1.730E+11  1.0000   3.773  0.000E+00      0.00      0.00      0.00  0.0000 -14.040   0.000  0.0001  0.720E+00  0.266E+00  0.228E-02  0.277E-04  0.659E-03  0.572E-02  0.227E-05  0.129E-04  0.188E-02  0.152E-03  0.000E+00
  1.338  0.014000  0.000    1.337    0.7692    3.7557    3.7557    2.8269    2.9541    0.1843    0.6471    0.3900  1.735E+11  1.0000   3.771  0.000E+00      0.00      0.00      0.00  0.0000 -13.995   0.000  0.0001  0.720E+00  0.266E+00  0.228E-02  0.277E-04  0.659E-03  0.572E-02  0.227E-05  0.129E-04  0.188E-02  0.152E-03  0.000E+00
  1.338  0.014000  0.000    1.338    0.7672    3.7545    3.7545    2.8320    2.9611    0.1916    0.6523    0.3941  1.740E+11  1.0000   3.768  0.000E+00      0.00      0.00      0.00  0.0000 -13.951   0.000  0.0001  0.720E+00  0.266E+00  0.228E-02  0.277E-04  0.659E-03  0.572E-02  0.227E-05  0.129E-04  0.188E-02  0.152E-03  0.000E+00
  1.338  0.014000  0.000    1.338    0.7651    3.7534    3.7534    2.8371    2.9680    0.1990    0.6576    0.3982  1.745E+11  1.0000   3.766  0.000E+00      0.00      0.00      0.00  0.0000 -13.907   0.000  0.0001  0.720E+00  0.266E+00  0.228E-02  0.277E-04  0.659E-03  0.572E-02  0.227E-05  0.129E-04  0.188E-02  0.152E-03  0.000E+00
  1.339  0.014000  0.000    1.338    0.7625    3.7522    3.7522    2.8437    2.9766    0.2066    0.6630    0.4025  1.750E+11  1.0000   3.764  0.000E+00      0.00      0.00      0.00  0.0000 -13.862   0.000  0.0001  0.720E+00  0.266E+00  0.228E-02  0.277E-04  0.659E-03  0.572E-02  0.227E-05  0.129E-04  0.188E-02  0.152E-03  0.000E+00
  1.339  0.014000  0.000    1.338    0.7598    3.7510    3.7510    2.8506    2.9853    0.2142    0.6684    0.4068  1.754E+11  1.0000   3.762  0.000E+00      0.00      0.00      0.00  0.0000 -13.818   0.000  0.0001  0.720E+00  0.266E+00  0.228E-02  0.277E-04  0.659E-03  0.572E-02  0.227E-05  0.129E-04  0.188E-02  0.152E-03  0.000E+00
  1.339  0.014000  0.000    1.339    0.7570    3.7498    3.7498    2.8575    2.9940    0.2219    0.6739    0.4112  1.758E+11  1.0000   3.760  0.000E+00      0.00      0.00      0.00  0.0000 -13.774   0.000  0.0001  0.720E+00  0.266E+00  0.228E-02  0.277E-04  0.659E-03  0.572E-02  0.227E-05  0.129E-04  0.188E-02  0.152E-03  0.000E+00
  1.339  0.014000  0.000    1.339    0.7543    3.7486    3.7486    2.8644    3.0027    0.2295    0.6795    0.4156  1.762E+11  1.0000   3.758  0.000E+00      0.00      0.00      0.00  0.0000 -13.730   0.000  0.0001  0.720E+00  0.266E+00  0.228E-02  0.277E-04  0.659E-03  0.572E-02  0.227E-05  0.129E-04  0.188E-02  0.152E-03  0.000E+00
  1.340  0.014000  0.000    1.339    0.7515    3.7474    3.7474    2.8713    3.0113    0.2372    0.6850    0.4200  1.766E+11  1.0000   3.756  0.000E+00      0.00      0.00      0.00  0.0000 -13.686   0.000  0.0001  0.720E+00  0.266E+00  0.228E-02  0.277E-04  0.659E-03  0.572E-02  0.227E-05  0.129E-04  0.188E-02  0.152E-03  0.000E+00
  1.340  0.014000  0.000    1.339    0.7480    3.7462    3.7462    2.8799    3.0221    0.2458    0.6906    0.4244  1.769E+11  1.0000   3.754  0.000E+00      0.00      0.00      0.00  0.0000 -13.643   0.000  0.0001  0.720E+00  0.266E+00  0.228E-02  0.277E-04  0.659E-03  0.572E-02  0.227E-05  0.129E-04  0.188E-02  0.152E-03  0.000E+00
  1.340  0.014000  0.000    1.339    0.7444    3.7450    3.7450    2.8889    3.0335    0.2548    0.6961    0.4288  1.772E+11  1.0000   3.753  0.000E+00      0.00      0.00      0.00  0.0000 -13.600   0.000  0.0001  0.720E+00  0.266E+00  0.228E-02  0.277E-04  0.659E-03  0.572E-02  0.227E-05  0.129E-04  0.188E-02  0.152E-03  0.000E+00
  1.340  0.014000  0.000    1.340    0.7408    3.7437    3.7437    2.8980    3.0448    0.2640    0.7016    0.4332  1.774E+11  1.0000   3.752  0.000E+00      0.00      0.00      0.00  0.0000 -13.557   0.000  0.0001  0.720E+00  0.266E+00  0.228E-02  0.277E-04  0.659E-03  0.572E-02  0.227E-05  0.129E-04  0.188E-02  0.152E-03  0.000E+00
  1.341  0.014000  0.000    1.340    0.7372    3.7425    3.7425    2.9071    3.0562    0.2732    0.7072    0.4376  1.777E+11  1.0000   3.751  0.000E+00      0.00      0.00      0.00  0.0000 -13.515   0.000  0.0001  0.720E+00  0.266E+00  0.228E-02  0.277E-04  0.659E-03  0.572E-02  0.227E-05  0.129E-04  0.188E-02  0.152E-03  0.000E+00
  1.341  0.014000  0.000    1.340    0.7335    3.7413    3.7413    2.9162    3.0676    0.2825    0.7128    0.4421  1.779E+11  1.0000   3.750  0.000E+00      0.00      0.00      0.00  0.0000 -13.472   0.000  0.0001  0.720E+00  0.266E+00  0.228E-02  0.277E-04  0.659E-03  0.572E-02  0.227E-05  0.129E-04  0.188E-02  0.152E-03  0.000E+00
  1.341  0.014000  0.000    1.340    0.7294    3.7400    3.7400    2.9264    3.0801    0.2922    0.7186    0.4467  1.781E+11  1.0000   3.749  0.000E+00      0.00      0.00      0.00  0.0000 -13.430   0.000  0.0001  0.720E+00  0.266E+00  0.228E-02  0.277E-04  0.659E-03  0.572E-02  0.227E-05  0.129E-04  0.188E-02  0.152E-03  0.000E+00
  1.341  0.014000  0.000    1.341    0.7253    3.7387    3.7387    2.9368    3.0929    0.3021    0.7249    0.4517  1.783E+11  1.0000   3.748  0.000E+00      0.00      0.00      0.00  0.0000 -13.388   0.000  0.0001  0.720E+00  0.266E+00  0.228E-02  0.277E-04  0.659E-03  0.572E-02  0.227E-05  0.129E-04  0.188E-02  0.152E-03  0.000E+00
  1.342  0.014000  0.000    1.341    0.7211    3.7374    3.7374    2.9473    3.1057    0.3121    0.7312    0.4568  1.785E+11  1.0000   3.747  0.000E+00      0.00      0.00      0.00  0.0000 -13.347   0.000  0.0001  0.720E+00  0.266E+00  0.228E-02  0.277E-04  0.659E-03  0.572E-02  0.227E-05  0.129E-04  0.188E-02  0.152E-03  0.000E+00
  1.342  0.014000  0.000    1.341    0.7169    3.7362    3.7362    2.9578    3.1185    0.3221    0.7376    0.4618  1.787E+11  1.0000   3.746  0.000E+00      0.00      0.00      0.00  0.0000 -13.305   0.000  0.0001  0.720E+00  0.266E+00  0.228E-02  0.277E-04  0.659E-03  0.572E-02  0.227E-05  0.129E-04  0.188E-02  0.152E-03  0.000E+00
  1.342  0.014000  0.000    1.341    0.7127    3.7349    3.7349    2.9683    3.1313    0.3323    0.7439    0.4668  1.789E+11  1.0000   3.745  0.000E+00      0.00      0.00      0.00  0.0000 -13.264   0.000  0.0001  0.720E+00  0.266E+00  0.228E-02  0.277E-04  0.659E-03  0.572E-02  0.227E-05  0.129E-04  0.188E-02  0.152E-03  0.000E+00
  1.342  0.014000  0.000    1.341    0.7084    3.7334    3.7334    2.9790    3.1444    0.3439    0.7509    0.4725  1.792E+11  1.0000   3.744  0.000E+00      0.00      0.00      0.00  0.0000 -13.222   0.000  0.0001  0.720E+00  0.266E+00  0.228E-02  0.277E-04  0.659E-03  0.572E-02  0.227E-05  0.129E-04  0.188E-02  0.152E-03  0.000E+00
  1.342  0.014000  0.000    1.342    0.7041    3.7320    3.7320    2.9897    3.1576    0.3559    0.7581    0.4783  1.796E+11  1.0000   3.742  0.000E+00      0.00      0.00      0.00  0.0000 -13.180   0.000  0.0001  0.720E+00  0.266E+00  0.228E-02  0.277E-04  0.659E-03  0.572E-02  0.227E-05  0.129E-04  0.188E-02  0.152E-03  0.000E+00
  1.343  0.014000  0.000    1.342    0.6998    3.7305    3.7305    3.0005    3.1708    0.3682    0.7652    0.4841  1.799E+11  1.0000   3.741  0.000E+00      0.00      0.00      0.00  0.0000 -13.138   0.000  0.0001  0.720E+00  0.266E+00  0.228E-02  0.277E-04  0.659E-03  0.572E-02  0.227E-05  0.129E-04  0.188E-02  0.152E-03  0.000E+00
  1.343  0.014000  0.000    1.342    0.6955    3.7290    3.7290    3.0113    3.1839    0.3805    0.7724    0.4899  1.802E+11  1.0000   3.739  0.000E+00      0.00      0.00      0.00  0.0000 -13.096   0.000  0.0001  0.720E+00  0.266E+00  0.228E-02  0.277E-04  0.659E-03  0.572E-02  0.227E-05  0.129E-04  0.188E-02  0.152E-03  0.000E+00
  1.343  0.014000  0.000    1.342    0.6911    3.7275    3.7275    3.0222    3.1971    0.3931    0.7795    0.4957  1.806E+11  1.0000   3.738  0.000E+00      0.00      0.00      0.00  0.0000 -13.054   0.000  0.0001  0.720E+00  0.266E+00  0.228E-02  0.277E-04  0.659E-03  0.572E-02  0.227E-05  0.129E-04  0.188E-02  0.152E-03  0.000E+00
  1.343  0.014000  0.000    1.343    0.6875    3.7261    3.7261    3.0313    3.2081    0.4048    0.7861    0.5011  1.810E+11  1.0000   3.736  0.000E+00      0.00      0.00      0.00  0.0000 -13.011   0.000  0.0001  0.720E+00  0.266E+00  0.228E-02  0.277E-04  0.659E-03  0.572E-02  0.227E-05  0.129E-04  0.188E-02  0.152E-03  0.000E+00
  1.344  0.014000  0.000    1.343    0.6840    3.7248    3.7248    3.0399    3.2187    0.4165    0.7925    0.5064  1.814E+11  1.0000   3.734  0.000E+00      0.00      0.00      0.00  0.0000 -12.968   0.000  0.0001  0.720E+00  0.266E+00  0.228E-02  0.277E-04  0.659E-03  0.572E-02  0.227E-05  0.129E-04  0.188E-02  0.152E-03  0.000E+00
  1.344  0.014000  0.000    1.343    0.6806    3.7234    3.7234    3.0486    3.2296    0.4285    0.7989    0.5117  1.818E+11  1.0000   3.732  0.000E+00      0.00      0.00      0.00  0.0000 -12.926   0.000  0.0001  0.720E+00  0.266E+00  0.228E-02  0.277E-04  0.659E-03  0.572E-02  0.227E-05  0.129E-04  0.188E-02  0.152E-03  0.000E+00
  1.344  0.014000  0.000    1.343    0.6771    3.7221    3.7221    3.0573    3.2409    0.4409    0.8053    0.5171  1.822E+11  1.0000   3.730  0.000E+00      0.00      0.00      0.00  0.0000 -12.883   0.000  0.0001  0.720E+00  0.266E+00  0.228E-02  0.277E-04  0.659E-03  0.572E-02  0.227E-05  0.129E-04  0.188E-02  0.152E-03  0.000E+00
  1.344  0.014000  0.000    1.344    0.6736    3.7207    3.7207    3.0661    3.2523    0.4535    0.8118    0.5225  1.826E+11  1.0000   3.729  0.000E+00      0.00      0.00      0.00  0.0000 -12.840   0.000  0.0001  0.720E+00  0.266E+00  0.228E-02  0.277E-04  0.659E-03  0.572E-02  0.227E-05  0.129E-04  0.188E-02  0.152E-03  0.000E+00
  1.345  0.014000  0.000    1.344    0.6701    3.7194    3.7194    3.0748    3.2637    0.4662    0.8182    0.5279  1.830E+11  1.0000   3.727  0.000E+00      0.00      0.00      0.00  0.0000 -12.797   0.000  0.0001  0.720E+00  0.266E+00  0.228E-02  0.277E-04  0.659E-03  0.572E-02  0.227E-05  0.129E-04  0.188E-02  0.152E-03  0.000E+00
  1.345  0.014000  0.000    1.344    0.6680    3.7180    3.7180    3.0801    3.2712    0.4795    0.8246    0.5335  1.836E+11  1.0000   3.723  0.000E+00      0.00      0.00      0.00  0.0000 -12.753   0.000  0.0001  0.720E+00  0.266E+00  0.228E-02  0.277E-04  0.659E-03  0.572E-02  0.227E-05  0.129E-04  0.188E-02  0.152E-03  0.000E+00
  1.345  0.014000  0.000    1.344    0.6660    3.7167    3.7167    3.0851    3.2784    0.4931    0.8310    0.5390  1.844E+11  1.0000   3.720  0.000E+00      0.00      0.00      0.00  0.0000 -12.708   0.000  0.0001  0.720E+00  0.266E+00  0.228E-02  0.277E-04  0.659E-03  0.572E-02  0.227E-05  0.129E-04  0.188E-02  0.152E-03  0.000E+00
  1.345  0.014000  0.000    1.344    0.6640    3.7154    3.7154    3.0900    3.2856    0.5068    0.8374    0.5446  1.851E+11  1.0000   3.717  0.000E+00      0.00      0.00      0.00  0.0000 -12.663   0.000  0.0001  0.720E+00  0.266E+00  0.228E-02  0.277E-04  0.659E-03  0.572E-02  0.227E-05  0.129E-04  0.188E-02  0.152E-03  0.000E+00
  1.345  0.014000  0.000    1.345    0.6620    3.7140    3.7140    3.0950    3.2928    0.5206    0.8438    0.5502  1.858E+11  1.0000   3.713  0.000E+00      0.00      0.00      0.00  0.0000 -12.618   0.000  0.0001  0.720E+00  0.266E+00  0.228E-02  0.277E-04  0.659E-03  0.572E-02  0.227E-05  0.129E-04  0.188E-02  0.152E-03  0.000E+00
  1.346  0.014000  0.000    1.345    0.6600    3.7127    3.7127    3.1000    3.3000    0.5346    0.8501    0.5558  1.865E+11  1.0000   3.710  0.000E+00      0.00      0.00      0.00  0.0000 -12.573   0.000  0.0001  0.720E+00  0.266E+00  0.228E-02  0.277E-04  0.659E-03  0.572E-02  0.227E-05  0.129E-04  0.188E-02  0.152E-03  0.000E+00
  1.346  0.014000  0.000    1.345    0.6593    3.7115    3.7115    3.1018    3.3035    0.5473    0.8556    0.5608  1.874E+11  1.0000   3.706  0.000E+00      0.00      0.00      0.00  0.0000 -12.365   0.000  0.0001  0.720E+00  0.266E+00  0.228E-02  0.277E-04  0.659E-03  0.572E-02  0.227E-05  0.129E-04  0.188E-02  0.152E-03  0.000E+00
  1.346  0.014000  0.000    1.346    0.6587    3.7093    3.7093    3.1032    3.3122    0.5645    0.8654    0.5687  1.892E+11  1.0000   3.698  0.000E+00      0.00      0.00      0.00  0.0000 -11.892   0.000  0.0001  0.720E+00  0.266E+00  0.228E-02  0.277E-04  0.659E-03  0.572E-02  0.227E-05  0.129E-04  0.188E-02  0.152E-03  0.000E+00
  1.347  0.014000  0.000    1.346    0.6605    3.7074    3.7074    3.0988    3.3141    0.5791    0.8737    0.5754  1.912E+11  1.0000   3.689  0.000E+00      0.00      0.00      0.00  0.0000 -11.730   0.000  0.0001  0.720E+00  0.266E+00  0.228E-02  0.277E-04  0.659E-03  0.572E-02  0.227E-05  0.129E-04  0.188E-02  0.152E-03  0.000E+00
  1.347  0.014000  0.000    1.346    0.6637    3.7057    3.7057    3.0908    3.3121    0.5923    0.8813    0.5815  1.934E+11  1.0000   3.679  0.000E+00      0.00      0.00      0.00  0.0000 -11.722   0.000  0.0001  0.720E+00  0.266E+00  0.228E-02  0.278E-04  0.659E-03  0.572E-02  0.227E-05  0.129E-04  0.188E-02  0.152E-03  0.000E+00
  1.348  0.014000  0.000    1.347    0.6669    3.7041    3.7041    3.0828    3.3124    0.6069    0.8896    0.5882  1.956E+11  1.0000   3.670  0.000E+00      0.00      0.00      0.00  0.0000 -11.714   0.000  0.0001  0.719E+00  0.266E+00  0.228E-02  0.278E-04  0.659E-03  0.572E-02  0.227E-05  0.129E-04  0.188E-02  0.152E-03  0.000E+00
  1.348  0.014000  0.000    1.347    0.6701    3.7024    3.7024    3.0748    3.3128    0.6215    0.8980    0.5950  1.979E+11  1.0000   3.660  0.000E+00      0.00      0.00      0.00  0.0000 -11.706   0.000  0.0001  0.719E+00  0.266E+00  0.228E-02  0.279E-04  0.659E-03  0.572E-02  0.227E-05  0.129E-04  0.188E-02  0.152E-03  0.000E+00
  1.349  0.014000  0.000    1.348    0.6747    3.7009    3.7009    3.0632    3.3089    0.6350    0.9057    0.6012  2.003E+11  1.0000   3.649  0.000E+00      0.00      0.00      0.00  0.0000 -11.696   0.000  0.0001  0.719E+00  0.266E+00  0.228E-02  0.281E-04  0.659E-03  0.572E-02  0.227E-05  0.129E-04  0.188E-02  0.152E-03  0.000E+00
  1.349  0.014000  0.000    1.348    0.6808    3.6994    3.6994    3.0481    3.3009    0.6474    0.9128    0.6069  2.030E+11  1.0000   3.638  0.000E+00      0.00      0.00      0.00  0.0000 -11.684   0.000  0.0001  0.719E+00  0.266E+00  0.228E-02  0.286E-04  0.659E-03  0.572E-02  0.227E-05  0.129E-04  0.188E-02  0.152E-03  0.000E+00
  1.350  0.014000  0.000    1.349    0.6868    3.6980    3.6980    3.0329    3.2928    0.6598    0.9199    0.6126  2.058E+11  1.0000   3.626  0.000E+00      0.00      0.00      0.00  0.0000 -11.672   0.000  0.0001  0.719E+00  0.267E+00  0.228E-02  0.291E-04  0.659E-03  0.572E-02  0.227E-05  0.129E-04  0.188E-02  0.152E-03  0.000E+00
  1.350  0.014000  0.000    1.349    0.6928    3.6966    3.6966    3.0180    3.2842    0.6760    0.9268    0.6182  2.086E+11  1.0000   3.615  0.000E+00      0.00      0.00      0.00  0.0000 -11.660   0.000  0.0001  0.718E+00  0.267E+00  0.228E-02  0.296E-04  0.659E-03  0.572E-02  0.227E-05  0.129E-04  0.188E-02  0.152E-03  0.000E+00
  1.351  0.014000  0.000    1.350    0.7073    3.6946    3.6946    2.9817    3.2571    0.6991    0.9368    0.6262  2.140E+11  1.0000   3.592  0.000E+00      0.00      0.00      0.00  0.0000 -11.635   0.000  0.0001  0.718E+00  0.267E+00  0.228E-02  0.346E-04  0.660E-03  0.572E-02  0.227E-05  0.129E-04  0.188E-02  0.152E-03  0.000E+00
  1.352  0.014000  0.000    1.351    0.7226    3.6928    3.6928    2.9435    3.2273    0.7204    0.9459    0.6335  2.197E+11  1.0000   3.570  0.000E+00      0.00      0.00      0.00  0.0000 -11.608   0.000  0.0001  0.717E+00  0.268E+00  0.227E-02  0.406E-04  0.661E-03  0.572E-02  0.227E-05  0.129E-04  0.188E-02  0.152E-03  0.000E+00
  1.354  0.014000  0.000    1.353    0.7594    3.6918    3.6918    2.8515    3.1398    0.7318    0.9508    0.6374  2.302E+11  1.0000   3.530  0.000E+00      0.00      0.00      0.00  0.0000 -11.551   0.000  0.0001  0.716E+00  0.269E+00  0.223E-02  0.635E-04  0.683E-03  0.572E-02  0.227E-05  0.129E-04  0.188E-02  0.152E-03  0.000E+00
  1.355  0.014000  0.000    1.354    0.7768    3.6901    3.6901    2.8079    3.1041    0.7523    0.9595    0.6445  2.368E+11  1.0000   3.506  0.000E+00      0.00      0.00      0.00  0.0000 -11.522   0.000  0.0001  0.715E+00  0.270E+00  0.218E-02  0.728E-04  0.726E-03  0.572E-02  0.227E-05  0.128E-04  0.188E-02  0.152E-03  0.000E+00
  1.356  0.014000  0.000    1.355    0.7941    3.6881    3.6881    2.7647    3.0700    0.7752    0.9694    0.6524  2.437E+11  1.0000   3.481  0.000E+00      0.00      0.00      0.00  0.0000 -11.492   0.000  0.0001  0.714E+00  0.271E+00  0.214E-02  0.816E-04  0.773E-03  0.572E-02  0.227E-05  0.128E-04  0.188E-02  0.152E-03  0.000E+00
  1.358  0.014000  0.000    1.356    0.8356    3.6864    3.6864    2.6610    2.9744    0.7958    0.9782    0.6595  2.577E+11  1.0000   3.433  0.000E+00      0.00      0.00      0.00  0.0000 -11.427   0.000  0.0001  0.712E+00  0.274E+00  0.200E-02  0.815E-04  0.928E-03  0.572E-02  0.229E-05  0.125E-04  0.188E-02  0.152E-03  0.000E+00
  1.359  0.014000  0.000    1.358    0.8801    3.6854    3.6854    2.5498    2.8676    0.8071    0.9830    0.6634  2.725E+11  1.0000   3.385  0.000E+00      0.00      0.00      0.00  0.0000 -11.359   0.000  0.0001  0.709E+00  0.276E+00  0.190E-02  0.775E-04  0.106E-02  0.572E-02  0.234E-05  0.121E-04  0.188E-02  0.152E-03  0.000E+00
  1.361  0.014000  0.000    1.360    0.9273    3.6841    3.6841    2.4317    2.7556    0.8226    0.9897    0.6687  2.895E+11  1.0000   3.333  0.000E+00      0.00      0.00      0.00  0.0000 -11.287   0.000  0.0002  0.707E+00  0.279E+00  0.183E-02  0.746E-04  0.114E-02  0.572E-02  0.245E-05  0.117E-04  0.188E-02  0.152E-03  0.000E+00
  1.362  0.014000  0.000    1.361    0.9519    3.6830    3.6830    2.3703    2.6990    0.8349    0.9949    0.6729  2.992E+11  1.0000   3.305  0.000E+00      0.00      0.00      0.00  0.0000 -11.248   0.000  0.0002  0.706E+00  0.280E+00  0.180E-02  0.736E-04  0.118E-02  0.572E-02  0.253E-05  0.115E-04  0.188E-02  0.152E-03  0.000E+00
  1.363  0.014000  0.000    1.362    0.9766    3.6819    3.6819    2.3084    2.6423    0.8481    1.0006    0.6775  3.095E+11  1.0000   3.276  0.000E+00      0.00      0.00      0.00  0.0000 -11.208   0.000  0.0002  0.705E+00  0.281E+00  0.178E-02  0.726E-04  0.121E-02  0.572E-02  0.262E-05  0.113E-04  0.188E-02  0.152E-03  0.000E+00
  1.364  0.014000  0.000    1.363    1.0034    3.6807    3.6807    2.2415    2.5806    0.8614    1.0063    0.6821  3.209E+11  1.0000   3.245  0.000E+00      0.00      0.00      0.00  0.0000 -11.166   0.000  0.0002  0.704E+00  0.282E+00  0.176E-02  0.718E-04  0.123E-02  0.572E-02  0.275E-05  0.112E-04  0.188E-02  0.152E-03  0.000E+00
  1.365  0.014000  0.000    1.363    1.0310    3.6796    3.6796    2.1726    2.5169    0.8747    1.0120    0.6867  3.329E+11  1.0000   3.213  0.000E+00      0.00      0.00      0.00  0.0000 -11.123   0.000  0.0002  0.703E+00  0.283E+00  0.174E-02  0.711E-04  0.125E-02  0.572E-02  0.290E-05  0.111E-04  0.188E-02  0.152E-03  0.000E+00
  1.366  0.014000  0.000    1.364    1.0598    3.6784    3.6784    2.1006    2.4504    0.8887    1.0180    0.6915  3.461E+11  1.0000   3.180  0.000E+00      0.00      0.00      0.00  0.0000 -11.077   0.000  0.0002  0.701E+00  0.284E+00  0.172E-02  0.703E-04  0.128E-02  0.572E-02  0.317E-05  0.110E-04  0.188E-02  0.152E-03  0.000E+00
  1.367  0.014000  0.000    1.365    1.0891    3.6772    3.6772    2.0272    2.3827    0.9030    1.0241    0.6964  3.600E+11  1.0000   3.146  0.000E+00      0.00      0.00      0.00  0.0000 -11.031   0.000  0.0002  0.700E+00  0.285E+00  0.170E-02  0.695E-04  0.130E-02  0.572E-02  0.350E-05  0.108E-04  0.188E-02  0.152E-03  0.000E+00
  1.368  0.014000  0.000    1.366    1.1232    3.6761    3.6761    1.9420    2.3023    0.9152    1.0294    0.7006  3.762E+11  1.0000   3.108  0.000E+00      0.00      0.00      0.00  0.0000 -10.978   0.000  0.0003  0.700E+00  0.286E+00  0.169E-02  0.692E-04  0.131E-02  0.572E-02  0.366E-05  0.108E-04  0.188E-02  0.152E-03  0.000E+00
  1.369  0.014000  0.000    1.367    1.1594    3.6751    3.6751    1.8515    2.2162    0.9266    1.0343    0.7046  3.940E+11  1.0000   3.068  0.000E+00      0.00      0.00      0.00  0.0000 -10.922   0.000  0.0003  0.700E+00  0.286E+00  0.168E-02  0.691E-04  0.132E-02  0.572E-02  0.373E-05  0.108E-04  0.188E-02  0.152E-03  0.000E+00
  1.370  0.014000  0.000    1.368    1.1977    3.6734    3.6734    1.7559    2.1289    0.9456    1.0431    0.7116  4.151E+11  1.0000   3.023  0.000E+00      0.00      0.00      0.00  0.0000 -10.862   0.000  0.0003  0.699E+00  0.286E+00  0.168E-02  0.688E-04  0.132E-02  0.572E-02  0.397E-05  0.107E-04  0.188E-02  0.152E-03  0.000E+00
  1.370  0.014000  0.000    1.368    1.2172    3.6723    3.6723    1.7069    2.0852    0.9553    1.0483    0.7159  4.266E+11  1.0000   2.999  0.000E+00      0.00      0.00      0.00  0.0000 -10.831   0.000  0.0003  0.699E+00  0.286E+00  0.167E-02  0.686E-04  0.133E-02  0.572E-02  0.414E-05  0.107E-04  0.188E-02  0.152E-03  0.000E+00
  1.371  0.014000  0.000    1.368    1.2368    3.6713    3.6713    1.6579    2.0416    0.9650    1.0536    0.7202  4.385E+11  1.0000   2.975  0.000E+00      0.00      0.00      0.00  0.0000 -10.800   0.000  0.0003  0.698E+00  0.287E+00  0.167E-02  0.684E-04  0.134E-02  0.572E-02  0.430E-05  0.107E-04  0.188E-02  0.152E-03  0.000E+00
  1.371  0.014000  0.000    1.369    1.2575    3.6701    3.6701    1.6062    1.9954    0.9753    1.0593    0.7247  4.514E+11  1.0000   2.950  0.000E+00      0.00      0.00      0.00  0.0000 -10.766   0.000  0.0003  0.698E+00  0.287E+00  0.166E-02  0.683E-04  0.134E-02  0.572E-02  0.443E-05  0.106E-04  0.188E-02  0.152E-03  0.000E+00
  1.372  0.014000  0.000    1.369    1.2816    3.6688    3.6688    1.5461    1.9421    0.9876    1.0660    0.7301  4.669E+11  1.0000   2.921  0.000E+00      0.00      0.00      0.00  0.0000 -10.728   0.000  0.0004  0.698E+00  0.287E+00  0.166E-02  0.683E-04  0.134E-02  0.572E-02  0.444E-05  0.106E-04  0.188E-02  0.152E-03  0.000E+00
  1.372  0.014000  0.000    1.369    1.3056    3.6675    3.6675    1.4861    1.8887    0.9999    1.0727    0.7355  4.830E+11  1.0000   2.892  0.000E+00      0.00      0.00      0.00  0.0000 -10.689   0.000  0.0004  0.698E+00  0.287E+00  0.166E-02  0.683E-04  0.134E-02  0.572E-02  0.445E-05  0.106E-04  0.188E-02  0.152E-03  0.000E+00
  1.372  0.014000  0.000    1.370    1.3296    3.6661    3.6661    1.4261    1.8354    1.0121    1.0793    0.7409  4.996E+11  1.0000   2.862  0.000E+00      0.00      0.00      0.00  0.0000 -10.650   0.000  0.0004  0.698E+00  0.287E+00  0.166E-02  0.683E-04  0.134E-02  0.572E-02  0.446E-05  0.106E-04  0.188E-02  0.152E-03  0.000E+00
  1.373  0.014000  0.000    1.370    1.3546    3.6648    3.6648    1.3634    1.7796    1.0246    1.0861    0.7464  5.174E+11  1.0000   2.832  0.000E+00      0.00      0.00      0.00  0.0000 -10.609   0.000  0.0004  0.698E+00  0.287E+00  0.166E-02  0.683E-04  0.134E-02  0.572E-02  0.447E-05  0.106E-04  0.188E-02  0.152E-03  0.000E+00
  1.373  0.014000  0.000    1.371    1.3843    3.6633    3.6633    1.2893    1.7128    1.0380    1.0934    0.7523  5.390E+11  1.0000   2.797  0.000E+00      0.00      0.00      0.00  0.0000 -10.562   0.000  0.0005  0.698E+00  0.287E+00  0.166E-02  0.683E-04  0.134E-02  0.572E-02  0.448E-05  0.106E-04  0.188E-02  0.152E-03  0.000E+00
  1.374  0.014000  0.000    1.371    1.4139    3.6618    3.6618    1.2153    1.6460    1.0514    1.1008    0.7583  5.615E+11  1.0000   2.761  0.000E+00      0.00      0.00      0.00  0.0000 -10.515   0.000  0.0005  0.698E+00  0.287E+00  0.166E-02  0.683E-04  0.134E-02  0.572E-02  0.449E-05  0.106E-04  0.188E-02  0.152E-03  0.000E+00
  1.374  0.014000  0.000    1.371    1.4435    3.6604    3.6604    1.1412    1.5793    1.0648    1.1081    0.7642  5.849E+11  1.0000   2.726  0.000E+00      0.00      0.00      0.00  0.0000 -10.468   0.000  0.0005  0.698E+00  0.287E+00  0.166E-02  0.683E-04  0.134E-02  0.572E-02  0.450E-05  0.106E-04  0.188E-02  0.152E-03  0.000E+00
  1.375  0.014000  0.000    1.371    1.4739    3.6588    3.6588    1.0653    1.5111    1.0790    1.1158    0.7705  6.100E+11  1.0000   2.690  0.000E+00      0.00      0.00      0.00  0.0000 -10.420   0.000  0.0006  0.698E+00  0.287E+00  0.166E-02  0.683E-04  0.134E-02  0.572E-02  0.451E-05  0.106E-04  0.188E-02  0.152E-03  0.000E+00
  1.375  0.014000  0.000    1.372    1.4922    3.6577    3.6577    1.0195    1.4708    1.0891    1.1213    0.7750  6.262E+11  1.0000   2.667  0.000E+00      0.00      0.00      0.00  0.0000 -10.390   0.000  0.0006  0.698E+00  0.287E+00  0.166E-02  0.683E-04  0.134E-02  0.572E-02  0.451E-05  0.106E-04  0.188E-02  0.152E-03  0.000E+00
  1.375  0.014000  0.000    1.372    1.5105    3.6566    3.6566    0.9737    1.4305    1.0991    1.1268    0.7794  6.428E+11  1.0000   2.644  0.000E+00      0.00      0.00      0.00  0.0000 -10.360   0.000  0.0006  0.698E+00  0.287E+00  0.166E-02  0.683E-04  0.134E-02  0.572E-02  0.452E-05  0.106E-04  0.188E-02  0.152E-03  0.000E+00
  1.376  0.014000  0.000    1.372    1.5288    3.6555    3.6555    0.9279    1.3902    1.1092    1.1323    0.7839  6.598E+11  1.0000   2.621  0.000E+00      0.00      0.00      0.00  0.0000 -10.330   0.000  0.0007  0.698E+00  0.287E+00  0.166E-02  0.683E-04  0.135E-02  0.572E-02  0.452E-05  0.106E-04  0.188E-02  0.152E-03  0.000E+00
  1.376  0.014000  0.000    1.372    1.5471    3.6544    3.6544    0.8822    1.3499    1.1192    1.1378    0.7884  6.773E+11  1.0000   2.599  0.000E+00      0.00      0.00      0.00  0.0000 -10.301   0.000  0.0007  0.698E+00  0.287E+00  0.166E-02  0.683E-04  0.135E-02  0.572E-02  0.453E-05  0.106E-04  0.188E-02  0.152E-03  0.000E+00
  1.376  0.014000  0.000    1.372    1.5654    3.6534    3.6534    0.8364    1.3097    1.1293    1.1432    0.7928  6.952E+11  1.0000   2.576  0.000E+00      0.00      0.00      0.00  0.0000 -10.271   0.000  0.0007  0.698E+00  0.287E+00  0.166E-02  0.683E-04  0.135E-02  0.572E-02  0.453E-05  0.106E-04  0.188E-02  0.152E-03  0.000E+00
  1.376  0.014000  0.000    1.372    1.5837    3.6523    3.6523    0.7907    1.2694    1.1393    1.1487    0.7973  7.136E+11  1.0000   2.554  0.000E+00      0.00      0.00      0.00  0.0000 -10.241   0.000  0.0007  0.698E+00  0.287E+00  0.166E-02  0.683E-04  0.135E-02  0.572E-02  0.454E-05  0.106E-04  0.188E-02  0.152E-03  0.000E+00
  1.376  0.014000  0.000    1.372    1.6020    3.6512    3.6512    0.7450    1.2292    1.1494    1.1542    0.8018  7.324E+11  1.0000   2.531  0.000E+00      0.00      0.00      0.00  0.0000 -10.212   0.000  0.0008  0.698E+00  0.287E+00  0.166E-02  0.683E-04  0.135E-02  0.572E-02  0.454E-05  0.106E-04  0.188E-02  0.152E-03  0.000E+00
  1.377  0.014000  0.000    1.372    1.6235    3.6499    3.6499    0.6913    1.1817    1.1606    1.1603    0.8068  7.550E+11  1.0000   2.505  0.000E+00      0.00      0.00      0.00  0.0000 -10.177   0.000  0.0008  0.698E+00  0.287E+00  0.166E-02  0.683E-04  0.135E-02  0.572E-02  0.455E-05  0.106E-04  0.188E-02  0.152E-03  0.000E+00
  1.378  0.014000  0.000    1.373    1.6366    3.6494    3.6494    0.6586    1.1520    1.1656    1.1628    0.8089  7.683E+11  1.0000   2.490  0.000E+00      0.00      0.00      0.00  0.0000 -10.157   0.000  0.0008  0.698E+00  0.287E+00  0.166E-02  0.683E-04  0.135E-02  0.572E-02  0.457E-05  0.106E-04  0.188E-02  0.152E-03  0.000E+00
  1.379  0.014000  0.000    1.373    1.6678    3.6478    3.6478    0.5804    1.0837    1.1819    1.1709    0.8155  8.024E+11  1.0000   2.452  0.000E+00      0.00      0.00      0.00  0.0000 -10.107   0.000  0.0009  0.698E+00  0.287E+00  0.166E-02  0.682E-04  0.135E-02  0.572E-02  0.459E-05  0.106E-04  0.188E-02  0.152E-03  0.000E+00
  1.379  0.014000  0.000    1.373    1.6940    3.6463    3.6463    0.5149    1.0275    1.1972    1.1786    0.8219  8.328E+11  1.0000   2.419  0.000E+00      0.00      0.00      0.00  0.0000 -10.064   0.000  0.0010  0.698E+00  0.287E+00  0.166E-02  0.682E-04  0.135E-02  0.572E-02  0.459E-05  0.106E-04  0.188E-02  0.152E-03  0.000E+00
  1.379  0.014000  0.000    1.373    1.7202    3.6447    3.6447    0.4494    0.9713    1.2126    1.1863    0.8282  8.644E+11  1.0000   2.387  0.000E+00      0.00      0.00      0.00  0.0000 -10.022   0.000  0.0010  0.698E+00  0.287E+00  0.166E-02  0.682E-04  0.135E-02  0.572E-02  0.460E-05  0.106E-04  0.188E-02  0.152E-03  0.000E+00
  1.379  0.014000  0.000    1.373    1.7464    3.6432    3.6432    0.3839    0.9152    1.2279    1.1940    0.8345  8.972E+11  1.0000   2.355  0.000E+00      0.00      0.00      0.00  0.0000  -9.980   0.000  0.0011  0.698E+00  0.287E+00  0.166E-02  0.682E-04  0.135E-02  0.572E-02  0.460E-05  0.106E-04  0.188E-02  0.152E-03  0.000E+00
  1.380  0.014000  0.000    1.373    1.7726    3.6417    3.6417    0.3184    0.8590    1.2433    1.2017    0.8409  9.313E+11  1.0000   2.322  0.000E+00      0.00      0.00      0.00  0.0000  -9.937   0.000  0.0012  0.698E+00  0.287E+00  0.166E-02  0.682E-04  0.135E-02  0.572E-02  0.461E-05  0.106E-04  0.188E-02  0.152E-03  0.000E+00
  1.380  0.014000  0.000    1.373    1.7988    3.6401    3.6401    0.2530    0.8029    1.2587    1.2093    0.8473  9.666E+11  1.0000   2.290  0.000E+00      0.00      0.00      0.00  0.0000  -9.895   0.000  0.0012  0.698E+00  0.287E+00  0.166E-02  0.682E-04  0.135E-02  0.572E-02  0.461E-05  0.106E-04  0.188E-02  0.152E-03  0.000E+00
  1.380  0.014000  0.000    1.373    1.8250    3.6386    3.6386    0.1875    0.7467    1.2740    1.2170    0.8537  1.003E+12  1.0000   2.258  0.000E+00      0.00      0.00      0.00  0.0000  -9.852   0.000  0.0013  0.698E+00  0.287E+00  0.166E-02  0.682E-04  0.135E-02  0.572E-02  0.462E-05  0.106E-04  0.188E-02  0.152E-03  0.000E+00
  1.380  0.014000  0.000    1.373    1.8512    3.6371    3.6371    0.1221    0.6906    1.2894    1.2247    0.8601  1.041E+12  1.0000   2.225  0.000E+00      0.00      0.00      0.00  0.0000  -9.810   0.000  0.0014  0.698E+00  0.287E+00  0.166E-02  0.682E-04  0.135E-02  0.572E-02  0.462E-05  0.106E-04  0.188E-02  0.152E-03  0.000E+00
  1.381  0.014000  0.000    1.372    1.8663    3.6361    3.6361    0.0842    0.6583    1.2986    1.2293    0.8639  1.064E+12  1.0000   2.207  0.000E+00      0.00      0.00      0.00  0.0000  -9.786   0.000  0.0014  0.698E+00  0.287E+00  0.166E-02  0.682E-04  0.135E-02  0.572E-02  0.462E-05  0.106E-04  0.188E-02  0.152E-03  0.000E+00
  1.381  0.014000  0.000    1.372    1.8886    3.6347    3.6347    0.0285    0.6116    1.3134    1.2367    0.8701  1.099E+12  1.0000   2.178  0.000E+00      0.00      0.00      0.00  0.0000  -9.749   0.000  0.0015  0.698E+00  0.287E+00  0.166E-02  0.682E-04  0.135E-02  0.572E-02  0.463E-05  0.106E-04  0.188E-02  0.152E-03  0.000E+00
  1.381  0.014000  0.000    1.372    1.9109    3.6332    3.6332   -0.0271    0.5649    1.3281    1.2441    0.8763  1.135E+12  1.0000   2.150  0.000E+00      0.00      0.00      0.00  0.0000  -9.713   0.000  0.0016  0.698E+00  0.287E+00  0.166E-02  0.682E-04  0.135E-02  0.572E-02  0.463E-05  0.106E-04  0.188E-02  0.152E-03  0.000E+00
  1.381  0.014000  0.000    1.372    1.9331    3.6317    3.6317   -0.0828    0.5182    1.3429    1.2514    0.8825  1.173E+12  1.0000   2.122  0.000E+00      0.00      0.00      0.00  0.0000  -9.676   0.000  0.0017  0.698E+00  0.287E+00  0.166E-02  0.682E-04  0.135E-02  0.572E-02  0.463E-05  0.106E-04  0.188E-02  0.152E-03  0.000E+00
  1.381  0.014000  0.000    1.371    1.9554    3.6302    3.6302   -0.1384    0.4716    1.3576    1.2588    0.8888  1.211E+12  1.0000   2.094  0.000E+00      0.00      0.00      0.00  0.0000  -9.640   0.000  0.0019  0.698E+00  0.287E+00  0.166E-02  0.682E-04  0.135E-02  0.572E-02  0.463E-05  0.106E-04  0.188E-02  0.152E-03  0.000E+00
  1.381  0.014000  0.000    1.371    1.9776    3.6288    3.6288   -0.1941    0.4249    1.3724    1.2662    0.8950  1.251E+12  1.0000   2.065  0.000E+00      0.00      0.00      0.00  0.0000  -9.603   0.000  0.0020  0.698E+00  0.287E+00  0.166E-02  0.682E-04  0.135E-02  0.572E-02  0.463E-05  0.106E-04  0.188E-02  0.152E-03  0.000E+00
  1.381  0.014000  0.000    1.371    1.9999    3.6273    3.6273   -0.2497    0.3782    1.3871    1.2736    0.9013  1.293E+12  1.0000   2.037  0.000E+00      0.00      0.00      0.00  0.0000  -9.567   0.000  0.0021  0.698E+00  0.287E+00  0.166E-02  0.682E-04  0.135E-02  0.572E-02  0.464E-05  0.106E-04  0.188E-02  0.152E-03  0.000E+00
  1.381  0.014000  0.000    1.371    2.0221    3.6258    3.6258   -0.3053    0.3315    1.4019    1.2809    0.9075  1.335E+12  1.0000   2.009  0.000E+00      0.00      0.00      0.00  0.0000  -9.530   0.000  0.0022  0.698E+00  0.287E+00  0.166E-02  0.682E-04  0.135E-02  0.572E-02  0.464E-05  0.106E-04  0.188E-02  0.152E-03  0.000E+00
  1.381  0.014000  0.000    1.370    2.0444    3.6243    3.6243   -0.3610    0.2849    1.4166    1.2883    0.9138  1.379E+12  1.0000   1.981  0.000E+00      0.00      0.00      0.00  0.0000  -9.494   0.000  0.0023  0.698E+00  0.287E+00  0.166E-02  0.682E-04  0.135E-02  0.572E-02  0.464E-05  0.106E-04  0.188E-02  0.152E-03  0.000E+00
  1.382  0.014000  0.000    1.370    2.0666    3.6229    3.6229   -0.4166    0.2382    1.4314    1.2957    0.9202  1.425E+12  1.0000   1.952  0.000E+00      0.00      0.00      0.00  0.0000  -9.458   0.000  0.0024  0.698E+00  0.287E+00  0.166E-02  0.682E-04  0.135E-02  0.572E-02  0.464E-05  0.106E-04  0.188E-02  0.152E-03  0.000E+00
  1.382  0.014000  0.000    1.370    2.0889    3.6214    3.6214   -0.4722    0.1931    1.4457    1.3031    0.9265  1.471E+12  1.0000   1.924  0.000E+00      0.00      0.00      0.00  0.0000  -9.421   0.000  0.0025  0.698E+00  0.287E+00  0.166E-02  0.682E-04  0.135E-02  0.572E-02  0.465E-05  0.106E-04  0.188E-02  0.152E-03  0.000E+00
  1.382  0.014000  0.000    1.369    2.1111    3.6199    3.6199   -0.5278    0.1503    1.4595    1.3104    0.9329  1.520E+12  1.0000   1.896  0.000E+00      0.00      0.00      0.00  0.0000  -9.385   0.000  0.0026  0.698E+00  0.287E+00  0.166E-02  0.682E-04  0.135E-02  0.572E-02  0.465E-05  0.106E-04  0.188E-02  0.152E-03  0.000E+00
  1.382  0.014000  0.000    1.369    2.1334    3.6184    3.6184   -0.5834    0.1074    1.4732    1.3178    0.9393  1.570E+12  1.0000   1.868  0.000E+00      0.00      0.00      0.00  0.0000  -9.348   0.000  0.0027  0.698E+00  0.287E+00  0.166E-02  0.682E-04  0.135E-02  0.572E-02  0.465E-05  0.106E-04  0.188E-02  0.152E-03  0.000E+00
  1.382  0.014000  0.000    1.369    2.1556    3.6170    3.6170   -0.6390    0.0646    1.4870    1.3252    0.9457  1.622E+12  1.0000   1.839  0.000E+00      0.00      0.00      0.00  0.0000  -9.312   0.000  0.0029  0.698E+00  0.287E+00  0.166E-02  0.682E-04  0.135E-02  0.572E-02  0.465E-05  0.106E-04  0.188E-02  0.152E-03  0.000E+00
  1.382  0.014000  0.000    1.369    2.1778    3.6155    3.6155   -0.6946    0.0218    1.5008    1.3325    0.9521  1.675E+12  1.0000   1.811  0.000E+00      0.00      0.00      0.00  0.0000  -9.276   0.000  0.0030  0.698E+00  0.287E+00  0.166E-02  0.682E-04  0.135E-02  0.572E-02  0.466E-05  0.106E-04  0.188E-02  0.152E-03  0.000E+00
  1.382  0.014000  0.000    1.368    2.2001    3.6140    3.6140   -0.7502   -0.0210    1.5145    1.3399    0.9586  1.730E+12  1.0000   1.783  0.000E+00      0.00      0.00      0.00  0.0000  -9.239   0.000  0.0031  0.698E+00  0.287E+00  0.166E-02  0.682E-04  0.135E-02  0.572E-02  0.466E-05  0.106E-04  0.188E-02  0.152E-03  0.000E+00
  1.382  0.014000  0.000    1.367    2.2285    3.6119    3.6119   -0.8213   -0.0738    1.5342    1.3505    0.9679  1.805E+12  1.0000   1.746  0.000E+00      0.00      0.00      0.00  0.0000  -9.192   0.000  0.0036  0.698E+00  0.287E+00  0.166E-02  0.682E-04  0.135E-02  0.572E-02  0.466E-05  0.106E-04  0.188E-02  0.152E-03  0.000E+00
  1.383  0.014000  0.000    1.357    2.3034    3.6050    3.6050   -1.0084   -0.2011    1.5987    1.3850    0.9986  2.031E+12  1.0000   1.640  0.000E+00      0.00      0.00      0.00  0.0000  -9.062   0.000  0.0069  0.698E+00  0.287E+00  0.166E-02  0.682E-04  0.135E-02  0.572E-02  0.466E-05  0.106E-04  0.188E-02  0.152E-03  0.000E+00
  1.383  0.014000  0.000    1.347    2.3782    3.5981    3.5981   -1.1955   -0.3284    1.6631    1.4195    1.0300  2.286E+12  1.0000   1.534  0.000E+00      0.00      0.00      0.00  0.0000  -8.933   0.000  0.0103  0.698E+00  0.287E+00  0.166E-02  0.682E-04  0.135E-02  0.572E-02  0.467E-05  0.106E-04  0.188E-02  0.152E-03  0.000E+00
  1.383  0.014000  0.000    1.337    2.4530    3.5912    3.5912   -1.3826   -0.4506    1.7253    1.4540    1.0622  2.572E+12  1.0000   1.429  0.000E+00      0.00      0.00      0.00  0.0000  -8.804   0.000  0.0137  0.698E+00  0.287E+00  0.166E-02  0.682E-04  0.135E-02  0.572E-02  0.467E-05  0.106E-04  0.188E-02  0.152E-03  0.000E+00
  1.383  0.014000  0.000    1.327    2.5278    3.5843    3.5843   -1.5696   -0.5341    1.7713    1.4885    1.0951  2.893E+12  1.0000   1.323  0.000E+00      0.00      0.00      0.00  0.0000  -8.674   0.000  0.0170  0.698E+00  0.287E+00  0.165E-02  0.682E-04  0.135E-02  0.572E-02  0.467E-05  0.106E-04  0.188E-02  0.152E-03  0.000E+00
  1.383  0.014000  0.000    1.317    2.6026    3.5774    3.5774   -1.7566   -0.6176    1.8173    1.5230    1.1290  3.255E+12  1.0000   1.217  0.000E+00      0.00      0.00      0.00  0.0000  -8.545   0.000  0.0204  0.698E+00  0.287E+00  0.165E-02  0.682E-04  0.135E-02  0.572E-02  0.467E-05  0.106E-04  0.188E-02  0.152E-03  0.000E+00
  1.383  0.014000  0.000    1.307    2.6774    3.5705    3.5705   -1.9435   -0.6988    1.8447    1.5481    1.1543  3.662E+12  1.0000   1.112  0.000E+00      0.00      0.00      0.00  0.0000  -8.416   0.000  0.0238  0.698E+00  0.287E+00  0.165E-02  0.682E-04  0.135E-02  0.572E-02  0.467E-05  0.106E-04  0.188E-02  0.152E-03  0.000E+00
  1.383  0.014000  0.000    1.297    2.7522    3.5636    3.5636   -2.1304   -0.7776    1.8538    1.5642    1.1708  4.120E+12  1.0000   1.006  0.000E+00      0.00      0.00      0.00  0.0000  -8.286   0.000  0.0271  0.698E+00  0.287E+00  0.165E-02  0.682E-04  0.135E-02  0.572E-02  0.468E-05  0.106E-04  0.188E-02  0.152E-03  0.000E+00
  1.383  0.014000  0.000    1.287    2.8269    3.5567    3.5567   -2.3172   -0.8565    1.8630    1.5803    1.1875  4.636E+12  1.0000   0.900  0.000E+00      0.00      0.00      0.00  0.0000  -8.157   0.000  0.0305  0.698E+00  0.287E+00  0.165E-02  0.682E-04  0.135E-02  0.572E-02  0.468E-05  0.106E-04  0.188E-02  0.152E-03  0.000E+00
  1.384  0.014000  0.000    1.277    2.9016    3.5498    3.5498   -2.5040   -0.9353    1.8722    1.5964    1.2045  5.215E+12  1.0000   0.795  0.000E+00      0.00      0.00      0.00  0.0000  -8.028   0.000  0.0338  0.698E+00  0.287E+00  0.165E-02  0.682E-04  0.135E-02  0.572E-02  0.468E-05  0.106E-04  0.188E-02  0.152E-03  0.000E+00
  1.384  0.014000  0.000    1.267    2.9763    3.5429    3.5429   -2.6908   -1.0141    1.8814    1.6125    1.2217  5.867E+12  1.0000   0.689  0.000E+00      0.00      0.00      0.00  0.0000  -7.899   0.000  0.0372  0.698E+00  0.287E+00  0.165E-02  0.682E-04  0.135E-02  0.572E-02  0.468E-05  0.106E-04  0.188E-02  0.152E-03  0.000E+00
  1.384  0.014000  0.000    1.257    3.0510    3.5360    3.5360   -2.8775   -1.3754    1.9374    1.7050    1.3396  6.599E+12  1.0000   0.583  0.000E+00      0.00      0.00      0.00  0.0000  -7.770   0.000  0.0405  0.698E+00  0.287E+00  0.165E-02  0.682E-04  0.135E-02  0.572E-02  0.469E-05  0.106E-04  0.188E-02  0.152E-03  0.000E+00
  1.384  0.014000  0.000    1.247    3.1257    3.5292    3.5292   -3.0642   -1.4997    1.9525    1.7093    1.3439  7.424E+12  1.0000   0.478  0.000E+00      0.00      0.00      0.00  0.0000  -7.640   0.000  0.0439  0.698E+00  0.287E+00  0.165E-02  0.682E-04  0.135E-02  0.572E-02  0.469E-05  0.106E-04  0.188E-02  0.152E-03  0.000E+00
  1.384  0.014000  0.000    1.237    3.2003    3.5223    3.5223   -3.2509   -1.6239    1.9675    1.7136    1.3482  8.351E+12  1.0000   0.372  0.000E+00      0.00      0.00      0.00  0.0000  -7.511   0.000  0.0473  0.698E+00  0.287E+00  0.165E-02  0.682E-04  0.135E-02  0.572E-02  0.469E-05  0.106E-04  0.188E-02  0.152E-03  0.000E+00
  1.384  0.014000  0.000    1.227    3.2750    3.5154    3.5154   -3.4375   -1.7481    1.9826    1.7179    1.3525  9.393E+12  1.0000   0.266  0.000E+00      0.00      0.00      0.00  0.0000  -7.382   0.000  0.0506  0.698E+00  0.287E+00  0.165E-02  0.682E-04  0.135E-02  0.572E-02  0.469E-05  0.106E-04  0.188E-02  0.152E-03  0.000E+00
