  0.800  0.014000  0.000    0.800   -0.5687    3.6882    3.6882    6.1718    6.5592    0.4892    0.9542    0.5957  5.075E+10  1.0000   4.615  0.000E+00      0.00      0.00      0.00  0.0000   0.000   0.000  0.0000  0.730E+00  0.256E+00  0.222E-02  0.268E-04  0.641E-03  0.557E-02  0.220E-05  0.125E-04  0.183E-02  0.148E-03  0.000E+00
  0.804  0.014000  0.000    0.804   -0.5587    3.6897    3.6897    6.1467    6.5288    0.4815    0.9465    0.5909  5.098E+10  1.0000   4.613  0.000E+00      0.00      0.00      0.00  0.0000   0.000   0.000  0.0000  0.730E+00  0.256E+00  0.222E-02  0.268E-04  0.641E-03  0.557E-02  0.220E-05  0.125E-04  0.183E-02  0.148E-03  0.000E+00
  0.807  0.014000  0.000    0.807   -0.5486    3.6912    3.6912    6.1216    6.4985    0.4739    0.9389    0.5861  5.121E+10  1.0000   4.611  0.000E+00      0.00      0.00      0.00  0.0000   0.000   0.000  0.0000  0.730E+00  0.256E+00  0.222E-02  0.268E-04  0.641E-03  0.557E-02  0.220E-05  0.125E-04  0.183E-02  0.148E-03  0.000E+00
  0.811  0.014000  0.000    0.811   -0.5386    3.6927    3.6927    6.0966    6.4683    0.4664    0.9314    0.5812  5.144E+10  1.0000   4.610  0.000E+00      0.00      0.00      0.00  0.0000   0.000   0.000  0.0000  0.730E+00  0.256E+00  0.222E-02  0.268E-04  0.641E-03  0.557E-02  0.220E-05  0.125E-04  0.183E-02  0.148E-03  0.000E+00
  0.815  0.014000  0.000    0.815   -0.5287    3.6942    3.6942    6.0717    6.4383    0.4588    0.9238    0.5764  5.168E+10  1.0000   4.608  0.000E+00      0.00      0.00      0.00  0.0000   0.000   0.000  0.0000  0.730E+00  0.256E+00  0.222E-02  0.268E-04  0.641E-03  0.557E-02  0.220E-05  0.125E-04  0.183E-02  0.148E-03  0.000E+00
  0.819  0.014000  0.000    0.819   -0.5188    3.6957    3.6957    6.0469    6.4083    0.4513    0.9163    0.5717  5.191E+10  1.0000   4.606  0.000E+00      0.00      0.00      0.00  0.0000   0.000   0.000  0.0000  0.731E+00  0.256E+00  0.222E-02  0.268E-04  0.640E-03  0.557E-02  0.220E-05  0.125E-04  0.183E-02  0.148E-03  0.000E+00
  0.822  0.014000  0.000    0.822   -0.5089    3.6972    3.6972    6.0222    6.3785    0.4438    0.9088    0.5669  5.214E+10  1.0000   4.604  0.000E+00      0.00      0.00      0.00  0.0000   0.000   0.000  0.0000  0.731E+00  0.256E+00  0.221E-02  0.268E-04  0.640E-03  0.556E-02  0.220E-05  0.125E-04  0.183E-02  0.148E-03  0.000E+00
  0.826  0.014000  0.000    0.826   -0.4990    3.6987    3.6987    5.9975    6.3487    0.4364    0.9014    0.5621  5.238E+10  1.0000   4.602  0.000E+00      0.00      0.00      0.00  0.0000   0.000   0.000  0.0000  0.731E+00  0.256E+00  0.221E-02  0.268E-04  0.640E-03  0.556E-02  0.220E-05  0.125E-04  0.183E-02  0.148E-03  0.000E+00
  0.830  0.014000  0.000    0.830   -0.4892    3.7002    3.7002    5.9730    6.3191    0.4289    0.8942    0.5576  5.261E+10  1.0000   4.600  0.000E+00      0.00      0.00      0.00  0.0000   0.000   0.000  0.0000  0.731E+00  0.255E+00  0.221E-02  0.268E-04  0.640E-03  0.556E-02  0.220E-05  0.125E-04  0.183E-02  0.147E-03  0.000E+00
  0.834  0.014000  0.000    0.834   -0.4794    3.7017    3.7017    5.9485    6.2896    0.4215    0.8872    0.5531  5.285E+10  1.0000   4.598  0.000E+00      0.00      0.00      0.00  0.0000   0.000   0.000  0.0000  0.731E+00  0.255E+00  0.221E-02  0.268E-04  0.640E-03  0.556E-02  0.220E-05  0.125E-04  0.183E-02  0.147E-03  0.000E+00
  0.837  0.014000  0.000    0.837   -0.4696    3.7032    3.7032    5.9241    6.2601    0.4142    0.8802    0.5486  5.308E+10  1.0000   4.596  0.000E+00      0.00      0.00      0.00  0.0000   0.000   0.000  0.0000  0.731E+00  0.255E+00  0.221E-02  0.268E-04  0.639E-03  0.556E-02  0.220E-05  0.125E-04  0.183E-02  0.147E-03  0.000E+00
  0.841  0.014000  0.000    0.841   -0.4599    3.7046    3.7046    5.8998    6.2308    0.4068    0.8732    0.5441  5.332E+10  1.0000   4.594  0.000E+00      0.00      0.00      0.00  0.0000   0.000   0.000  0.0000  0.731E+00  0.255E+00  0.221E-02  0.267E-04  0.639E-03  0.556E-02  0.220E-05  0.125E-04  0.183E-02  0.147E-03  0.000E+00
  0.845  0.014000  0.000    0.845   -0.4502    3.7061    3.7061    5.8756    6.2015    0.3995    0.8662    0.5396  5.355E+10  1.0000   4.592  0.000E+00      0.00      0.00      0.00  0.0000   0.000   0.000  0.0000  0.731E+00  0.255E+00  0.221E-02  0.267E-04  0.639E-03  0.555E-02  0.220E-05  0.125E-04  0.183E-02  0.147E-03  0.000E+00
  0.848  0.014000  0.000    0.848   -0.4406    3.7076    3.7076    5.8514    6.1724    0.3922    0.8593    0.5351  5.379E+10  1.0000   4.590  0.000E+00      0.00      0.00      0.00  0.0000   0.000   0.000  0.0000  0.731E+00  0.255E+00  0.221E-02  0.267E-04  0.639E-03  0.555E-02  0.220E-05  0.125E-04  0.183E-02  0.147E-03  0.000E+00
  0.852  0.014000  0.000    0.852   -0.4309    3.7090    3.7090    5.8273    6.1434    0.3850    0.8524    0.5306  5.403E+10  1.0000   4.588  0.000E+00      0.00      0.00      0.00  0.0000   0.000   0.000  0.0000  0.732E+00  0.255E+00  0.221E-02  0.267E-04  0.639E-03  0.555E-02  0.219E-05  0.125E-04  0.183E-02  0.147E-03  0.000E+00
  0.856  0.014000  0.000    0.856   -0.4213    3.7104    3.7104    5.8033    6.1144    0.3778    0.8455    0.5262  5.427E+10  1.0000   4.586  0.000E+00      0.00      0.00      0.00  0.0000   0.000   0.000  0.0000  0.732E+00  0.255E+00  0.221E-02  0.267E-04  0.638E-03  0.555E-02  0.219E-05  0.125E-04  0.183E-02  0.147E-03  0.000E+00
  0.860  0.014000  0.000    0.860   -0.4118    3.7119    3.7119    5.7794    6.0856    0.3706    0.8386    0.5217  5.451E+10  1.0000   4.584  0.000E+00      0.00      0.00      0.00  0.0000   0.000   0.000  0.0000  0.732E+00  0.255E+00  0.221E-02  0.267E-04  0.638E-03  0.555E-02  0.219E-05  0.125E-04  0.183E-02  0.147E-03  0.000E+00
  0.863  0.014000  0.000    0.863   -0.4022    3.7133    3.7133    5.7555    6.0568    0.3634    0.8318    0.5172  5.474E+10  1.0000   4.583  0.000E+00      0.00      0.00      0.00  0.0000   0.000   0.000  0.0000  0.732E+00  0.254E+00  0.221E-02  0.267E-04  0.638E-03  0.555E-02  0.219E-05  0.125E-04  0.183E-02  0.147E-03  0.000E+00
  0.867  0.014000  0.000    0.867   -0.3927    3.7148    3.7148    5.7317    6.0281    0.3562    0.8250    0.5128  5.498E+10  1.0000   4.581  0.000E+00      0.00      0.00      0.00  0.0000   0.000   0.000  0.0000  0.732E+00  0.254E+00  0.221E-02  0.267E-04  0.638E-03  0.555E-02  0.219E-05  0.125E-04  0.182E-02  0.147E-03  0.000E+00
  0.871  0.014000  0.000    0.871   -0.3832    3.7162    3.7162    5.7080    5.9995    0.3491    0.8182    0.5083  5.522E+10  1.0000   4.579  0.000E+00      0.00      0.00      0.00  0.0000   0.000   0.000  0.0000  0.732E+00  0.254E+00  0.221E-02  0.267E-04  0.638E-03  0.554E-02  0.219E-05  0.124E-04  0.182E-02  0.147E-03  0.000E+00
  0.874  0.014000  0.000    0.874   -0.3737    3.7176    3.7176    5.6844    5.9710    0.3420    0.8114    0.5039  5.547E+10  1.0000   4.577  0.000E+00      0.00      0.00      0.00  0.0000   0.000   0.000  0.0000  0.732E+00  0.254E+00  0.221E-02  0.267E-04  0.638E-03  0.554E-02  0.219E-05  0.124E-04  0.182E-02  0.147E-03  0.000E+00
  0.878  0.014000  0.000    0.878   -0.3643    3.7190    3.7190    5.6608    5.9426    0.3349    0.8047    0.4994  5.571E+10  1.0000   4.575  0.000E+00      0.00      0.00      0.00  0.0000   0.000   0.000  0.0000  0.732E+00  0.254E+00  0.220E-02  0.267E-04  0.637E-03  0.554E-02  0.219E-05  0.124E-04  0.182E-02  0.147E-03  0.000E+00
  0.882  0.014000  0.000    0.882   -0.3549    3.7204    3.7204    5.6372    5.9142    0.3279    0.7979    0.4949  5.595E+10  1.0000   4.573  0.000E+00      0.00      0.00      0.00  0.0000   0.000   0.000  0.0000  0.732E+00  0.254E+00  0.220E-02  0.266E-04  0.637E-03  0.554E-02  0.219E-05  0.124E-04  0.182E-02  0.147E-03  0.000E+00
  0.886  0.014000  0.000    0.886   -0.3455    3.7218    3.7218    5.6138    5.8860    0.3209    0.7909    0.4902  5.619E+10  1.0000   4.571  0.000E+00      0.00      0.00      0.00  0.0000   0.000   0.000  0.0000  0.733E+00  0.254E+00  0.220E-02  0.266E-04  0.637E-03  0.554E-02  0.219E-05  0.124E-04  0.182E-02  0.147E-03  0.000E+00
  0.889  0.014000  0.000    0.889   -0.3362    3.7232    3.7232    5.5904    5.8578    0.3139    0.7839    0.4855  5.644E+10  1.0000   4.569  0.000E+00      0.00      0.00      0.00  0.0000   0.000   0.000  0.0000  0.733E+00  0.254E+00  0.220E-02  0.266E-04  0.637E-03  0.554E-02  0.219E-05  0.124E-04  0.182E-02  0.147E-03  0.000E+00
  0.893  0.014000  0.000    0.893   -0.3268    3.7246    3.7246    5.5671    5.8297    0.3069    0.7769    0.4808  5.668E+10  1.0000   4.567  0.000E+00      0.00      0.00      0.00  0.0000   0.000   0.000  0.0000  0.733E+00  0.254E+00  0.220E-02  0.266E-04  0.637E-03  0.553E-02  0.219E-05  0.124E-04  0.182E-02  0.147E-03  0.000E+00
  0.897  0.014000  0.000    0.897   -0.3175    3.7260    3.7260    5.5439    5.8017    0.3000    0.7700    0.4761  5.693E+10  1.0000   4.565  0.000E+00      0.00      0.00      0.00  0.0000   0.000   0.000  0.0000  0.733E+00  0.253E+00  0.220E-02  0.266E-04  0.636E-03  0.553E-02  0.219E-05  0.124E-04  0.182E-02  0.147E-03  0.000E+00
  0.901  0.014000  0.000    0.901   -0.3083    3.7274    3.7274    5.5206    5.7739    0.2932    0.7632    0.4715  5.718E+10  1.0000   4.563  0.000E+00      0.00      0.00      0.00  0.0000   0.000   0.000  0.0000  0.733E+00  0.253E+00  0.220E-02  0.266E-04  0.636E-03  0.553E-02  0.219E-05  0.124E-04  0.182E-02  0.147E-03  0.000E+00
  0.904  0.014000  0.000    0.904   -0.2990    3.7286    3.7286    5.4974    5.7464    0.2870    0.7570    0.4673  5.747E+10  1.0000   4.561  0.000E+00      0.00      0.00      0.00  0.0000   0.000   0.000  0.0000  0.733E+00  0.253E+00  0.220E-02  0.266E-04  0.636E-03  0.553E-02  0.219E-05  0.124E-04  0.182E-02  0.147E-03  0.000E+00
  0.908  0.014000  0.000    0.908   -0.2897    3.7298    3.7298    5.4742    5.7190    0.2809    0.7509    0.4631  5.776E+10  1.0000   4.558  0.000E+00      0.00      0.00      0.00  0.0000   0.000   0.000  0.0000  0.733E+00  0.253E+00  0.220E-02  0.266E-04  0.636E-03  0.553E-02  0.218E-05  0.124E-04  0.182E-02  0.147E-03  0.000E+00
  0.912  0.014000  0.000    0.912   -0.2804    3.7310    3.7310    5.4511    5.6918    0.2748    0.7448    0.4589  5.805E+10  1.0000   4.555  0.000E+00      0.00      0.00      0.00  0.0000   0.000   0.000  0.0000  0.734E+00  0.253E+00  0.220E-02  0.266E-04  0.635E-03  0.552E-02  0.218E-05  0.124E-04  0.182E-02  0.147E-03  0.000E+00
  0.915  0.014000  0.000    0.915   -0.2712    3.7322    3.7322    5.4280    5.6645    0.2688    0.7388    0.4547  5.834E+10  1.0000   4.553  0.000E+00      0.00      0.00      0.00  0.0000   0.000   0.000  0.0000  0.734E+00  0.253E+00  0.220E-02  0.265E-04  0.635E-03  0.552E-02  0.218E-05  0.124E-04  0.182E-02  0.146E-03  0.000E+00
  0.919  0.014000  0.000    0.919   -0.2620    3.7335    3.7335    5.4050    5.6374    0.2627    0.7327    0.4505  5.864E+10  1.0000   4.550  0.000E+00      0.00      0.00      0.00  0.0000   0.000   0.000  0.0000  0.734E+00  0.253E+00  0.220E-02  0.265E-04  0.635E-03  0.552E-02  0.218E-05  0.124E-04  0.182E-02  0.146E-03  0.000E+00
  0.923  0.014000  0.000    0.923   -0.2528    3.7347    3.7347    5.3821    5.6104    0.2567    0.7267    0.4463  5.894E+10  1.0000   4.547  0.000E+00      0.00      0.00      0.00  0.0000   0.000   0.000  0.0000  0.734E+00  0.252E+00  0.219E-02  0.265E-04  0.635E-03  0.552E-02  0.218E-05  0.124E-04  0.182E-02  0.146E-03  0.000E+00
  0.927  0.014000  0.000    0.927   -0.2437    3.7358    3.7358    5.3592    5.5834    0.2508    0.7208    0.4422  5.923E+10  1.0000   4.545  0.000E+00      0.00      0.00      0.00  0.0000   0.000   0.000  0.0000  0.734E+00  0.252E+00  0.219E-02  0.265E-04  0.634E-03  0.552E-02  0.218E-05  0.124E-04  0.182E-02  0.146E-03  0.000E+00
  0.930  0.014000  0.000    0.930   -0.2345    3.7370    3.7370    5.3364    5.5565    0.2448    0.7148    0.4380  5.953E+10  1.0000   4.542  0.000E+00      0.00      0.00      0.00  0.0000   0.000   0.000  0.0000  0.734E+00  0.252E+00  0.219E-02  0.265E-04  0.634E-03  0.551E-02  0.218E-05  0.124E-04  0.181E-02  0.146E-03  0.000E+00
  0.934  0.014000  0.000    0.934   -0.2254    3.7382    3.7382    5.3136    5.5297    0.2389    0.7089    0.4338  5.983E+10  1.0000   4.540  0.000E+00      0.00      0.00      0.00  0.0000   0.000   0.000  0.0000  0.735E+00  0.252E+00  0.219E-02  0.265E-04  0.634E-03  0.551E-02  0.218E-05  0.124E-04  0.181E-02  0.146E-03  0.000E+00
  0.938  0.014000  0.000    0.938   -0.2164    3.7394    3.7394    5.2909    5.5030    0.2330    0.7030    0.4296  6.014E+10  1.0000   4.537  0.000E+00      0.00      0.00      0.00  0.0000   0.000   0.000  0.0000  0.735E+00  0.252E+00  0.219E-02  0.265E-04  0.633E-03  0.551E-02  0.218E-05  0.124E-04  0.181E-02  0.146E-03  0.000E+00
  0.945  0.014000  0.000    0.945   -0.1982    3.7417    3.7417    5.2456    5.4497    0.2214    0.6932    0.4226  6.075E+10  1.0000   4.532  0.000E+00      0.00      0.00      0.00  0.0000   0.000   0.000  0.0000  0.735E+00  0.251E+00  0.219E-02  0.264E-04  0.633E-03  0.550E-02  0.217E-05  0.123E-04  0.181E-02  0.146E-03  0.000E+00
  0.953  0.014000  0.000    0.953   -0.1802    3.7440    3.7440    5.2006    5.3968    0.2099    0.6841    0.4161  6.137E+10  1.0000   4.526  0.000E+00      0.00      0.00      0.00  0.0000   0.000   0.000  0.0000  0.735E+00  0.251E+00  0.219E-02  0.264E-04  0.632E-03  0.550E-02  0.217E-05  0.123E-04  0.181E-02  0.146E-03  0.000E+00
  0.960  0.014000  0.000    0.960   -0.1623    3.7463    3.7463    5.1557    5.3441    0.1984    0.6751    0.4095  6.199E+10  1.0000   4.521  0.000E+00      0.00      0.00      0.00  0.0000   0.000   0.000  0.0000  0.736E+00  0.251E+00  0.218E-02  0.264E-04  0.632E-03  0.549E-02  0.217E-05  0.123E-04  0.181E-02  0.146E-03  0.000E+00
  0.968  0.014000  0.000    0.968   -0.1444    3.7486    3.7486    5.1111    5.2917    0.1871    0.6661    0.4030  6.262E+10  1.0000   4.515  0.000E+00      0.00      0.00      0.00  0.0000   0.000   0.000  0.0000  0.736E+00  0.250E+00  0.218E-02  0.263E-04  0.631E-03  0.549E-02  0.217E-05  0.123E-04  0.181E-02  0.146E-03  0.000E+00
  0.975  0.014000  0.000    0.975   -0.1267    3.7508    3.7508    5.0666    5.2396    0.1759    0.6573    0.3965  6.326E+10  1.0000   4.510  0.000E+00      0.00      0.00      0.00  0.0000   0.000   0.000  0.0000  0.737E+00  0.250E+00  0.218E-02  0.263E-04  0.630E-03  0.548E-02  0.217E-05  0.123E-04  0.181E-02  0.145E-03  0.000E+00
  0.983  0.014000  0.000    0.983   -0.1089    3.7530    3.7530    5.0224    5.1877    0.1648    0.6485    0.3901  6.390E+10  1.0000   4.504  0.000E+00      0.00      0.00      0.00  0.0000   0.000   0.000  0.0000  0.737E+00  0.250E+00  0.218E-02  0.263E-04  0.630E-03  0.548E-02  0.216E-05  0.123E-04  0.180E-02  0.145E-03  0.000E+00
  0.990  0.014000  0.000    0.990   -0.0913    3.7552    3.7552    4.9783    5.1361    0.1538    0.6398    0.3836  6.456E+10  1.0000   4.499  0.000E+00      0.00      0.00      0.00  0.0000   0.000   0.000  0.0000  0.737E+00  0.249E+00  0.217E-02  0.262E-04  0.629E-03  0.547E-02  0.216E-05  0.123E-04  0.180E-02  0.145E-03  0.000E+00
  0.997  0.014000  0.000    0.997   -0.0737    3.7574    3.7574    4.9343    5.0847    0.1428    0.6312    0.3771  6.522E+10  1.0000   4.493  0.000E+00      0.00      0.00      0.00  0.0000   0.000   0.000  0.0000  0.738E+00  0.249E+00  0.217E-02  0.262E-04  0.628E-03  0.547E-02  0.216E-05  0.123E-04  0.180E-02  0.145E-03  0.000E+00
  1.005  0.014000  0.000    1.005   -0.0562    3.7595    3.7595    4.8905    5.0338    0.1326    0.6231    0.3711  6.593E+10  1.0000   4.487  0.000E+00      0.00      0.00      0.00  0.0000   0.000   0.000  0.0000  0.738E+00  0.248E+00  0.217E-02  0.262E-04  0.627E-03  0.546E-02  0.216E-05  0.122E-04  0.180E-02  0.145E-03  0.000E+00
  1.012  0.014000  0.000    1.012   -0.0387    3.7614    3.7614    4.8466    4.9833    0.1229    0.6154    0.3652  6.667E+10  1.0000   4.481  0.000E+00      0.00      0.00      0.00  0.0000   0.000   0.000  0.0000  0.739E+00  0.247E+00  0.216E-02  0.261E-04  0.626E-03  0.545E-02  0.215E-05  0.122E-04  0.180E-02  0.144E-03  0.000E+00
  1.020  0.014000  0.000    1.020   -0.0212    3.7634    3.7634    4.8030    4.9330    0.1132    0.6078    0.3594  6.742E+10  1.0000   4.474  0.000E+00      0.00      0.00      0.00  0.0000   0.000   0.000  0.0000  0.740E+00  0.246E+00  0.216E-02  0.260E-04  0.624E-03  0.543E-02  0.215E-05  0.122E-04  0.179E-02  0.144E-03  0.000E+00
  1.027  0.014000  0.000    1.027   -0.0038    3.7653    3.7653    4.7595    4.8830    0.1036    0.6002    0.3536  6.817E+10  1.0000   4.467  0.000E+00      0.00      0.00      0.00  0.0000   0.000   0.000  0.0000  0.741E+00  0.245E+00  0.215E-02  0.259E-04  0.623E-03  0.542E-02  0.214E-05  0.121E-04  0.179E-02  0.144E-03  0.000E+00
  1.035  0.014000  0.000    1.035    0.0135    3.7672    3.7672    4.7162    4.8332    0.0941    0.5927    0.3478  6.894E+10  1.0000   4.461  0.000E+00      0.00      0.00      0.00  0.0000   0.000   0.000  0.0000  0.742E+00  0.244E+00  0.215E-02  0.259E-04  0.621E-03  0.541E-02  0.213E-05  0.121E-04  0.178E-02  0.143E-03  0.000E+00
  1.042  0.014000  0.000    1.042    0.0308    3.7691    3.7691    4.6730    4.7836    0.0847    0.5853    0.3421  6.972E+10  1.0000   4.454  0.000E+00      0.00      0.00      0.00  0.0000   0.000   0.000  0.0000  0.743E+00  0.244E+00  0.214E-02  0.258E-04  0.620E-03  0.540E-02  0.213E-05  0.121E-04  0.178E-02  0.143E-03  0.000E+00
  1.050  0.014000  0.000    1.050    0.0480    3.7709    3.7709    4.6300    4.7342    0.0754    0.5780    0.3364  7.051E+10  1.0000   4.448  0.000E+00      0.00      0.00      0.00  0.0000   0.000   0.000  0.0000  0.744E+00  0.243E+00  0.213E-02  0.257E-04  0.618E-03  0.538E-02  0.212E-05  0.120E-04  0.178E-02  0.143E-03  0.000E+00
  1.057  0.014000  0.000    1.057    0.0651    3.7727    3.7727    4.5871    4.6851    0.0663    0.5707    0.3307  7.131E+10  1.0000   4.441  0.000E+00      0.00      0.00      0.00  0.0000   0.000   0.000  0.0000  0.745E+00  0.242E+00  0.213E-02  0.256E-04  0.616E-03  0.537E-02  0.212E-05  0.120E-04  0.177E-02  0.142E-03  0.000E+00
  1.064  0.014000  0.000    1.064    0.0822    3.7746    3.7746    4.5444    4.6362    0.0572    0.5636    0.3251  7.213E+10  1.0000   4.434  0.000E+00      0.00      0.00      0.00  0.0000   0.000   0.000  0.0000  0.746E+00  0.240E+00  0.212E-02  0.255E-04  0.615E-03  0.536E-02  0.211E-05  0.120E-04  0.177E-02  0.142E-03  0.000E+00
  1.072  0.014000  0.000    1.072    0.0993    3.7763    3.7763    4.5018    4.5875    0.0483    0.5565    0.3195  7.295E+10  1.0000   4.427  0.000E+00      0.00      0.00      0.00  0.0000   0.000   0.000  0.0000  0.747E+00  0.239E+00  0.211E-02  0.255E-04  0.613E-03  0.534E-02  0.211E-05  0.119E-04  0.176E-02  0.142E-03  0.000E+00
  1.079  0.014000  0.000    1.079    0.1162    3.7781    3.7781    4.4594    4.5391    0.0398    0.5496    0.3140  7.379E+10  1.0000   4.420  0.000E+00      0.00      0.00      0.00  0.0000   0.000   0.000  0.0000  0.749E+00  0.238E+00  0.211E-02  0.254E-04  0.611E-03  0.533E-02  0.210E-05  0.119E-04  0.176E-02  0.141E-03  0.000E+00
  1.087  0.014000  0.000    1.087    0.1332    3.7798    3.7798    4.4171    4.4929    0.0370    0.5431    0.3088  7.464E+10  1.0000   4.413  0.000E+00      0.00      0.00      0.00  0.0000   0.000   0.000  0.0000  0.750E+00  0.237E+00  0.210E-02  0.253E-04  0.609E-03  0.531E-02  0.209E-05  0.118E-04  0.175E-02  0.141E-03  0.000E+00
  1.094  0.014000  0.000    1.094    0.1500    3.7816    3.7816    4.3749    4.4468    0.0343    0.5368    0.3037  7.551E+10  1.0000   4.406  0.000E+00      0.00      0.00      0.00  0.0000   0.000   0.000  0.0000  0.751E+00  0.236E+00  0.209E-02  0.252E-04  0.607E-03  0.529E-02  0.209E-05  0.118E-04  0.175E-02  0.140E-03  0.000E+00
  1.102  0.014000  0.000    1.102    0.1662    3.7831    3.7831    4.3345    4.4027    0.0318    0.5309    0.2989  7.637E+10  1.0000   4.399  0.000E+00      0.00      0.00      0.00  0.0000   0.000   0.000  0.0000  0.752E+00  0.235E+00  0.209E-02  0.251E-04  0.606E-03  0.528E-02  0.208E-05  0.118E-04  0.175E-02  0.140E-03  0.000E+00
  1.117  0.014000  0.000    1.117    0.1941    3.7856    3.7856    4.2648    4.3274    0.0278    0.5216    0.2914  7.795E+10  1.0000   4.387  0.000E+00      0.00      0.00      0.00  0.0000   0.000   0.000  0.0000  0.749E+00  0.238E+00  0.210E-02  0.253E-04  0.610E-03  0.532E-02  0.210E-05  0.119E-04  0.176E-02  0.141E-03  0.000E+00
  1.132  0.014000  0.000    1.132    0.2217    3.7881    3.7881    4.1958    4.2527    0.0238    0.5125    0.2840  7.956E+10  1.0000   4.375  0.000E+00      0.00      0.00      0.00  0.0000   0.000   0.000  0.0000  0.746E+00  0.240E+00  0.212E-02  0.255E-04  0.615E-03  0.535E-02  0.211E-05  0.120E-04  0.177E-02  0.142E-03  0.000E+00
  1.146  0.014000  0.000    1.146    0.2490    3.7905    3.7905    4.1275    4.1789    0.0200    0.5035    0.2767  8.120E+10  1.0000   4.363  0.000E+00      0.00      0.00      0.00  0.0000   0.000   0.000  0.0000  0.744E+00  0.243E+00  0.214E-02  0.258E-04  0.619E-03  0.539E-02  0.213E-05  0.121E-04  0.178E-02  0.143E-03  0.000E+00
  1.161  0.014000  0.000    1.161    0.2760    3.7928    3.7928    4.0599    4.1060    0.0163    0.4949    0.2695  8.288E+10  1.0000   4.351  0.000E+00      0.00      0.00      0.00  0.0000   0.000   0.000  0.0000  0.741E+00  0.246E+00  0.216E-02  0.260E-04  0.624E-03  0.543E-02  0.215E-05  0.122E-04  0.179E-02  0.144E-03  0.000E+00
  1.176  0.014000  0.000    1.176    0.3027    3.7951    3.7951    3.9932    4.0341    0.0126    0.4865    0.2626  8.458E+10  1.0000   4.339  0.000E+00      0.00      0.00      0.00  0.0000   0.000   0.000  0.0000  0.738E+00  0.249E+00  0.217E-02  0.263E-04  0.629E-03  0.548E-02  0.216E-05  0.123E-04  0.180E-02  0.145E-03  0.000E+00
  1.191  0.014000  0.000    1.191    0.3291    3.7973    3.7973    3.9272    3.9631    0.0092    0.4784    0.2558  8.632E+10  1.0000   4.327  0.000E+00      0.00      0.00      0.00  0.0000   0.000   0.000  0.0000  0.734E+00  0.252E+00  0.220E-02  0.265E-04  0.635E-03  0.552E-02  0.218E-05  0.124E-04  0.182E-02  0.146E-03  0.000E+00
  1.206  0.014000  0.000    1.206    0.3552    3.7994    3.7994    3.8621    3.8932    0.0058    0.4705    0.2493  8.808E+10  1.0000   4.315  0.000E+00      0.00      0.00      0.00  0.0000   0.000   0.000  0.0000  0.731E+00  0.255E+00  0.222E-02  0.268E-04  0.641E-03  0.557E-02  0.220E-05  0.125E-04  0.183E-02  0.148E-03  0.000E+00
  1.221  0.014000  0.000    1.221    0.3809    3.8014    3.8014    3.7979    3.8243    0.0025    0.4630    0.2429  8.988E+10  1.0000   4.302  0.000E+00      0.00      0.00      0.00  0.0000   0.000   0.000  0.0000  0.727E+00  0.259E+00  0.224E-02  0.271E-04  0.647E-03  0.562E-02  0.222E-05  0.126E-04  0.185E-02  0.149E-03  0.000E+00
  1.236  0.014000  0.000    1.236    0.4062    3.8034    3.8034    3.7344    3.7564   -0.0006    0.4557    0.2368  9.171E+10  1.0000   4.290  0.000E+00      0.00      0.00      0.00  0.0000   0.000   0.000  0.0000  0.724E+00  0.263E+00  0.226E-02  0.274E-04  0.653E-03  0.567E-02  0.224E-05  0.128E-04  0.186E-02  0.150E-03  0.000E+00
  1.251  0.014000  0.000    1.251    0.4315    3.8053    3.8053    3.6714    3.6890   -0.0036    0.4487    0.2308  9.360E+10  1.0000   4.278  0.000E+00      0.00      0.00      0.00  0.0000   0.000   0.000  0.0000  0.720E+00  0.266E+00  0.228E-02  0.277E-04  0.659E-03  0.572E-02  0.227E-05  0.129E-04  0.188E-02  0.152E-03  0.000E+00
  1.266  0.014000  0.000    1.266    0.4608    3.8074    3.8074    3.5981    3.6109   -0.0070    0.4409    0.2242  9.588E+10  1.0000   4.262  0.000E+00      0.00      0.00      0.00  0.0000   0.000   0.000  0.0000  0.720E+00  0.266E+00  0.228E-02  0.277E-04  0.659E-03  0.572E-02  0.227E-05  0.129E-04  0.188E-02  0.152E-03  0.000E+00
  1.281  0.014000  0.000    1.281    0.4896    3.8093    3.8093    3.5259    3.5344   -0.0101    0.4337    0.2181  9.824E+10  1.0000   4.246  0.000E+00      0.00      0.00      0.00  0.0000   0.000   0.000  0.0000  0.720E+00  0.266E+00  0.228E-02  0.277E-04  0.659E-03  0.572E-02  0.227E-05  0.129E-04  0.188E-02  0.152E-03  0.000E+00
  1.295  0.014000  0.000    1.295    0.5182    3.8110    3.8110    3.4546    3.4591   -0.0128    0.4273    0.2126  1.007E+11  1.0000   4.229  0.000E+00      0.00      0.00      0.00  0.0000   0.000   0.000  0.0000  0.720E+00  0.266E+00  0.228E-02  0.277E-04  0.659E-03  0.572E-02  0.227E-05  0.129E-04  0.188E-02  0.152E-03  0.000E+00
  1.325  0.014000  0.000    1.325    0.5736    3.8133    3.8133    3.3160    3.3156   -0.0156    0.4189    0.2054  1.062E+11  1.0000   4.193  0.000E+00      0.00      0.00      0.00  0.0000   0.000   0.000  0.0001  0.720E+00  0.266E+00  0.228E-02  0.277E-04  0.659E-03  0.572E-02  0.227E-05  0.129E-04  0.188E-02  0.152E-03  0.000E+00
  1.355  0.014000  0.000    1.355    0.6254    3.8141    3.8141    3.1864    3.1850   -0.0148    0.4166    0.2034  1.124E+11  1.0000   4.154  0.000E+00      0.00      0.00      0.00  0.0000   0.000   0.000  0.0001  0.720E+00  0.266E+00  0.228E-02  0.277E-04  0.659E-03  0.572E-02  0.227E-05  0.129E-04  0.188E-02  0.152E-03  0.000E+00
  1.385  0.014000  0.000    1.385    0.6714    3.8128    3.8128    3.0715    3.0720   -0.0156    0.4209    0.2071  1.192E+11  1.0000   4.112  0.000E+00      0.00      0.00      0.00  0.0000   0.000   0.000  0.0001  0.720E+00  0.266E+00  0.228E-02  0.277E-04  0.659E-03  0.572E-02  0.227E-05  0.129E-04  0.188E-02  0.152E-03  0.000E+00
  1.400  0.014000  0.000    1.400    0.6941    3.8114    3.8114    3.0148    3.0185   -0.0134    0.4260    0.2115  1.231E+11  1.0000   4.088  0.000E+00      0.00      0.00      0.00  0.0000   0.000   0.000  0.0001  0.720E+00  0.266E+00  0.228E-02  0.277E-04  0.659E-03  0.572E-02  0.227E-05  0.129E-04  0.188E-02  0.152E-03  0.000E+00
  1.430  0.014000  0.000    1.430    0.7430    3.8090    3.8090    2.8924    2.9017   -0.0095    0.4350    0.2192  1.317E+11  1.0000   4.039  0.000E+00      0.00      0.00      0.00  0.0000   0.000   0.000  0.0001  0.720E+00  0.266E+00  0.228E-02  0.277E-04  0.659E-03  0.572E-02  0.227E-05  0.129E-04  0.188E-02  0.152E-03  0.000E+00
  1.437  0.014000  0.000    1.437    0.7613    3.8098    3.8098    2.8467    2.8541   -0.0108    0.4320    0.2167  1.340E+11  1.0000   4.026  0.000E+00      0.00      0.00      0.00  0.0000   0.000   0.000  0.0001  0.720E+00  0.266E+00  0.228E-02  0.277E-04  0.659E-03  0.572E-02  0.227E-05  0.129E-04  0.188E-02  0.152E-03  0.000E+00
  1.441  0.014000  0.000    1.441    0.7755    3.8113    3.8113    2.8113    2.8151   -0.0134    0.4261    0.2116  1.353E+11  1.0000   4.019  0.000E+00      0.00      0.00      0.00  0.0000   0.000   0.000  0.0001  0.720E+00  0.266E+00  0.228E-02  0.277E-04  0.659E-03  0.572E-02  0.227E-05  0.129E-04  0.188E-02  0.152E-03  0.000E+00
  1.443  0.014000  0.000    1.443    0.7860    3.8130    3.8130    2.7850    2.7850   -0.0160    0.4200    0.2063  1.359E+11  1.0000   4.016  0.000E+00      0.00      0.00      0.00  0.0000   0.000   0.000  0.0001  0.720E+00  0.266E+00  0.228E-02  0.277E-04  0.659E-03  0.572E-02  0.227E-05  0.129E-04  0.188E-02  0.152E-03  0.000E+00
  1.443  0.014000  0.000    1.443    0.7932    3.8145    3.8145    2.7669    2.7651   -0.0144    0.4154    0.2024  1.361E+11  1.0000   4.015  0.000E+00      0.00      0.00      0.00  0.0000   0.000   0.000  0.0001  0.720E+00  0.266E+00  0.228E-02  0.277E-04  0.659E-03  0.572E-02  0.227E-05  0.129E-04  0.188E-02  0.152E-03  0.000E+00
  1.444  0.014000  0.000    1.444    0.8025    3.8165    3.8165    2.7439    2.7395   -0.0120    0.4090    0.1968  1.362E+11  1.0000   4.014  0.000E+00      0.00      0.00      0.00  0.0000   0.000   0.000  0.0001  0.720E+00  0.266E+00  0.228E-02  0.277E-04  0.659E-03  0.572E-02  0.227E-05  0.129E-04  0.188E-02  0.152E-03  0.000E+00
  1.445  0.014000  0.000    1.445    0.8089    3.8181    3.8181    2.7278    2.7214   -0.0103    0.4042    0.1927  1.363E+11  1.0000   4.014  0.000E+00      0.00      0.00      0.00  0.0000   0.000   0.000  0.0001  0.720E+00  0.266E+00  0.228E-02  0.277E-04  0.659E-03  0.572E-02  0.227E-05  0.129E-04  0.188E-02  0.152E-03  0.000E+00
  1.445  0.014000  0.000    1.445    0.8170    3.8199    3.8199    2.7076    2.6989   -0.0082    0.3984    0.1877  1.364E+11  1.0000   4.013  0.000E+00      0.00      0.00      0.00  0.0000   0.000   0.000  0.0001  0.720E+00  0.266E+00  0.228E-02  0.277E-04  0.659E-03  0.572E-02  0.227E-05  0.129E-04  0.188E-02  0.152E-03  0.000E+00
  1.446  0.014000  0.000    1.446    0.8271    3.8222    3.8222    2.6824    2.6709   -0.0057    0.3913    0.1815  1.365E+11  1.0000   4.013  0.000E+00      0.00      0.00      0.00  0.0000   0.000   0.000  0.0001  0.720E+00  0.266E+00  0.228E-02  0.277E-04  0.659E-03  0.572E-02  0.227E-05  0.129E-04  0.188E-02  0.152E-03  0.000E+00
  1.446  0.014000  0.000    1.446    0.8404    3.8251    3.8251    2.6491    2.6339   -0.0024    0.3821    0.1735  1.368E+11  1.0000   4.011  0.000E+00      0.00      0.00      0.00  0.0000   0.000   0.000  0.0001  0.720E+00  0.266E+00  0.228E-02  0.277E-04  0.659E-03  0.572E-02  0.227E-05  0.129E-04  0.188E-02  0.152E-03  0.000E+00
  1.447  0.014000  0.000    1.447    0.8478    3.8268    3.8268    2.6304    2.6133   -0.0005    0.3770    0.1691  1.369E+11  1.0000   4.010  0.000E+00      0.00      0.00      0.00  0.0000   0.000   0.000  0.0001  0.720E+00  0.266E+00  0.228E-02  0.277E-04  0.659E-03  0.572E-02  0.227E-05  0.129E-04  0.188E-02  0.152E-03  0.000E+00
  1.447  0.014000  0.000    1.447    0.8637    3.8299    3.8299    2.5907    2.5696    0.0031    0.3671    0.1604  1.374E+11  1.0000   4.007  0.000E+00      0.00      0.00      0.00  0.0000   0.000   0.000  0.0001  0.720E+00  0.266E+00  0.228E-02  0.277E-04  0.659E-03  0.572E-02  0.227E-05  0.129E-04  0.188E-02  0.152E-03  0.000E+00
  1.448  0.014000  0.000    1.448    0.8750    3.8297    3.8297    2.5626    2.5416    0.0028    0.3677    0.1609  1.394E+11  1.0000   3.996  0.000E+00      0.00      0.00      0.00  0.0000   0.000   0.000  0.0001  0.720E+00  0.266E+00  0.228E-02  0.277E-04  0.659E-03  0.572E-02  0.227E-05  0.129E-04  0.188E-02  0.152E-03  0.000E+00
  1.450  0.014000  0.000    1.450    0.8834    3.8276    3.8276    2.5415    2.5233    0.0004    0.3744    0.1668  1.421E+11  1.0000   3.979  0.000E+00      0.00      0.00      0.00  0.0000   0.000   0.000  0.0001  0.720E+00  0.266E+00  0.228E-02  0.277E-04  0.659E-03  0.572E-02  0.227E-05  0.129E-04  0.188E-02  0.152E-03  0.000E+00
  1.454  0.014000  0.000    1.454    0.8926    3.8261    3.8261    2.5186    2.5022   -0.0012    0.3789    0.1708  1.446E+11  1.0000   3.965  0.000E+00      0.00      0.00      0.00  0.0000   0.000   0.000  0.0001  0.720E+00  0.266E+00  0.228E-02  0.277E-04  0.659E-03  0.572E-02  0.227E-05  0.129E-04  0.188E-02  0.152E-03  0.000E+00
  1.461  0.014000  0.000    1.461    0.9100    3.8233    3.8233    2.4749    2.4620   -0.0044    0.3878    0.1785  1.494E+11  1.0000   3.939  0.000E+00      0.00      0.00      0.00  0.0000   0.000   0.000  0.0001  0.720E+00  0.266E+00  0.228E-02  0.277E-04  0.659E-03  0.572E-02  0.227E-05  0.129E-04  0.188E-02  0.152E-03  0.000E+00
  1.465  0.014000  0.000    1.465    0.9186    3.8217    3.8217    2.4536    2.4427   -0.0062    0.3928    0.1829  1.521E+11  1.0000   3.925  0.000E+00      0.00      0.00      0.00  0.0000   0.000   0.000  0.0002  0.720E+00  0.266E+00  0.228E-02  0.277E-04  0.659E-03  0.572E-02  0.227E-05  0.129E-04  0.188E-02  0.152E-03  0.000E+00
  1.468  0.014000  0.000    1.468    0.9270    3.8199    3.8199    2.4324    2.4238   -0.0083    0.3986    0.1879  1.548E+11  1.0000   3.910  0.000E+00      0.00      0.00      0.00  0.0000   0.000   0.000  0.0002  0.720E+00  0.266E+00  0.228E-02  0.277E-04  0.659E-03  0.572E-02  0.227E-05  0.129E-04  0.188E-02  0.152E-03  0.000E+00
  1.472  0.014000  0.000    1.472    0.9353    3.8177    3.8177    2.4117    2.4058   -0.0107    0.4053    0.1937  1.579E+11  1.0000   3.894  0.000E+00      0.00      0.00      0.00  0.0000   0.000   0.000  0.0002  0.720E+00  0.266E+00  0.228E-02  0.277E-04  0.659E-03  0.572E-02  0.227E-05  0.129E-04  0.188E-02  0.152E-03  0.000E+00
  1.476  0.014000  0.000    1.476    0.9435    3.8153    3.8153    2.3913    2.3883   -0.0134    0.4127    0.2001  1.611E+11  1.0000   3.878  0.000E+00      0.00      0.00      0.00  0.0000   0.000   0.000  0.0002  0.720E+00  0.266E+00  0.228E-02  0.277E-04  0.659E-03  0.572E-02  0.227E-05  0.129E-04  0.188E-02  0.152E-03  0.000E+00
  1.480  0.014000  0.000    1.480    0.9515    3.8133    3.8133    2.3714    2.3709   -0.0156    0.4190    0.2055  1.641E+11  1.0000   3.863  0.000E+00      0.00      0.00      0.00  0.0000   0.000   0.000  0.0002  0.720E+00  0.266E+00  0.228E-02  0.277E-04  0.659E-03  0.572E-02  0.227E-05  0.129E-04  0.188E-02  0.152E-03  0.000E+00
  1.483  0.014000  0.000    1.483    0.9594    3.8111    3.8111    2.3516    2.3560   -0.0129    0.4272    0.2125  1.674E+11  1.0000   3.847  0.000E+00      0.00      0.00      0.00  0.0000   0.000   0.000  0.0002  0.720E+00  0.266E+00  0.228E-02  0.277E-04  0.659E-03  0.572E-02  0.227E-05  0.129E-04  0.188E-02  0.152E-03  0.000E+00
  1.487  0.014000  0.000    1.487    0.9669    3.8084    3.8084    2.3327    2.3432   -0.0087    0.4370    0.2209  1.709E+11  1.0000   3.830  0.000E+00      0.00      0.00      0.00  0.0000   0.000   0.000  0.0002  0.720E+00  0.266E+00  0.228E-02  0.277E-04  0.659E-03  0.572E-02  0.227E-05  0.129E-04  0.188E-02  0.152E-03  0.000E+00
  1.489  0.014000  0.000    1.489    0.9706    3.8070    3.8070    2.3236    2.3374   -0.0063    0.4425    0.2256  1.728E+11  1.0000   3.821  0.000E+00      0.00      0.00      0.00  0.0000   0.000   0.000  0.0002  0.720E+00  0.266E+00  0.228E-02  0.277E-04  0.659E-03  0.572E-02  0.227E-05  0.129E-04  0.188E-02  0.152E-03  0.000E+00
  1.491  0.014000  0.000    1.491    0.9741    3.8053    3.8053    2.3147    2.3323   -0.0037    0.4485    0.2307  1.748E+11  1.0000   3.811  0.000E+00      0.00      0.00      0.00  0.0000   0.000   0.000  0.0002  0.720E+00  0.266E+00  0.228E-02  0.277E-04  0.659E-03  0.572E-02  0.227E-05  0.129E-04  0.188E-02  0.152E-03  0.000E+00
  1.493  0.014000  0.000    1.493    0.9775    3.8035    3.8035    2.3063    2.3280   -0.0008    0.4552    0.2364  1.769E+11  1.0000   3.801  0.000E+00      0.00      0.00      0.00  0.0000   0.000   0.000  0.0002  0.720E+00  0.266E+00  0.228E-02  0.277E-04  0.659E-03  0.572E-02  0.227E-05  0.129E-04  0.188E-02  0.152E-03  0.000E+00
  1.494  0.014000  0.000    1.494    0.9806    3.8015    3.8015    2.2985    2.3249    0.0024    0.4628    0.2428  1.792E+11  1.0000   3.791  0.000E+00      0.00      0.00      0.00  0.0000   0.000   0.000  0.0002  0.720E+00  0.266E+00  0.228E-02  0.277E-04  0.659E-03  0.572E-02  0.227E-05  0.129E-04  0.188E-02  0.152E-03  0.000E+00
  1.496  0.014000  0.000    1.496    0.9834    3.7992    3.7992    2.2914    2.3230    0.0061    0.4714    0.2500  1.817E+11  1.0000   3.779  0.000E+00      0.00      0.00      0.00  0.0000   0.000   0.000  0.0002  0.720E+00  0.266E+00  0.228E-02  0.277E-04  0.659E-03  0.572E-02  0.227E-05  0.129E-04  0.188E-02  0.152E-03  0.000E+00
  1.498  0.014000  0.000    1.498    0.9857    3.7966    3.7966    2.2857    2.3232    0.0102    0.4809    0.2579  1.844E+11  1.0000   3.767  0.000E+00      0.00      0.00      0.00  0.0000 -11.466   0.000  0.0002  0.720E+00  0.266E+00  0.228E-02  0.277E-04  0.659E-03  0.572E-02  0.227E-05  0.129E-04  0.188E-02  0.152E-03  0.000E+00
  1.500  0.014000  0.000    1.500    0.9873    3.7941    3.7941    2.2818    2.3251    0.0143    0.4903    0.2658  1.869E+11  1.0000   3.756  0.000E+00      0.00      0.00      0.00  0.0000 -11.466   0.000  0.0002  0.720E+00  0.266E+00  0.228E-02  0.277E-04  0.659E-03  0.572E-02  0.227E-05  0.129E-04  0.188E-02  0.152E-03  0.000E+00
  1.502  0.014000  0.000    1.502    0.9881    3.7915    3.7915    2.2798    2.3290    0.0185    0.5000    0.2738  1.893E+11  1.0000   3.745  0.000E+00      0.00      0.00      0.00  0.0000 -11.667   0.000  0.0002  0.720E+00  0.266E+00  0.228E-02  0.277E-04  0.659E-03  0.572E-02  0.227E-05  0.129E-04  0.188E-02  0.152E-03  0.000E+00
  1.503  0.014000  0.000    1.503    0.9881    3.7900    3.7900    2.2798    2.3322    0.0219    0.5057    0.2783  1.906E+11  1.0000   3.739  0.000E+00      0.00      0.00      0.00  0.0000 -11.766   0.000  0.0002  0.720E+00  0.266E+00  0.228E-02  0.277E-04  0.659E-03  0.572E-02  0.227E-05  0.129E-04  0.188E-02  0.152E-03  0.000E+00
  1.504  0.014000  0.000    1.504    0.9879    3.7884    3.7884    2.2804    2.3358    0.0272    0.5118    0.2832  1.920E+11  1.0000   3.734  0.000E+00      0.00      0.00      0.00  0.0000 -11.866   0.000  0.0002  0.720E+00  0.266E+00  0.228E-02  0.277E-04  0.659E-03  0.572E-02  0.227E-05  0.129E-04  0.188E-02  0.152E-03  0.000E+00
  1.505  0.014000  0.000    1.505    0.9871    3.7865    3.7865    2.2823    2.3412    0.0332    0.5190    0.2889  1.935E+11  1.0000   3.727  0.000E+00      0.00      0.00      0.00  0.0000 -11.967   0.000  0.0002  0.720E+00  0.266E+00  0.228E-02  0.277E-04  0.659E-03  0.572E-02  0.227E-05  0.129E-04  0.188E-02  0.152E-03  0.000E+00
  1.506  0.014000  0.000    1.505    0.9858    3.7845    3.7845    2.2855    2.3480    0.0399    0.5270    0.2952  1.950E+11  1.0000   3.721  0.000E+00      0.00      0.00      0.00  0.0000 -12.067   0.000  0.0002  0.720E+00  0.266E+00  0.228E-02  0.277E-04  0.659E-03  0.572E-02  0.227E-05  0.129E-04  0.188E-02  0.152E-03  0.000E+00
  1.507  0.014000  0.000    1.506    0.9841    3.7823    3.7823    2.2898    2.3560    0.0473    0.5357    0.3021  1.966E+11  1.0000   3.714  0.000E+00      0.00      0.00      0.00  0.0000 -12.168   0.000  0.0002  0.720E+00  0.266E+00  0.228E-02  0.277E-04  0.659E-03  0.572E-02  0.227E-05  0.129E-04  0.188E-02  0.152E-03  0.000E+00
  1.507  0.014000  0.000    1.507    0.9827    3.7810    3.7810    2.2932    2.3615    0.0514    0.5407    0.3060  1.974E+11  1.0000   3.710  0.000E+00      0.00      0.00      0.00  0.0000 -12.219   0.000  0.0002  0.720E+00  0.266E+00  0.228E-02  0.277E-04  0.659E-03  0.572E-02  0.227E-05  0.129E-04  0.188E-02  0.152E-03  0.000E+00
  1.508  0.014000  0.000    1.507    0.9811    3.7797    3.7797    2.2972    2.3676    0.0559    0.5460    0.3102  1.983E+11  1.0000   3.707  0.000E+00      0.00      0.00      0.00  0.0000 -12.270   0.000  0.0002  0.720E+00  0.266E+00  0.228E-02  0.277E-04  0.659E-03  0.572E-02  0.227E-05  0.129E-04  0.188E-02  0.152E-03  0.000E+00
  1.508  0.014000  0.000    1.508    0.9793    3.7783    3.7783    2.3017    2.3743    0.0605    0.5515    0.3145  1.991E+11  1.0000   3.703  0.000E+00      0.00      0.00      0.00  0.0000 -12.321   0.000  0.0002  0.720E+00  0.266E+00  0.228E-02  0.277E-04  0.659E-03  0.572E-02  0.227E-05  0.129E-04  0.188E-02  0.152E-03  0.000E+00
  1.508  0.014000  0.000    1.508    0.9775    3.7769    3.7769    2.3063    2.3819    0.0679    0.5572    0.3191  2.000E+11  1.0000   3.700  0.000E+00      0.00      0.00      0.00  0.0000 -12.372   0.000  0.0002  0.720E+00  0.266E+00  0.228E-02  0.277E-04  0.659E-03  0.572E-02  0.227E-05  0.129E-04  0.188E-02  0.152E-03  0.000E+00
  1.509  0.014000  0.000    1.509    0.9753    3.7756    3.7756    2.3117    2.3906    0.0759    0.5630    0.3236  2.007E+11  1.0000   3.696  0.000E+00      0.00      0.00      0.00  0.0000 -12.423   0.000  0.0002  0.720E+00  0.266E+00  0.228E-02  0.277E-04  0.659E-03  0.572E-02  0.227E-05  0.129E-04  0.188E-02  0.152E-03  0.000E+00
  1.509  0.014000  0.000    1.509    0.9728    3.7742    3.7742    2.3180    2.3999    0.0836    0.5687    0.3281  2.014E+11  1.0000   3.694  0.000E+00      0.00      0.00      0.00  0.0000 -12.475   0.000  0.0002  0.720E+00  0.266E+00  0.228E-02  0.277E-04  0.659E-03  0.572E-02  0.227E-05  0.129E-04  0.188E-02  0.152E-03  0.000E+00
  1.510  0.014000  0.000    1.510    0.9703    3.7728    3.7728    2.3243    2.4093    0.0912    0.5745    0.3327  2.021E+11  1.0000   3.691  0.000E+00      0.00      0.00      0.00  0.0000 -12.527   0.000  0.0002  0.720E+00  0.266E+00  0.228E-02  0.277E-04  0.659E-03  0.572E-02  0.227E-05  0.129E-04  0.188E-02  0.152E-03  0.000E+00
  1.510  0.014000  0.000    1.510    0.9672    3.7713    3.7713    2.3321    2.4202    0.0995    0.5809    0.3377  2.028E+11  1.0000   3.688  0.000E+00      0.00      0.00      0.00  0.0000 -12.580   0.000  0.0002  0.720E+00  0.266E+00  0.228E-02  0.277E-04  0.659E-03  0.572E-02  0.227E-05  0.129E-04  0.188E-02  0.152E-03  0.000E+00
  1.511  0.014000  0.000    1.511    0.9636    3.7696    3.7696    2.3411    2.4326    0.1083    0.5879    0.3433  2.035E+11  1.0000   3.685  0.000E+00      0.00      0.00      0.00  0.0000 -12.633   0.000  0.0002  0.720E+00  0.266E+00  0.228E-02  0.277E-04  0.659E-03  0.572E-02  0.227E-05  0.129E-04  0.188E-02  0.152E-03  0.000E+00
  1.511  0.014000  0.000    1.511    0.9599    3.7680    3.7680    2.3502    2.4451    0.1181    0.5952    0.3490  2.042E+11  1.0000   3.682  0.000E+00      0.00      0.00      0.00  0.0000 -12.686   0.000  0.0002  0.720E+00  0.266E+00  0.228E-02  0.277E-04  0.659E-03  0.572E-02  0.227E-05  0.129E-04  0.188E-02  0.152E-03  0.000E+00
  1.512  0.014000  0.000    1.511    0.9554    3.7661    3.7661    2.3616    2.4604    0.1297    0.6034    0.3555  2.049E+11  1.0000   3.679  0.000E+00      0.00      0.00      0.00  0.0000 -12.740   0.000  0.0002  0.720E+00  0.266E+00  0.228E-02  0.277E-04  0.659E-03  0.572E-02  0.227E-05  0.129E-04  0.188E-02  0.152E-03  0.000E+00
  1.512  0.014000  0.000    1.512    0.9501    3.7640    3.7640    2.3748    2.4778    0.1425    0.6125    0.3627  2.056E+11  1.0000   3.676  0.000E+00      0.00      0.00      0.00  0.0000 -12.793   0.000  0.0002  0.720E+00  0.266E+00  0.228E-02  0.277E-04  0.659E-03  0.572E-02  0.227E-05  0.129E-04  0.188E-02  0.152E-03  0.000E+00
  1.512  0.014000  0.000    1.512    0.9470    3.7629    3.7629    2.3824    2.4876    0.1496    0.6176    0.3667  2.060E+11  1.0000   3.675  0.000E+00      0.00      0.00      0.00  0.0000 -12.821   0.000  0.0002  0.720E+00  0.266E+00  0.228E-02  0.277E-04  0.659E-03  0.572E-02  0.227E-05  0.129E-04  0.188E-02  0.152E-03  0.000E+00
  1.513  0.014000  0.000    1.512    0.9440    3.7617    3.7617    2.3900    2.4974    0.1568    0.6227    0.3708  2.064E+11  1.0000   3.673  0.000E+00      0.00      0.00      0.00  0.0000 -12.848   0.000  0.0002  0.720E+00  0.266E+00  0.228E-02  0.277E-04  0.659E-03  0.572E-02  0.227E-05  0.129E-04  0.188E-02  0.152E-03  0.000E+00
  1.513  0.014000  0.000    1.513    0.9409    3.7606    3.7606    2.3977    2.5072    0.1639    0.6279    0.3749  2.067E+11  1.0000   3.672  0.000E+00      0.00      0.00      0.00  0.0000 -12.876   0.000  0.0002  0.720E+00  0.266E+00  0.228E-02  0.277E-04  0.659E-03  0.572E-02  0.227E-05  0.129E-04  0.188E-02  0.152E-03  0.000E+00
  1.513  0.014000  0.000    1.513    0.9379    3.7594    3.7594    2.4053    2.5169    0.1711    0.6330    0.3790  2.071E+11  1.0000   3.670  0.000E+00      0.00      0.00      0.00  0.0000 -12.903   0.000  0.0002  0.720E+00  0.266E+00  0.228E-02  0.277E-04  0.659E-03  0.572E-02  0.227E-05  0.129E-04  0.188E-02  0.152E-03  0.000E+00
  1.513  0.014000  0.000    1.513    0.9348    3.7583    3.7583    2.4130    2.5266    0.1784    0.6382    0.3831  2.075E+11  1.0000   3.669  0.000E+00      0.00      0.00      0.00  0.0000 -12.930   0.000  0.0002  0.720E+00  0.266E+00  0.228E-02  0.277E-04  0.659E-03  0.572E-02  0.227E-05  0.129E-04  0.188E-02  0.152E-03  0.000E+00
  1.514  0.014000  0.000    1.513    0.9310    3.7570    3.7570    2.4226    2.5385    0.1865    0.6441    0.3878  2.078E+11  1.0000   3.668  0.000E+00      0.00      0.00      0.00  0.0000 -12.959   0.000  0.0001  0.720E+00  0.266E+00  0.228E-02  0.277E-04  0.659E-03  0.572E-02  0.227E-05  0.129E-04  0.188E-02  0.152E-03  0.000E+00
  1.514  0.014000  0.000    1.513    0.9271    3.7557    3.7557    2.4322    2.5503    0.1947    0.6501    0.3925  2.081E+11  1.0000   3.666  0.000E+00      0.00      0.00      0.00  0.0000 -12.987   0.000  0.0001  0.720E+00  0.266E+00  0.228E-02  0.277E-04  0.659E-03  0.572E-02  0.227E-05  0.129E-04  0.188E-02  0.152E-03  0.000E+00
  1.514  0.014000  0.000    1.514    0.9233    3.7543    3.7543    2.4419    2.5622    0.2029    0.6561    0.3973  2.085E+11  1.0000   3.665  0.000E+00      0.00      0.00      0.00  0.0000 -13.015   0.000  0.0001  0.720E+00  0.266E+00  0.228E-02  0.277E-04  0.659E-03  0.572E-02  0.227E-05  0.129E-04  0.188E-02  0.152E-03  0.000E+00
  1.514  0.014000  0.000    1.514    0.9194    3.7530    3.7530    2.4515    2.5739    0.2111    0.6621    0.4021  2.088E+11  1.0000   3.664  0.000E+00      0.00      0.00      0.00  0.0000 -13.043   0.000  0.0001  0.720E+00  0.266E+00  0.228E-02  0.277E-04  0.659E-03  0.572E-02  0.227E-05  0.129E-04  0.188E-02  0.152E-03  0.000E+00
  1.515  0.014000  0.000    1.514    0.9153    3.7518    3.7518    2.4618    2.5863    0.2191    0.6679    0.4067  2.090E+11  1.0000   3.663  0.000E+00      0.00      0.00      0.00  0.0000 -13.072   0.000  0.0001  0.720E+00  0.266E+00  0.228E-02  0.277E-04  0.659E-03  0.572E-02  0.227E-05  0.129E-04  0.188E-02  0.152E-03  0.000E+00
  1.515  0.014000  0.000    1.514    0.9107    3.7505    3.7505    2.4732    2.5997    0.2266    0.6735    0.4112  2.091E+11  1.0000   3.663  0.000E+00      0.00      0.00      0.00  0.0000 -13.101   0.000  0.0001  0.720E+00  0.266E+00  0.228E-02  0.277E-04  0.659E-03  0.572E-02  0.227E-05  0.129E-04  0.188E-02  0.152E-03  0.000E+00
  1.515  0.014000  0.000    1.515    0.9062    3.7493    3.7493    2.4845    2.6130    0.2340    0.6790    0.4156  2.092E+11  1.0000   3.662  0.000E+00      0.00      0.00      0.00  0.0000 -13.131   0.000  0.0001  0.720E+00  0.266E+00  0.228E-02  0.277E-04  0.659E-03  0.572E-02  0.227E-05  0.129E-04  0.188E-02  0.152E-03  0.000E+00
  1.515  0.014000  0.000    1.515    0.9016    3.7481    3.7481    2.4959    2.6263    0.2415    0.6846    0.4201  2.093E+11  1.0000   3.662  0.000E+00      0.00      0.00      0.00  0.0000 -13.160   0.000  0.0001  0.720E+00  0.266E+00  0.228E-02  0.277E-04  0.659E-03  0.572E-02  0.227E-05  0.129E-04  0.188E-02  0.152E-03  0.000E+00
  1.515  0.014000  0.000    1.515    0.8971    3.7469    3.7469    2.5073    2.6396    0.2492    0.6902    0.4246  2.093E+11  1.0000   3.662  0.000E+00      0.00      0.00      0.00  0.0000 -13.189   0.000  0.0001  0.720E+00  0.266E+00  0.228E-02  0.277E-04  0.659E-03  0.572E-02  0.227E-05  0.129E-04  0.188E-02  0.152E-03  0.000E+00
  1.516  0.014000  0.000    1.515    0.8925    3.7457    3.7457    2.5187    2.6535    0.2583    0.6957    0.4290  2.094E+11  1.0000   3.661  0.000E+00      0.00      0.00      0.00  0.0000 -13.219   0.000  0.0001  0.720E+00  0.266E+00  0.228E-02  0.277E-04  0.659E-03  0.572E-02  0.227E-05  0.129E-04  0.188E-02  0.152E-03  0.000E+00
  1.516  0.014000  0.000    1.516    0.8879    3.7444    3.7444    2.5302    2.6674    0.2674    0.7012    0.4334  2.095E+11  1.0000   3.661  0.000E+00      0.00      0.00      0.00  0.0000 -13.248   0.000  0.0001  0.720E+00  0.266E+00  0.228E-02  0.277E-04  0.659E-03  0.572E-02  0.227E-05  0.129E-04  0.188E-02  0.152E-03  0.000E+00
  1.516  0.014000  0.000    1.516    0.8830    3.7432    3.7432    2.5426    2.6823    0.2769    0.7069    0.4379  2.095E+11  1.0000   3.661  0.000E+00      0.00      0.00      0.00  0.0000 -13.278   0.000  0.0001  0.720E+00  0.266E+00  0.228E-02  0.277E-04  0.659E-03  0.572E-02  0.227E-05  0.129E-04  0.188E-02  0.152E-03  0.000E+00
  1.516  0.014000  0.000    1.516    0.8777    3.7419    3.7419    2.5557    2.6980    0.2865    0.7126    0.4425  2.095E+11  1.0000   3.661  0.000E+00      0.00      0.00      0.00  0.0000 -13.308   0.000  0.0001  0.720E+00  0.266E+00  0.228E-02  0.277E-04  0.659E-03  0.572E-02  0.227E-05  0.129E-04  0.188E-02  0.152E-03  0.000E+00
  1.517  0.014000  0.000    1.516    0.8725    3.7406    3.7406    2.5688    2.7137    0.2962    0.7184    0.4472  2.095E+11  1.0000   3.662  0.000E+00      0.00      0.00      0.00  0.0000 -13.339   0.000  0.0001  0.720E+00  0.266E+00  0.228E-02  0.277E-04  0.659E-03  0.572E-02  0.227E-05  0.129E-04  0.188E-02  0.152E-03  0.000E+00
  1.517  0.014000  0.000    1.516    0.8672    3.7393    3.7393    2.5819    2.7293    0.3060    0.7244    0.4520  2.094E+11  1.0000   3.662  0.000E+00      0.00      0.00      0.00  0.0000 -13.369   0.000  0.0001  0.720E+00  0.266E+00  0.228E-02  0.277E-04  0.659E-03  0.572E-02  0.227E-05  0.129E-04  0.188E-02  0.152E-03  0.000E+00
  1.517  0.014000  0.000    1.517    0.8620    3.7380    3.7380    2.5950    2.7450    0.3159    0.7306    0.4569  2.094E+11  1.0000   3.662  0.000E+00      0.00      0.00      0.00  0.0000 -13.400   0.000  0.0001  0.720E+00  0.266E+00  0.228E-02  0.277E-04  0.659E-03  0.572E-02  0.227E-05  0.129E-04  0.188E-02  0.152E-03  0.000E+00
  1.517  0.014000  0.000    1.517    0.8568    3.7367    3.7367    2.6080    2.7604    0.3260    0.7369    0.4620  2.094E+11  1.0000   3.662  0.000E+00      0.00      0.00      0.00  0.0000 -13.430   0.000  0.0001  0.720E+00  0.266E+00  0.228E-02  0.277E-04  0.659E-03  0.572E-02  0.227E-05  0.129E-04  0.188E-02  0.152E-03  0.000E+00
  1.518  0.014000  0.000    1.517    0.8516    3.7354    3.7354    2.6210    2.7759    0.3362    0.7431    0.4670  2.094E+11  1.0000   3.662  0.000E+00      0.00      0.00      0.00  0.0000 -13.461   0.000  0.0001  0.720E+00  0.266E+00  0.228E-02  0.277E-04  0.659E-03  0.572E-02  0.227E-05  0.129E-04  0.188E-02  0.152E-03  0.000E+00
  1.518  0.014000  0.000    1.517    0.8464    3.7341    3.7341    2.6340    2.7914    0.3466    0.7494    0.4720  2.094E+11  1.0000   3.662  0.000E+00      0.00      0.00      0.00  0.0000 -13.491   0.000  0.0001  0.720E+00  0.266E+00  0.228E-02  0.277E-04  0.659E-03  0.572E-02  0.227E-05  0.129E-04  0.188E-02  0.152E-03  0.000E+00
  1.518  0.014000  0.000    1.518    0.8412    3.7328    3.7328    2.6471    2.8068    0.3570    0.7556    0.4770  2.094E+11  1.0000   3.662  0.000E+00      0.00      0.00      0.00  0.0000 -13.522   0.000  0.0001  0.720E+00  0.266E+00  0.228E-02  0.277E-04  0.659E-03  0.572E-02  0.227E-05  0.129E-04  0.188E-02  0.152E-03  0.000E+00
  1.518  0.014000  0.000    1.518    0.8364    3.7316    3.7316    2.6589    2.8209    0.3670    0.7615    0.4818  2.095E+11  1.0000   3.662  0.000E+00      0.00      0.00      0.00  0.0000 -13.551   0.000  0.0001  0.720E+00  0.266E+00  0.228E-02  0.277E-04  0.659E-03  0.572E-02  0.227E-05  0.129E-04  0.188E-02  0.152E-03  0.000E+00
  1.518  0.014000  0.000    1.518    0.8320    3.7304    3.7304    2.6701    2.8342    0.3767    0.7672    0.4864  2.096E+11  1.0000   3.662  0.000E+00      0.00      0.00      0.00  0.0000 -13.580   0.000  0.0001  0.720E+00  0.266E+00  0.228E-02  0.277E-04  0.659E-03  0.572E-02  0.227E-05  0.129E-04  0.188E-02  0.152E-03  0.000E+00
  1.519  0.014000  0.000    1.518    0.8275    3.7292    3.7292    2.6813    2.8475    0.3866    0.7729    0.4911  2.096E+11  1.0000   3.661  0.000E+00      0.00      0.00      0.00  0.0000 -13.610   0.000  0.0001  0.720E+00  0.266E+00  0.228E-02  0.277E-04  0.659E-03  0.572E-02  0.227E-05  0.129E-04  0.188E-02  0.152E-03  0.000E+00
  1.519  0.014000  0.000    1.519    0.8230    3.7280    3.7280    2.6925    2.8608    0.3966    0.7785    0.4957  2.097E+11  1.0000   3.661  0.000E+00      0.00      0.00      0.00  0.0000 -13.639   0.000  0.0001  0.720E+00  0.266E+00  0.228E-02  0.277E-04  0.659E-03  0.572E-02  0.227E-05  0.129E-04  0.188E-02  0.152E-03  0.000E+00
  1.519  0.014000  0.000    1.519    0.8185    3.7268    3.7268    2.7038    2.8740    0.4066    0.7842    0.5003  2.098E+11  1.0000   3.661  0.000E+00      0.00      0.00      0.00  0.0000 -13.668   0.000  0.0001  0.720E+00  0.266E+00  0.228E-02  0.277E-04  0.659E-03  0.572E-02  0.227E-05  0.129E-04  0.188E-02  0.152E-03  0.000E+00
  1.519  0.014000  0.000    1.519    0.8143    3.7256    3.7256    2.7142    2.8864    0.4167    0.7897    0.5049  2.099E+11  1.0000   3.660  0.000E+00      0.00      0.00      0.00  0.0000 -13.697   0.000  0.0001  0.720E+00  0.266E+00  0.228E-02  0.277E-04  0.659E-03  0.572E-02  0.227E-05  0.129E-04  0.188E-02  0.152E-03  0.000E+00
  1.520  0.014000  0.000    1.519    0.8106    3.7244    3.7244    2.7235    2.8974    0.4266    0.7951    0.5094  2.101E+11  1.0000   3.660  0.000E+00      0.00      0.00      0.00  0.0000 -13.725   0.000  0.0001  0.720E+00  0.266E+00  0.228E-02  0.277E-04  0.659E-03  0.572E-02  0.227E-05  0.129E-04  0.188E-02  0.152E-03  0.000E+00
  1.520  0.014000  0.000    1.519    0.8069    3.7233    3.7233    2.7328    2.9089    0.4369    0.8006    0.5140  2.104E+11  1.0000   3.659  0.000E+00      0.00      0.00      0.00  0.0000 -13.753   0.000  0.0001  0.720E+00  0.266E+00  0.228E-02  0.277E-04  0.659E-03  0.572E-02  0.227E-05  0.129E-04  0.188E-02  0.152E-03  0.000E+00
  1.520  0.014000  0.000    1.520    0.8032    3.7221    3.7221    2.7421    2.9207    0.4475    0.8061    0.5186  2.106E+11  1.0000   3.658  0.000E+00      0.00      0.00      0.00  0.0000 -13.781   0.000  0.0001  0.720E+00  0.266E+00  0.228E-02  0.277E-04  0.659E-03  0.572E-02  0.227E-05  0.129E-04  0.188E-02  0.152E-03  0.000E+00
  1.521  0.014000  0.000    1.520    0.7982    3.7202    3.7202    2.7545    2.9368    0.4658    0.8153    0.5264  2.113E+11  1.0000   3.655  0.000E+00      0.00      0.00      0.00  0.0000 -13.835   0.000  0.0001  0.720E+00  0.266E+00  0.228E-02  0.277E-04  0.659E-03  0.572E-02  0.227E-05  0.129E-04  0.188E-02  0.152E-03  0.000E+00
  1.521  0.014000  0.000    1.521    0.7934    3.7183    3.7183    2.7664    2.9525    0.4842    0.8243    0.5341  2.120E+11  1.0000   3.653  0.000E+00      0.00      0.00      0.00  0.0000 -13.889   0.000  0.0001  0.720E+00  0.266E+00  0.228E-02  0.277E-04  0.659E-03  0.572E-02  0.227E-05  0.129E-04  0.188E-02  0.152E-03  0.000E+00
  1.521  0.014000  0.000    1.521    0.7895    3.7164    3.7164    2.7762    2.9657    0.5032    0.8333    0.5419  2.129E+11  1.0000   3.649  0.000E+00      0.00      0.00      0.00  0.0000 -13.942   0.000  0.0001  0.720E+00  0.266E+00  0.228E-02  0.277E-04  0.659E-03  0.572E-02  0.227E-05  0.129E-04  0.188E-02  0.152E-03  0.000E+00
  1.522  0.014000  0.000    1.522    0.7873    3.7144    3.7144    2.7817    2.9742    0.5233    0.8424    0.5499  2.142E+11  1.0000   3.644  0.000E+00      0.00      0.00      0.00  0.0000 -13.992   0.000  0.0001  0.720E+00  0.266E+00  0.228E-02  0.277E-04  0.659E-03  0.572E-02  0.227E-05  0.129E-04  0.188E-02  0.152E-03  0.000E+00
  1.522  0.014000  0.000    1.522    0.7851    3.7125    3.7125    2.7872    2.9854    0.5393    0.8510    0.5571  2.156E+11  1.0000   3.638  0.000E+00      0.00      0.00      0.00  0.0000 -14.042   0.000  0.0001  0.720E+00  0.266E+00  0.228E-02  0.277E-04  0.659E-03  0.572E-02  0.227E-05  0.129E-04  0.188E-02  0.152E-03  0.000E+00
  1.523  0.014000  0.000    1.522    0.7845    3.7107    3.7107    2.7888    2.9931    0.5534    0.8591    0.5636  2.172E+11  1.0000   3.632  0.000E+00      0.00      0.00      0.00  0.0000 -12.958   0.000  0.0001  0.720E+00  0.266E+00  0.228E-02  0.277E-04  0.659E-03  0.572E-02  0.227E-05  0.129E-04  0.188E-02  0.152E-03  0.000E+00
  1.523  0.014000  0.000    1.523    0.7845    3.7090    3.7090    2.7887    2.9988    0.5670    0.8669    0.5699  2.190E+11  1.0000   3.625  0.000E+00      0.00      0.00      0.00  0.0000 -11.599   0.000  0.0001  0.720E+00  0.266E+00  0.228E-02  0.278E-04  0.659E-03  0.572E-02  0.227E-05  0.129E-04  0.188E-02  0.152E-03  0.000E+00
  1.524  0.014000  0.000    1.523    0.7880    3.7077    3.7077    2.7799    2.9942    0.5766    0.8724    0.5743  2.211E+11  1.0000   3.617  0.000E+00      0.00      0.00      0.00  0.0000 -11.592   0.000  0.0001  0.720E+00  0.266E+00  0.228E-02  0.289E-04  0.659E-03  0.572E-02  0.227E-05  0.129E-04  0.188E-02  0.152E-03  0.000E+00
  1.524  0.014000  0.000    1.524    0.7916    3.7065    3.7065    2.7711    2.9895    0.5863    0.8779    0.5787  2.233E+11  1.0000   3.608  0.000E+00      0.00      0.00      0.00  0.0000 -11.584   0.000  0.0001  0.719E+00  0.266E+00  0.228E-02  0.300E-04  0.660E-03  0.572E-02  0.227E-05  0.129E-04  0.188E-02  0.152E-03  0.000E+00
  1.525  0.014000  0.000    1.524    0.7951    3.7052    3.7052    2.7622    2.9860    0.5966    0.8838    0.5835  2.255E+11  1.0000   3.600  0.000E+00      0.00      0.00      0.00  0.0000 -11.577   0.000  0.0001  0.719E+00  0.266E+00  0.228E-02  0.311E-04  0.661E-03  0.572E-02  0.227E-05  0.129E-04  0.188E-02  0.152E-03  0.000E+00
  1.525  0.014000  0.000    1.525    0.7987    3.7040    3.7040    2.7531    2.9831    0.6075    0.8900    0.5885  2.278E+11  1.0000   3.591  0.000E+00      0.00      0.00      0.00  0.0000 -11.569   0.000  0.0001  0.719E+00  0.266E+00  0.228E-02  0.322E-04  0.662E-03  0.572E-02  0.227E-05  0.129E-04  0.188E-02  0.152E-03  0.000E+00
  1.526  0.014000  0.000    1.525    0.8024    3.7028    3.7028    2.7440    2.9802    0.6184    0.8962    0.5936  2.300E+11  1.0000   3.583  0.000E+00      0.00      0.00      0.00  0.0000 -11.561   0.000  0.0001  0.719E+00  0.266E+00  0.227E-02  0.334E-04  0.662E-03  0.572E-02  0.227E-05  0.129E-04  0.188E-02  0.152E-03  0.000E+00
  1.526  0.014000  0.000    1.526    0.8061    3.7015    3.7015    2.7348    2.9773    0.6294    0.9025    0.5986  2.323E+11  1.0000   3.574  0.000E+00      0.00      0.00      0.00  0.0000 -11.553   0.000  0.0001  0.719E+00  0.266E+00  0.227E-02  0.346E-04  0.663E-03  0.572E-02  0.227E-05  0.129E-04  0.188E-02  0.152E-03  0.000E+00
  1.527  0.014000  0.000    1.527    0.8181    3.7000    3.7000    2.7049    2.9550    0.6428    0.9102    0.6048  2.372E+11  1.0000   3.556  0.000E+00      0.00      0.00      0.00  0.0000 -11.532   0.000  0.0001  0.719E+00  0.267E+00  0.225E-02  0.386E-04  0.682E-03  0.572E-02  0.227E-05  0.129E-04  0.188E-02  0.152E-03  0.000E+00
  1.528  0.014000  0.000    1.528    0.8307    3.6985    3.6985    2.6734    2.9308    0.6555    0.9174    0.6106  2.423E+11  1.0000   3.538  0.000E+00      0.00      0.00      0.00  0.0000 -11.511   0.000  0.0001  0.718E+00  0.267E+00  0.223E-02  0.426E-04  0.704E-03  0.572E-02  0.227E-05  0.128E-04  0.188E-02  0.152E-03  0.000E+00
  1.529  0.014000  0.000    1.528    0.8434    3.6971    3.6971    2.6414    2.9058    0.6711    0.9247    0.6165  2.476E+11  1.0000   3.520  0.000E+00      0.00      0.00      0.00  0.0000 -11.489   0.000  0.0001  0.718E+00  0.268E+00  0.221E-02  0.466E-04  0.728E-03  0.572E-02  0.228E-05  0.127E-04  0.188E-02  0.152E-03  0.000E+00
  1.530  0.014000  0.000    1.529    0.8571    3.6957    3.6957    2.6073    2.8781    0.6874    0.9317    0.6221  2.531E+11  1.0000   3.501  0.000E+00      0.00      0.00      0.00  0.0000 -11.465   0.000  0.0001  0.717E+00  0.268E+00  0.218E-02  0.544E-04  0.752E-03  0.572E-02  0.231E-05  0.127E-04  0.188E-02  0.152E-03  0.000E+00
  1.531  0.014000  0.000    1.530    0.8712    3.6943    3.6943    2.5721    2.8492    0.7034    0.9386    0.6276  2.589E+11  1.0000   3.482  0.000E+00      0.00      0.00      0.00  0.0000 -11.441   0.000  0.0001  0.716E+00  0.269E+00  0.215E-02  0.636E-04  0.777E-03  0.572E-02  0.235E-05  0.126E-04  0.188E-02  0.152E-03  0.000E+00
  1.532  0.014000  0.000    1.531    0.8854    3.6929    3.6929    2.5365    2.8198    0.7194    0.9454    0.6331  2.648E+11  1.0000   3.462  0.000E+00      0.00      0.00      0.00  0.0000 -11.416   0.000  0.0001  0.716E+00  0.269E+00  0.212E-02  0.726E-04  0.802E-03  0.572E-02  0.239E-05  0.125E-04  0.188E-02  0.152E-03  0.000E+00
  1.534  0.014000  0.000    1.533    0.9174    3.6916    3.6916    2.4566    2.7460    0.7350    0.9521    0.6385  2.765E+11  1.0000   3.425  0.000E+00      0.00      0.00      0.00  0.0000 -11.367   0.000  0.0001  0.714E+00  0.271E+00  0.202E-02  0.807E-04  0.905E-03  0.572E-02  0.256E-05  0.123E-04  0.188E-02  0.152E-03  0.000E+00
  1.535  0.014000  0.000    1.535    0.9494    3.6901    3.6901    2.3766    2.6728    0.7524    0.9596    0.6445  2.888E+11  1.0000   3.388  0.000E+00      0.00      0.00      0.00  0.0000 -11.318   0.000  0.0002  0.713E+00  0.272E+00  0.193E-02  0.827E-04  0.101E-02  0.572E-02  0.279E-05  0.121E-04  0.188E-02  0.152E-03  0.000E+00
  1.537  0.014000  0.000    1.537    0.9805    3.6881    3.6881    2.2987    2.6040    0.7752    0.9694    0.6524  3.021E+11  1.0000   3.349  0.000E+00      0.00      0.00      0.00  0.0000 -11.267   0.000  0.0002  0.712E+00  0.274E+00  0.185E-02  0.795E-04  0.112E-02  0.572E-02  0.304E-05  0.118E-04  0.188E-02  0.152E-03  0.000E+00
  1.539  0.014000  0.000    1.538    1.0130    3.6868    3.6868    2.2174    2.5286    0.7903    0.9758    0.6576  3.155E+11  1.0000   3.312  0.000E+00      0.00      0.00      0.00  0.0000 -11.217   0.000  0.0002  0.710E+00  0.275E+00  0.178E-02  0.767E-04  0.119E-02  0.572E-02  0.352E-05  0.115E-04  0.188E-02  0.152E-03  0.000E+00
  1.541  0.014000  0.000    1.540    1.0458    3.6858    3.6858    2.1355    2.4515    0.8025    0.9811    0.6618  3.292E+11  1.0000   3.276  0.000E+00      0.00      0.00      0.00  0.0000 -11.166   0.000  0.0002  0.709E+00  0.277E+00  0.173E-02  0.745E-04  0.126E-02  0.572E-02  0.383E-05  0.112E-04  0.188E-02  0.152E-03  0.000E+00
  1.543  0.014000  0.000    1.542    1.0786    3.6847    3.6847    2.0536    2.3745    0.8151    0.9865    0.6661  3.435E+11  1.0000   3.239  0.000E+00      0.00      0.00      0.00  0.0000 -11.115   0.000  0.0002  0.707E+00  0.278E+00  0.168E-02  0.726E-04  0.131E-02  0.572E-02  0.404E-05  0.109E-04  0.188E-02  0.152E-03  0.000E+00
  1.544  0.014000  0.000    1.543    1.0947    3.6837    3.6837    2.0133    2.3389    0.8269    0.9915    0.6702  3.516E+11  1.0000   3.219  0.000E+00      0.00      0.00      0.00  0.0000 -11.089   0.000  0.0002  0.707E+00  0.279E+00  0.166E-02  0.719E-04  0.134E-02  0.572E-02  0.421E-05  0.108E-04  0.188E-02  0.152E-03  0.000E+00
  1.546  0.014000  0.000    1.545    1.1275    3.6819    3.6819    1.9311    2.2650    0.8481    1.0006    0.6775  3.682E+11  1.0000   3.180  0.000E+00      0.00      0.00      0.00  0.0000 -11.036   0.000  0.0002  0.705E+00  0.280E+00  0.163E-02  0.707E-04  0.137E-02  0.572E-02  0.453E-05  0.106E-04  0.188E-02  0.152E-03  0.000E+00
  1.548  0.014000  0.000    1.546    1.1622    3.6807    3.6807    1.8445    2.1837    0.8617    1.0064    0.6822  3.853E+11  1.0000   3.141  0.000E+00      0.00      0.00      0.00  0.0000 -10.983   0.000  0.0003  0.705E+00  0.281E+00  0.162E-02  0.701E-04  0.139E-02  0.572E-02  0.480E-05  0.105E-04  0.188E-02  0.152E-03  0.000E+00
  1.549  0.014000  0.000    1.548    1.2041    3.6788    3.6788    1.7397    2.0877    0.8840    1.0160    0.6899  4.079E+11  1.0000   3.092  0.000E+00      0.00      0.00      0.00  0.0000 -10.917   0.000  0.0003  0.704E+00  0.281E+00  0.161E-02  0.695E-04  0.141E-02  0.572E-02  0.528E-05  0.104E-04  0.188E-02  0.152E-03  0.000E+00
  1.551  0.014000  0.000    1.550    1.2501    3.6768    3.6768    1.6249    1.9818    0.9068    1.0258    0.6977  4.339E+11  1.0000   3.038  0.000E+00      0.00      0.00      0.00  0.0000 -10.844   0.000  0.0003  0.703E+00  0.282E+00  0.159E-02  0.689E-04  0.143E-02  0.572E-02  0.596E-05  0.103E-04  0.188E-02  0.152E-03  0.000E+00
  1.553  0.014000  0.000    1.552    1.2992    3.6750    3.6750    1.5020    1.8673    0.9281    1.0349    0.7051  4.631E+11  1.0000   2.983  0.000E+00      0.00      0.00      0.00  0.0000 -10.766   0.000  0.0004  0.702E+00  0.283E+00  0.158E-02  0.683E-04  0.144E-02  0.571E-02  0.682E-05  0.102E-04  0.188E-02  0.152E-03  0.000E+00
  1.554  0.014000  0.000    1.552    1.3272    3.6735    3.6735    1.4321    1.8048    0.9449    1.0427    0.7113  4.817E+11  1.0000   2.949  0.000E+00      0.00      0.00      0.00  0.0000 -10.721   0.000  0.0004  0.702E+00  0.283E+00  0.157E-02  0.682E-04  0.145E-02  0.571E-02  0.697E-05  0.102E-04  0.188E-02  0.152E-03  0.000E+00
  1.555  0.014000  0.000    1.553    1.3552    3.6719    3.6719    1.3619    1.7424    0.9593    1.0505    0.7177  5.011E+11  1.0000   2.914  0.000E+00      0.00      0.00      0.00  0.0000 -10.676   0.000  0.0004  0.702E+00  0.283E+00  0.157E-02  0.681E-04  0.145E-02  0.571E-02  0.711E-05  0.102E-04  0.188E-02  0.152E-03  0.000E+00
  1.556  0.014000  0.000    1.554    1.3846    3.6703    3.6703    1.2885    1.6771    0.9741    1.0586    0.7242  5.222E+11  1.0000   2.879  0.000E+00      0.00      0.00      0.00  0.0000 -10.630   0.000  0.0004  0.702E+00  0.283E+00  0.157E-02  0.680E-04  0.145E-02  0.571E-02  0.734E-05  0.101E-04  0.188E-02  0.152E-03  0.000E+00
  1.557  0.014000  0.000    1.555    1.4162    3.6686    3.6686    1.2094    1.6065    0.9895    1.0670    0.7310  5.458E+11  1.0000   2.841  0.000E+00      0.00      0.00      0.00  0.0000 -10.580   0.000  0.0005  0.702E+00  0.284E+00  0.156E-02  0.678E-04  0.146E-02  0.571E-02  0.771E-05  0.101E-04  0.188E-02  0.152E-03  0.000E+00
  1.558  0.014000  0.000    1.556    1.4480    3.6669    3.6669    1.1300    1.5355    1.0050    1.0755    0.7378  5.705E+11  1.0000   2.802  0.000E+00      0.00      0.00      0.00  0.0000 -10.530   0.000  0.0005  0.701E+00  0.284E+00  0.156E-02  0.676E-04  0.147E-02  0.571E-02  0.807E-05  0.101E-04  0.188E-02  0.152E-03  0.000E+00
  1.558  0.014000  0.000    1.556    1.4649    3.6660    3.6660    1.0878    1.4979    1.0135    1.0801    0.7416  5.842E+11  1.0000   2.782  0.000E+00      0.00      0.00      0.00  0.0000 -10.503   0.000  0.0005  0.701E+00  0.284E+00  0.156E-02  0.675E-04  0.147E-02  0.571E-02  0.820E-05  0.101E-04  0.188E-02  0.152E-03  0.000E+00
  1.559  0.014000  0.000    1.556    1.4837    3.6649    3.6649    1.0408    1.4564    1.0236    1.0856    0.7460  6.000E+11  1.0000   2.759  0.000E+00      0.00      0.00      0.00  0.0000 -10.473   0.000  0.0005  0.701E+00  0.284E+00  0.155E-02  0.675E-04  0.147E-02  0.571E-02  0.821E-05  0.101E-04  0.188E-02  0.152E-03  0.000E+00
  1.559  0.014000  0.000    1.557    1.5025    3.6638    3.6638    0.9937    1.4148    1.0337    1.0911    0.7504  6.163E+11  1.0000   2.736  0.000E+00      0.00      0.00      0.00  0.0000 -10.442   0.000  0.0006  0.701E+00  0.284E+00  0.155E-02  0.675E-04  0.147E-02  0.571E-02  0.822E-05  0.101E-04  0.188E-02  0.152E-03  0.000E+00
  1.560  0.014000  0.000    1.557    1.5214    3.6627    3.6627    0.9466    1.3732    1.0438    1.0966    0.7549  6.330E+11  1.0000   2.713  0.000E+00      0.00      0.00      0.00  0.0000 -10.412   0.000  0.0006  0.701E+00  0.284E+00  0.155E-02  0.675E-04  0.147E-02  0.571E-02  0.823E-05  0.101E-04  0.188E-02  0.152E-03  0.000E+00
  1.560  0.014000  0.000    1.558    1.5403    3.6616    3.6616    0.8994    1.3315    1.0539    1.1021    0.7594  6.503E+11  1.0000   2.689  0.000E+00      0.00      0.00      0.00  0.0000 -10.381   0.000  0.0006  0.701E+00  0.284E+00  0.155E-02  0.675E-04  0.147E-02  0.571E-02  0.824E-05  0.100E-04  0.188E-02  0.152E-03  0.000E+00
  1.561  0.014000  0.000    1.558    1.5592    3.6605    3.6605    0.8521    1.2898    1.0641    1.1077    0.7639  6.680E+11  1.0000   2.666  0.000E+00      0.00      0.00      0.00  0.0000 -10.350   0.000  0.0006  0.701E+00  0.284E+00  0.155E-02  0.675E-04  0.147E-02  0.571E-02  0.825E-05  0.100E-04  0.188E-02  0.152E-03  0.000E+00
  1.561  0.014000  0.000    1.558    1.5773    3.6594    3.6594    0.8069    1.2498    1.0737    1.1129    0.7682  6.853E+11  1.0000   2.644  0.000E+00      0.00      0.00      0.00  0.0000 -10.321   0.000  0.0007  0.701E+00  0.284E+00  0.155E-02  0.675E-04  0.147E-02  0.571E-02  0.826E-05  0.100E-04  0.188E-02  0.152E-03  0.000E+00
  1.562  0.014000  0.000    1.559    1.5952    3.6584    3.6584    0.7619    1.2100    1.0832    1.1181    0.7724  7.030E+11  1.0000   2.622  0.000E+00      0.00      0.00      0.00  0.0000 -10.292   0.000  0.0007  0.701E+00  0.284E+00  0.155E-02  0.675E-04  0.147E-02  0.571E-02  0.827E-05  0.100E-04  0.188E-02  0.152E-03  0.000E+00
  1.562  0.014000  0.000    1.559    1.6132    3.6573    3.6573    0.7171    1.1704    1.0927    1.1233    0.7766  7.211E+11  1.0000   2.600  0.000E+00      0.00      0.00      0.00  0.0000 -10.263   0.000  0.0007  0.701E+00  0.284E+00  0.155E-02  0.675E-04  0.147E-02  0.571E-02  0.828E-05  0.100E-04  0.188E-02  0.152E-03  0.000E+00
  1.562  0.014000  0.000    1.559    1.6310    3.6563    3.6563    0.6724    1.1309    1.1021    1.1284    0.7808  7.396E+11  1.0000   2.578  0.000E+00      0.00      0.00      0.00  0.0000 -10.234   0.000  0.0007  0.701E+00  0.284E+00  0.155E-02  0.675E-04  0.147E-02  0.571E-02  0.829E-05  0.100E-04  0.188E-02  0.152E-03  0.000E+00
  1.563  0.014000  0.000    1.560    1.6488    3.6553    3.6553    0.6279    1.0914    1.1115    1.1336    0.7849  7.585E+11  1.0000   2.556  0.000E+00      0.00      0.00      0.00  0.0000 -10.205   0.000  0.0008  0.701E+00  0.284E+00  0.155E-02  0.675E-04  0.147E-02  0.571E-02  0.830E-05  0.100E-04  0.188E-02  0.152E-03  0.000E+00
  1.563  0.014000  0.000    1.560    1.6696    3.6540    3.6540    0.5761    1.0460    1.1231    1.1399    0.7901  7.813E+11  1.0000   2.530  0.000E+00      0.00      0.00      0.00  0.0000 -10.172   0.000  0.0008  0.701E+00  0.284E+00  0.155E-02  0.675E-04  0.147E-02  0.571E-02  0.831E-05  0.100E-04  0.188E-02  0.152E-03  0.000E+00
  1.564  0.014000  0.000    1.560    1.6921    3.6526    3.6526    0.5196    0.9966    1.1360    1.1469    0.7959  8.071E+11  1.0000   2.502  0.000E+00      0.00      0.00      0.00  0.0000 -10.135   0.000  0.0009  0.701E+00  0.284E+00  0.155E-02  0.675E-04  0.147E-02  0.571E-02  0.832E-05  0.100E-04  0.188E-02  0.152E-03  0.000E+00
  1.564  0.014000  0.000    1.560    1.7147    3.6512    3.6512    0.4632    0.9472    1.1490    1.1540    0.8016  8.338E+11  1.0000   2.474  0.000E+00      0.00      0.00      0.00  0.0000 -10.099   0.000  0.0009  0.701E+00  0.284E+00  0.155E-02  0.675E-04  0.147E-02  0.571E-02  0.833E-05  0.100E-04  0.188E-02  0.152E-03  0.000E+00
  1.565  0.014000  0.000    1.561    1.7373    3.6498    3.6498    0.4068    0.8981    1.1620    1.1610    0.8074  8.613E+11  1.0000   2.446  0.000E+00      0.00      0.00      0.00  0.0000 -10.062   0.000  0.0009  0.701E+00  0.284E+00  0.155E-02  0.675E-04  0.147E-02  0.571E-02  0.834E-05  0.100E-04  0.188E-02  0.152E-03  0.000E+00
  1.565  0.014000  0.000    1.561    1.7598    3.6484    3.6484    0.3505    0.8503    1.1761    1.1681    0.8132  8.897E+11  1.0000   2.418  0.000E+00      0.00      0.00      0.00  0.0000 -10.026   0.000  0.0010  0.701E+00  0.284E+00  0.155E-02  0.675E-04  0.147E-02  0.571E-02  0.835E-05  0.100E-04  0.188E-02  0.152E-03  0.000E+00
  1.566  0.014000  0.000    1.561    1.7798    3.6472    3.6472    0.3006    0.8079    1.1885    1.1742    0.8183  9.155E+11  1.0000   2.393  0.000E+00      0.00      0.00      0.00  0.0000  -9.993   0.000  0.0010  0.701E+00  0.284E+00  0.155E-02  0.675E-04  0.147E-02  0.571E-02  0.836E-05  0.100E-04  0.188E-02  0.152E-03  0.000E+00
  1.567  0.014000  0.000    1.561    1.8086    3.6454    3.6454    0.2286    0.7462    1.2056    1.1828    0.8253  9.539E+11  1.0000   2.358  0.000E+00      0.00      0.00      0.00  0.0000  -9.947   0.000  0.0011  0.701E+00  0.284E+00  0.155E-02  0.675E-04  0.147E-02  0.571E-02  0.838E-05  0.100E-04  0.188E-02  0.152E-03  0.000E+00
  1.568  0.014000  0.000    1.562    1.8379    3.6437    3.6437    0.1552    0.6835    1.2230    1.1915    0.8325  9.946E+11  1.0000   2.321  0.000E+00      0.00      0.00      0.00  0.0000  -9.900   0.000  0.0012  0.701E+00  0.284E+00  0.155E-02  0.675E-04  0.147E-02  0.571E-02  0.840E-05  0.100E-04  0.188E-02  0.152E-03  0.000E+00
  1.568  0.014000  0.000    1.562    1.8544    3.6427    3.6427    0.1139    0.6482    1.2330    1.1965    0.8366  1.018E+12  1.0000   2.301  0.000E+00      0.00      0.00      0.00  0.0000  -9.873   0.000  0.0013  0.701E+00  0.284E+00  0.155E-02  0.675E-04  0.147E-02  0.571E-02  0.841E-05  0.100E-04  0.188E-02  0.152E-03  0.000E+00
  1.568  0.014000  0.000    1.562    1.8750    3.6414    3.6414    0.0625    0.6048    1.2461    1.2031    0.8421  1.049E+12  1.0000   2.275  0.000E+00      0.00      0.00      0.00  0.0000  -9.840   0.000  0.0013  0.701E+00  0.284E+00  0.155E-02  0.675E-04  0.147E-02  0.571E-02  0.842E-05  0.100E-04  0.188E-02  0.152E-03  0.000E+00
  1.569  0.014000  0.000    1.562    1.8956    3.6401    3.6401    0.0110    0.5613    1.2593    1.2096    0.8475  1.081E+12  1.0000   2.249  0.000E+00      0.00      0.00      0.00  0.0000  -9.806   0.000  0.0014  0.701E+00  0.284E+00  0.155E-02  0.675E-04  0.147E-02  0.571E-02  0.842E-05  0.100E-04  0.188E-02  0.152E-03  0.000E+00
  1.569  0.014000  0.000    1.562    1.9162    3.6388    3.6388   -0.0405    0.5178    1.2724    1.2162    0.8530  1.113E+12  1.0000   2.223  0.000E+00      0.00      0.00      0.00  0.0000  -9.773   0.000  0.0015  0.701E+00  0.284E+00  0.155E-02  0.675E-04  0.147E-02  0.571E-02  0.843E-05  0.100E-04  0.188E-02  0.152E-03  0.000E+00
  1.569  0.014000  0.000    1.562    1.9368    3.6374    3.6374   -0.0920    0.4742    1.2856    1.2228    0.8585  1.147E+12  1.0000   2.197  0.000E+00      0.00      0.00      0.00  0.0000  -9.739   0.000  0.0016  0.701E+00  0.284E+00  0.155E-02  0.675E-04  0.147E-02  0.571E-02  0.843E-05  0.100E-04  0.188E-02  0.152E-03  0.000E+00
  1.569  0.014000  0.000    1.562    1.9574    3.6361    3.6361   -0.1436    0.4307    1.2988    1.2294    0.8640  1.182E+12  1.0000   2.172  0.000E+00      0.00      0.00      0.00  0.0000  -9.706   0.000  0.0016  0.701E+00  0.284E+00  0.155E-02  0.675E-04  0.147E-02  0.571E-02  0.844E-05  0.100E-04  0.188E-02  0.152E-03  0.000E+00
  1.569  0.014000  0.000    1.562    1.9781    3.6348    3.6348   -0.1952    0.3871    1.3120    1.2360    0.8695  1.218E+12  1.0000   2.146  0.000E+00      0.00      0.00      0.00  0.0000  -9.672   0.000  0.0017  0.701E+00  0.284E+00  0.155E-02  0.675E-04  0.147E-02  0.571E-02  0.844E-05  0.100E-04  0.188E-02  0.152E-03  0.000E+00
  1.570  0.014000  0.000    1.562    1.9987    3.6335    3.6335   -0.2469    0.3434    1.3252    1.2426    0.8751  1.255E+12  1.0000   2.120  0.000E+00      0.00      0.00      0.00  0.0000  -9.638   0.000  0.0018  0.701E+00  0.284E+00  0.155E-02  0.675E-04  0.147E-02  0.571E-02  0.845E-05  0.100E-04  0.188E-02  0.152E-03  0.000E+00
  1.570  0.014000  0.000    1.562    2.0194    3.6322    3.6322   -0.2986    0.2998    1.3384    1.2492    0.8806  1.293E+12  1.0000   2.094  0.000E+00      0.00      0.00      0.00  0.0000  -9.605   0.000  0.0019  0.701E+00  0.284E+00  0.155E-02  0.674E-04  0.147E-02  0.571E-02  0.845E-05  0.100E-04  0.188E-02  0.152E-03  0.000E+00
  1.570  0.014000  0.000    1.562    2.0401    3.6308    3.6308   -0.3503    0.2561    1.3517    1.2558    0.8862  1.332E+12  1.0000   2.068  0.000E+00      0.00      0.00      0.00  0.0000  -9.571   0.000  0.0019  0.701E+00  0.284E+00  0.155E-02  0.674E-04  0.147E-02  0.571E-02  0.846E-05  0.100E-04  0.188E-02  0.152E-03  0.000E+00
  1.570  0.014000  0.000    1.562    2.0608    3.6295    3.6295   -0.4020    0.2124    1.3649    1.2625    0.8918  1.372E+12  1.0000   2.042  0.000E+00      0.00      0.00      0.00  0.0000  -9.537   0.000  0.0020  0.701E+00  0.284E+00  0.155E-02  0.674E-04  0.147E-02  0.571E-02  0.846E-05  0.100E-04  0.188E-02  0.152E-03  0.000E+00
  1.570  0.014000  0.000    1.561    2.0747    3.6286    3.6286   -0.4367    0.1834    1.3743    1.2672    0.8958  1.401E+12  1.0000   2.024  0.000E+00      0.00      0.00      0.00  0.0000  -9.515   0.000  0.0021  0.701E+00  0.284E+00  0.155E-02  0.674E-04  0.147E-02  0.571E-02  0.846E-05  0.100E-04  0.188E-02  0.152E-03  0.000E+00
  1.571  0.014000  0.000    1.561    2.0923    3.6273    3.6273   -0.4806    0.1469    1.3866    1.2733    0.9010  1.437E+12  1.0000   2.001  0.000E+00      0.00      0.00      0.00  0.0000  -9.486   0.000  0.0022  0.701E+00  0.284E+00  0.155E-02  0.674E-04  0.147E-02  0.571E-02  0.847E-05  0.100E-04  0.188E-02  0.152E-03  0.000E+00
  1.571  0.014000  0.000    1.561    2.1098    3.6261    3.6261   -0.5246    0.1105    1.3989    1.2795    0.9063  1.475E+12  1.0000   1.979  0.000E+00      0.00      0.00      0.00  0.0000  -9.457   0.000  0.0024  0.701E+00  0.284E+00  0.155E-02  0.674E-04  0.147E-02  0.571E-02  0.847E-05  0.100E-04  0.188E-02  0.152E-03  0.000E+00
  1.571  0.014000  0.000    1.561    2.1274    3.6249    3.6249   -0.5685    0.0741    1.4112    1.2856    0.9115  1.514E+12  1.0000   1.956  0.000E+00      0.00      0.00      0.00  0.0000  -9.428   0.000  0.0025  0.701E+00  0.284E+00  0.155E-02  0.674E-04  0.147E-02  0.571E-02  0.847E-05  0.100E-04  0.188E-02  0.152E-03  0.000E+00
  1.571  0.014000  0.000    1.560    2.1450    3.6236    3.6236   -0.6124    0.0376    1.4236    1.2918    0.9168  1.553E+12  1.0000   1.934  0.000E+00      0.00      0.00      0.00  0.0000  -9.399   0.000  0.0026  0.701E+00  0.284E+00  0.155E-02  0.674E-04  0.148E-02  0.571E-02  0.848E-05  0.100E-04  0.188E-02  0.152E-03  0.000E+00
  1.571  0.014000  0.000    1.560    2.1626    3.6224    3.6224   -0.6564    0.0011    1.4359    1.2979    0.9221  1.594E+12  1.0000   1.911  0.000E+00      0.00      0.00      0.00  0.0000  -9.370   0.000  0.0027  0.701E+00  0.284E+00  0.155E-02  0.674E-04  0.148E-02  0.571E-02  0.848E-05  0.100E-04  0.188E-02  0.152E-03  0.000E+00
  1.571  0.014000  0.000    1.560    2.1801    3.6212    3.6212   -0.7004   -0.0333    1.4477    1.3041    0.9274  1.636E+12  1.0000   1.889  0.000E+00      0.00      0.00      0.00  0.0000  -9.341   0.000  0.0029  0.701E+00  0.284E+00  0.155E-02  0.674E-04  0.148E-02  0.571E-02  0.848E-05  0.100E-04  0.188E-02  0.152E-03  0.000E+00
  1.571  0.014000  0.000    1.560    2.1977    3.6199    3.6199   -0.7444   -0.0665    1.4592    1.3103    0.9327  1.679E+12  1.0000   1.866  0.000E+00      0.00      0.00      0.00  0.0000  -9.312   0.000  0.0030  0.701E+00  0.284E+00  0.155E-02  0.674E-04  0.148E-02  0.571E-02  0.848E-05  0.100E-04  0.188E-02  0.152E-03  0.000E+00
  1.571  0.014000  0.000    1.559    2.2154    3.6187    3.6187   -0.7884   -0.0999    1.4707    1.3165    0.9381  1.723E+12  1.0000   1.843  0.000E+00      0.00      0.00      0.00  0.0000  -9.283   0.000  0.0031  0.701E+00  0.284E+00  0.155E-02  0.674E-04  0.148E-02  0.571E-02  0.849E-05  0.100E-04  0.188E-02  0.152E-03  0.000E+00
  1.572  0.014000  0.000    1.559    2.2330    3.6175    3.6175   -0.8324   -0.1332    1.4822    1.3226    0.9435  1.769E+12  1.0000   1.821  0.000E+00      0.00      0.00      0.00  0.0000  -9.254   0.000  0.0033  0.701E+00  0.284E+00  0.155E-02  0.674E-04  0.148E-02  0.571E-02  0.849E-05  0.100E-04  0.188E-02  0.152E-03  0.000E+00
  1.572  0.014000  0.000    1.559    2.2506    3.6162    3.6162   -0.8764   -0.1665    1.4938    1.3288    0.9488  1.815E+12  1.0000   1.798  0.000E+00      0.00      0.00      0.00  0.0000  -9.225   0.000  0.0034  0.701E+00  0.284E+00  0.155E-02  0.674E-04  0.148E-02  0.571E-02  0.849E-05  0.100E-04  0.188E-02  0.152E-03  0.000E+00
  1.572  0.014000  0.000    1.559    2.2682    3.6150    3.6150   -0.9205   -0.1999    1.5053    1.3350    0.9542  1.863E+12  1.0000   1.775  0.000E+00      0.00      0.00      0.00  0.0000  -9.196   0.000  0.0035  0.701E+00  0.284E+00  0.155E-02  0.674E-04  0.148E-02  0.571E-02  0.849E-05  0.100E-04  0.188E-02  0.152E-03  0.000E+00
  1.572  0.014000  0.000    1.558    2.2858    3.6138    3.6138   -0.9646   -0.2332    1.5169    1.3412    0.9597  1.912E+12  1.0000   1.753  0.000E+00      0.00      0.00      0.00  0.0000  -9.167   0.000  0.0036  0.701E+00  0.284E+00  0.155E-02  0.674E-04  0.148E-02  0.571E-02  0.850E-05  0.100E-04  0.188E-02  0.152E-03  0.000E+00
  1.572  0.014000  0.000    1.558    2.3035    3.6125    3.6125   -1.0087   -0.2666    1.5284    1.3474    0.9651  1.962E+12  1.0000   1.730  0.000E+00      0.00      0.00      0.00  0.0000  -9.138   0.000  0.0038  0.701E+00  0.284E+00  0.155E-02  0.674E-04  0.148E-02  0.571E-02  0.850E-05  0.100E-04  0.188E-02  0.152E-03  0.000E+00
  1.572  0.014000  0.000    1.558    2.3211    3.6113    3.6113   -1.0528   -0.2999    1.5400    1.3536    0.9706  2.014E+12  1.0000   1.707  0.000E+00      0.00      0.00      0.00  0.0000  -9.109   0.000  0.0039  0.701E+00  0.284E+00  0.155E-02  0.674E-04  0.148E-02  0.571E-02  0.850E-05  0.100E-04  0.188E-02  0.152E-03  0.000E+00
  1.572  0.014000  0.000    1.557    2.3388    3.6100    3.6100   -1.0969   -0.3333    1.5516    1.3598    0.9761  2.067E+12  1.0000   1.685  0.000E+00      0.00      0.00      0.00  0.0000  -9.080   0.000  0.0040  0.701E+00  0.284E+00  0.155E-02  0.674E-04  0.148E-02  0.571E-02  0.850E-05  0.100E-04  0.188E-02  0.152E-03  0.000E+00
  1.572  0.014000  0.000    1.557    2.3564    3.6088    3.6088   -1.1411   -0.3667    1.5631    1.3660    0.9816  2.122E+12  1.0000   1.662  0.000E+00      0.00      0.00      0.00  0.0000  -9.051   0.000  0.0042  0.701E+00  0.284E+00  0.155E-02  0.674E-04  0.148E-02  0.571E-02  0.851E-05  0.100E-04  0.188E-02  0.152E-03  0.000E+00
  1.573  0.014000  0.000    1.557    2.3741    3.6076    3.6076   -1.1852   -0.4001    1.5747    1.3722    0.9871  2.178E+12  1.0000   1.639  0.000E+00      0.00      0.00      0.00  0.0000  -9.022   0.000  0.0043  0.701E+00  0.284E+00  0.155E-02  0.674E-04  0.148E-02  0.571E-02  0.851E-05  0.100E-04  0.188E-02  0.152E-03  0.000E+00
  1.573  0.014000  0.000    1.557    2.3918    3.6063    3.6063   -1.2294   -0.4335    1.5863    1.3784    0.9927  2.235E+12  1.0000   1.617  0.000E+00      0.00      0.00      0.00  0.0000  -8.993   0.000  0.0044  0.701E+00  0.284E+00  0.155E-02  0.674E-04  0.148E-02  0.571E-02  0.851E-05  0.100E-04  0.188E-02  0.152E-03  0.000E+00
  1.573  0.014000  0.000    1.556    2.4094    3.6051    3.6051   -1.2736   -0.4670    1.5979    1.3846    0.9983  2.294E+12  1.0000   1.594  0.000E+00      0.00      0.00      0.00  0.0000  -8.964   0.000  0.0045  0.701E+00  0.284E+00  0.155E-02  0.674E-04  0.148E-02  0.571E-02  0.851E-05  0.100E-04  0.188E-02  0.152E-03  0.000E+00
  1.573  0.014000  0.000    1.554    2.4370    3.6028    3.6028   -1.3425   -0.5160    1.6193    1.3961    1.0086  2.393E+12  1.0000   1.556  0.000E+00      0.00      0.00      0.00  0.0000  -8.917   0.000  0.0053  0.701E+00  0.284E+00  0.155E-02  0.674E-04  0.148E-02  0.571E-02  0.852E-05  0.100E-04  0.188E-02  0.152E-03  0.000E+00
  1.573  0.014000  0.000    1.548    2.4868    3.5981    3.5981   -1.4671   -0.6002    1.6627    1.4193    1.0299  2.590E+12  1.0000   1.486  0.000E+00      0.00      0.00      0.00  0.0000  -8.831   0.000  0.0075  0.701E+00  0.284E+00  0.155E-02  0.674E-04  0.148E-02  0.571E-02  0.852E-05  0.100E-04  0.188E-02  0.152E-03  0.000E+00
  1.573  0.014000  0.000    1.542    2.5366    3.5935    3.5935   -1.5916   -0.6845    1.7062    1.4426    1.0515  2.802E+12  1.0000   1.416  0.000E+00      0.00      0.00      0.00  0.0000  -8.745   0.000  0.0096  0.701E+00  0.284E+00  0.155E-02  0.674E-04  0.148E-02  0.571E-02  0.852E-05  0.100E-04  0.188E-02  0.152E-03  0.000E+00
  1.573  0.014000  0.000    1.535    2.5865    3.5888    3.5888   -1.7161   -0.7486    1.7411    1.4658    1.0734  3.032E+12  1.0000   1.346  0.000E+00      0.00      0.00      0.00  0.0000  -8.659   0.000  0.0118  0.701E+00  0.284E+00  0.155E-02  0.674E-04  0.148E-02  0.571E-02  0.853E-05  0.100E-04  0.188E-02  0.152E-03  0.000E+00
  1.573  0.014000  0.000    1.529    2.6363    3.5842    3.5842   -1.8407   -0.8034    1.7721    1.4891    1.0957  3.280E+12  1.0000   1.276  0.000E+00      0.00      0.00      0.00  0.0000  -8.574   0.000  0.0140  0.701E+00  0.284E+00  0.155E-02  0.674E-04  0.148E-02  0.571E-02  0.853E-05  0.100E-04  0.188E-02  0.152E-03  0.000E+00
  1.573  0.014000  0.000    1.523    2.6861    3.5795    3.5795   -1.9652   -0.8581    1.8032    1.5124    1.1185  3.549E+12  1.0000   1.205  0.000E+00      0.00      0.00      0.00  0.0000  -8.488   0.000  0.0161  0.701E+00  0.284E+00  0.155E-02  0.674E-04  0.148E-02  0.571E-02  0.853E-05  0.100E-04  0.188E-02  0.152E-03  0.000E+00
  1.574  0.014000  0.000    1.516    2.7359    3.5749    3.5749   -2.0898   -0.9129    1.8342    1.5356    1.1416  3.840E+12  1.0000   1.135  0.000E+00      0.00      0.00      0.00  0.0000  -8.402   0.000  0.0183  0.701E+00  0.284E+00  0.155E-02  0.674E-04  0.148E-02  0.571E-02  0.853E-05  0.100E-04  0.188E-02  0.152E-03  0.000E+00
  1.574  0.014000  0.000    1.510    2.7857    3.5702    3.5702   -2.2144   -0.9652    1.8450    1.5488    1.1550  4.155E+12  1.0000   1.065  0.000E+00      0.00      0.00      0.00  0.0000  -8.316   0.000  0.0205  0.701E+00  0.284E+00  0.155E-02  0.674E-04  0.148E-02  0.571E-02  0.854E-05  0.100E-04  0.188E-02  0.152E-03  0.000E+00
  1.574  0.014000  0.000    1.504    2.8356    3.5656    3.5656   -2.3389   -1.0168    1.8512    1.5597    1.1661  4.495E+12  1.0000   0.995  0.000E+00      0.00      0.00      0.00  0.0000  -8.230   0.000  0.0227  0.701E+00  0.284E+00  0.155E-02  0.674E-04  0.148E-02  0.571E-02  0.854E-05  0.100E-04  0.188E-02  0.152E-03  0.000E+00
  1.574  0.014000  0.000    1.497    2.8854    3.5609    3.5609   -2.4635   -1.0685    1.8574    1.5705    1.1773  4.864E+12  1.0000   0.924  0.000E+00      0.00      0.00      0.00  0.0000  -8.144   0.000  0.0248  0.701E+00  0.284E+00  0.155E-02  0.674E-04  0.148E-02  0.571E-02  0.854E-05  0.100E-04  0.188E-02  0.152E-03  0.000E+00
  1.574  0.014000  0.000    1.491    2.9352    3.5563    3.5563   -2.5880   -1.1202    1.8636    1.5814    1.1886  5.262E+12  1.0000   0.854  0.000E+00      0.00      0.00      0.00  0.0000  -8.058   0.000  0.0270  0.701E+00  0.284E+00  0.155E-02  0.674E-04  0.148E-02  0.571E-02  0.854E-05  0.100E-04  0.188E-02  0.152E-03  0.000E+00
  1.574  0.014000  0.000    1.485    2.9850    3.5516    3.5516   -2.7126   -1.1719    1.8699    1.5922    1.2000  5.694E+12  1.0000   0.784  0.000E+00      0.00      0.00      0.00  0.0000  -7.972   0.000  0.0292  0.701E+00  0.284E+00  0.155E-02  0.674E-04  0.148E-02  0.571E-02  0.855E-05  0.100E-04  0.188E-02  0.152E-03  0.000E+00
  1.574  0.014000  0.000    1.478    3.0349    3.5470    3.5470   -2.8372   -1.4496    1.9091    1.6911    1.3259  6.160E+12  1.0000   0.714  0.000E+00      0.00      0.00      0.00  0.0000  -7.887   0.000  0.0313  0.701E+00  0.284E+00  0.155E-02  0.674E-04  0.148E-02  0.571E-02  0.855E-05  0.100E-04  0.188E-02  0.152E-03  0.000E+00
  1.574  0.014000  0.000    1.472    3.0847    3.5423    3.5423   -2.9618   -1.5164    1.9237    1.7011    1.3358  6.665E+12  1.0000   0.643  0.000E+00      0.00      0.00      0.00  0.0000  -7.801   0.000  0.0335  0.701E+00  0.284E+00  0.155E-02  0.674E-04  0.148E-02  0.571E-02  0.855E-05  0.100E-04  0.188E-02  0.152E-03  0.000E+00
  1.575  0.014000  0.000    1.459    3.1844    3.5330    3.5330   -3.2109   -1.6813    1.9441    1.7069    1.3415  7.803E+12  1.0000   0.503  0.000E+00      0.00      0.00      0.00  0.0000  -7.629   0.000  0.0379  0.701E+00  0.284E+00  0.155E-02  0.674E-04  0.148E-02  0.571E-02  0.856E-05  0.100E-04  0.188E-02  0.152E-03  0.000E+00
  1.575  0.014000  0.000    1.447    3.2840    3.5237    3.5237   -3.4601   -1.8461    1.9644    1.7127    1.3473  9.135E+12  1.0000   0.362  0.000E+00      0.00      0.00      0.00  0.0000  -7.457   0.000  0.0422  0.702E+00  0.284E+00  0.155E-02  0.674E-04  0.148E-02  0.571E-02  0.856E-05  0.100E-04  0.188E-02  0.152E-03  0.000E+00
