No	Ref	V_mag	B-V	Spectral_Type	Mass
0002	13	7.040	0.440	F5	1.4
0021	13	7.520	-0.300	B0	17.5
0022	13	8.870	-0.170	B3	5.9
0026	13	9.500	-0.100	B9
0039	13	10.310	0.040	F5	1.4
0049	13	8.320	-0.290	B0	17.5
0053	13	9.270	-0.260	B1
0069	13	9.830	-0.180	B5	5.9
0070	13	5.470	-0.220	B0	25
0072	13	0.240	-0.110	B8	3.8
0074	13	8.810	1.100	K4
0103	13	8.220	-0.300	O8
0104	13	6.050	-0.350	F5	1.4
0107	13	9.540	0.560	G0	1.05
0108	13	10.640	-0.020	B9
0109	13	11.520	0.030	A2
0111	13	9.300	-0.240	B2
0112	13	7.340	-0.320	O8	23
0118	13	7.970	-0.310	O8	23
0119	13	9.310	1.040	K4
0121	13	8.990	-0.250	B0	25
0136	13	8.380	-0.260	B1
0138	13	7.300	-0.320	O7
0139	13	10.680	-0.180	B2
0148	13	5.560	-0.350	O5	60
0149	13	9.300	-0.200	B3	7.6
0156	13	6.570	-0.280	B0	17.5
0157	13	11.150	-0.160	B5	5.9
0160	13	5.170	-0.320	07
0162	13	10.250	-0.220	B5	5.9
0163	13	9.550	-0.240	B2
0165	13	10.220	-0.260	B1
0169	13	8.980	-0.240	B2
0170	13	8.280	-0.130	B7
0174	13	9.180	-0.240	A2
0175	13	10.500	-0.180	B5	5.9
0180	13	10.410	-0.140	B7
0183	13	8.690	-0.280	B0	17.5
0184	13	11.090	-0.070	B9
0185	13	8.870	-0.240	B2
0187	13	9.890	-0.110	B8
0188	13	10.150	-0.240	B2
0189	13	11.320	-0.110	B8
0192	13	6.250	-0.350	O5	60
0195	13	10.800	0.870	K0	0.79
0201	13	9.460	-0.290	B0	17.5
0211	13	8.620	-0.260	B1
0215	13	9.300	0.900	G8
0221	13	9.610	-0.100	B8	3.8
0232	13	6.930	-0.310	O8	23
0244	13	10.670	-0.010	A0	2.9
0250	13	10.210	0.030	A2
0258	13	8.080	-0.280	B0	17.5
0260	13	9.470	-0.240	B2
0262	13	9.500	-0.270	B1
0277	13	10.190	-0.230	B0
0278	13	10.000	-0.020	A0	16
0288	13	9.110	-0.250	B2
0290	13	9.370	-0.030	A0	2.9
0300	13	10.370	-0.060	B9
0301	13	9.490	-0.160	B5	17.5
0303	13	9.660	-0.020	A0	2.9
0308	13	9.080	0.950	G8
0339	13	10.930	-0.060	B9
0341	13	10.020	-0.070	B9
0346	13	11.290	-0.040	A0	2.9
