 6314.89  0.2054770
 6317.60  0.1568073
 6320.32  0.1088593
 6323.04  0.1082856
 6325.75  0.0692311
 6328.47  0.1123104
 6331.19  0.1353774
 6333.91  0.0662784
 6336.62  0.0683517
 6339.34  0.0998543
 6342.06  0.0667006
 6344.78  0.0365461
 6347.49  0.1458996
 6350.21  0.1836620
 6352.93  0.1330381
 6355.64  0.1245315
 6358.36  0.0963370
 6361.08  0.1488432
 6363.80  0.1657906
 6366.51  0.1252602
 6369.23  0.1218145
 6371.95  0.1141332
 6374.66  0.1060276
 6377.38  0.1484844
 6380.10  0.1162731
 6382.82  0.1572234
 6385.53  0.1256948
 6388.25  0.1099788
 6390.97  0.1391817
 6393.69  0.1299453
 6396.40  0.0798118
 6399.12  0.0661010
 6401.84  0.0908972
 6404.55  0.0722609
 6407.27  0.0826810
 6409.99  0.1002539
 6412.71  0.1270775
 6415.42  0.1149700
 6418.14  0.0838718
 6420.86  0.0748796
 6423.57  0.1062801
 6426.29  0.1024746
 6429.01  0.1194885
 6431.73  0.1485403
 6434.44  0.1192460
 6437.16  0.1412095
 6439.88  0.1405709
 6442.60  0.0874433
 6445.31  0.0892204
 6448.03  0.0922635
 6450.75  0.1205791
 6453.46  0.1429423
 6456.18  0.1073543
 6458.90  0.0939808
 6461.62  0.1388904
 6464.33  0.1267835
 6467.05  0.1290658
 6469.77  0.2042995
 6472.48  0.1630525
 6475.20  0.1240156
 6477.92  0.1128186
 6480.64  0.0767007
 6483.35  0.0877559
 6486.07  0.1206103
 6488.79  0.1387809
 6491.51  0.2184724
 6494.22  0.1639121
 6496.94  0.1071945
 6499.66  0.1098779
 6502.37  0.0981223
 6505.09  0.1466139
 6507.81  0.1680120
 6510.53  0.1231123
 6513.24  0.1045004
 6515.96  0.1374018
 6518.68  0.1074786
 6521.40  0.1185150
 6524.11  0.1384829
 6526.83  0.1162864
 6529.55  0.1013128
 6532.26  0.1553410
 6534.98  0.1112265
 6537.70  0.0688187
 6540.42  0.1100441
 6543.13  0.1164945
 6545.85  0.1269817
 6548.57  0.1402271
 6551.28  0.0885273
 6554.00  0.1228315
 6556.72  0.2645775
 6559.44  0.3510299
 6562.15  0.6314987
 6564.87  0.9087108
 6567.59  0.6883252
 6570.31  0.3185413
 6573.02  0.2407210
 6575.74  0.1985801
 6578.46  0.1438722
 6581.17  0.1056874
 6583.89  0.1608794
 6586.61  0.1535614
 6589.33  0.1018586
 6592.04  0.1109206
 6594.76  0.1379288
 6597.48  0.1432294
 6600.19  0.1851408
 6602.91  0.1320971
 6605.63  0.1207751
 6608.35  0.0807163
 6611.06  0.1094206
 6613.78  0.1248232
 6616.50  0.1579907
 6619.22  0.1783011
 6621.93  0.1876103
 6624.65  0.0987630
 6627.37  0.0889386
 6630.08  0.0974737
 6632.80  0.1367619
 6635.52  0.1655185
 6638.24  0.1882109
 6640.95  0.1691354
 6643.67  0.1847000
 6646.39  0.1662160
 6649.10  0.0955775
 6651.82  0.1722825
 6654.54  0.2074709
 6657.26  0.1716099
 6659.97  0.1569221
 6662.69  0.1551166
 6665.41  0.1651493
 6668.13  0.1446562
 6670.84  0.1324317
 6673.56  0.1390734
 6676.28  0.1722202
 6678.99  0.1612972
 6681.71  0.1030304
 6684.43  0.0831629
 6687.15  0.0958426
 6689.86  0.0867942
 6692.58  0.1423403
 6695.30  0.1516862
 6698.01  0.0603262
 6700.73  0.0897323
 6703.45  0.1050528
 6706.17  0.0789346
 6708.88  0.0794104
 6711.60  0.0507928
 6714.32  0.0612918
 6717.04  0.0910607
 6719.75  0.0976795
 6722.47  0.1464105
 6725.19  0.1452038
 6727.90  0.1237629
 6730.62  0.1132646
 6733.34  0.1272552
 6736.06  0.1640824
 6738.77  0.1391114
 6741.49  0.1332842
 6744.21  0.1541598
 6746.92  0.0877854
 6749.64  0.1373852
 6752.36  0.1898890
 6755.08  0.1477107
 6757.79  0.1709706
 6760.51  0.2069211
 6763.23  0.1393034
 6765.95  0.1727560
 6768.66  0.1848891
 6771.38  0.1995438
 6774.10  0.2451672
 6776.81  0.2115355
 6779.53  0.1611517
 6782.25  0.1601939
 6784.97  0.1456227
 6787.68  0.1478279
 6790.40  0.1478237
 6793.12  0.1611865
 6795.84  0.1806861
 6798.55  0.1877571
 6801.27  0.2470858
 6803.99  0.2556759
 6806.70  0.1912925
 6809.42  0.1321487
 6812.14  0.1900129
 6814.86  0.1923315
 6817.57  0.1955334
 6820.29  0.1375234
 6823.01  0.1395912
 6825.72  0.2177987
 6828.44  0.1976052
 6831.16  0.1859418
 6833.88  0.2727373
 6836.59  0.2699974
 6839.31  0.1877014
 6842.03  0.1513205
 6844.75  0.1058324
 6847.46  0.1436925
 6850.18  0.1846726
 6852.90  0.2083588
 6855.61  0.2227536
 6858.33  0.1778678
 6861.05  0.1381297
 6863.77  0.2446055
 6866.48  0.2708376
 6869.20  0.2177773
 6871.92  0.1590820
 6874.63  0.1606162
 6877.35  0.1745599
 6880.07  0.1409775
 6882.79  0.2257259
 6885.50  0.2752228
 6888.22  0.1971760
 6890.94  0.1621257
 6893.66  0.1613972
 6896.37  0.2031765
 6899.09  0.1954370
 6901.81  0.1918225
 6904.52  0.1339030
 6907.24  0.1691286
 6909.96  0.3033693
 6912.68  0.3645675
 6915.39  0.2608008
 6918.11  0.1560501
 6920.83  0.1574694
 6923.54  0.2030877
 6926.26  0.1845601
 6928.98  0.1174658
 6931.70  0.1528045
 6934.41  0.1838904
 6937.13  0.2095817
 6939.85  0.2583084
 6942.57  0.2675956
 6945.28  0.1891336
 6948.00  0.1732102
 6950.72  0.1715902
 6953.43  0.1741991
 6956.15  0.2159378
 6958.87  0.2319125
 6961.59  0.2422507
 6964.30  0.1931086
 6967.02  0.1819092
 6969.74  0.3020220
 6972.45  0.2845007
 6975.17  0.1617821
 6977.89  0.1835959
 6980.61  0.2304053
 6983.32  0.1868442
 6986.04  0.1706621
 6988.76  0.1975900
 6991.48  0.2282553
 6994.19  0.1820376
 6996.91  0.1418771
 6999.63  0.1756953
 7002.34  0.1750756
 7005.06  0.1644202
 7007.78  0.1446015
 7010.50  0.1113106
 7013.21  0.1609526
 7015.93  0.2131635
 7018.65  0.1990526
 7021.37  0.1485330
 7024.08  0.1106651
 7026.80  0.2194888
 7029.52  0.2429317
 7032.23  0.1830250
 7034.95  0.1913919
 7037.67  0.2117337
 7040.39  0.2455511
 7043.10  0.1994833
 7045.82  0.2033588
 7048.54  0.2492716
 7051.25  0.2604078
 7053.97  0.2607040
 7056.69  0.2225775
 7059.41  0.2219436
 7062.12  0.1941908
 7064.84  0.1667070
 7067.56  0.1629808
 7070.28  0.1846001
 7072.99  0.2006398
 7075.71  0.2052273
 7078.43  0.2340929
 7081.14  0.2232086
 7083.86  0.1873237
 7086.58  0.2214786
 7089.30  0.2575717
 7092.01  0.2280870
 7094.73  0.2081438
 7097.45  0.2191432
 7100.16  0.2941767
 7102.88  0.3140359
 7105.60  0.2144832
 7108.32  0.2145511
 7111.03  0.2670301
 7113.75  0.3060133
 7116.47  0.2866566
 7119.19  0.3091216
 7121.90  0.2777742
 7124.62  0.2489303
 7127.34  0.2334152
 7130.05  0.2292265
 7132.77  0.2685806
 7135.49  0.2550659
 7138.21  0.2432093
 7140.92  0.2261331
 7143.64  0.2074194
 7146.36  0.2267299
 7149.07  0.2339568
 7151.79  0.2029509
 7154.51  0.2530916
 7157.23  0.2579015
 7159.94  0.2079686
 7162.66  0.2278730
 7165.38  0.2513659
 7168.10  0.2306313
 7170.81  0.2379521
 7173.53  0.2531311
 7176.25  0.3256689
 7178.96  0.3218710
 7181.68  0.2741383
 7184.40  0.2616637
 7187.12  0.2070430
 7189.83  0.1892768
 7192.55  0.1966626
 7195.27  0.2207730
 7197.98  0.2449926
 7200.70  0.2377192
 7203.42  0.2635261
 7206.14  0.3265714
 7208.85  0.2854156
 7211.57  0.2622058
 7214.29  0.2469785
 7217.01  0.2930794
 7219.72  0.2551023
 7222.44  0.2404514
 7225.16  0.2772364
 7227.87  0.2635873
 7230.59  0.2136971
 7233.31  0.2266527
 7236.03  0.2695920
 7238.74  0.3520081
 7241.46  0.3721114
 7244.18  0.3024657
 7246.89  0.4179567
 7249.61  0.4071524
 7252.33  0.2736845
 7255.05  0.2829214
 7257.76  0.3046999
 7260.48  0.2254791
 7263.20  0.1847612
 7265.92  0.1742297
 7268.63  0.2203531
 7271.35  0.2046574
 7274.07  0.0998625
 7276.78  0.2379284
 7279.50  0.4188738
 7282.22  0.3249359
 7284.94  0.3188026
 7287.65  0.3620625
 7290.37  0.3105033
 7293.09  0.2819226
 7295.81  0.1981651
 7298.52  0.1793318
 7301.24  0.1821556
 7303.96  0.1982728
 7306.67  0.1934689
 7309.39  0.1524066
 7312.11  0.1883854
 7314.83  0.1931723
 7317.54  0.2113301
 7320.26  0.2119590
 7322.98  0.2306671
 7325.69  0.2742631
 7328.41  0.3386540
 7331.13  0.3007402
 7333.85  0.2881505
 7336.56  0.2591392
 7339.28  0.2474956
 7342.00  0.2869067
 7344.72  0.3128266
 7347.43  0.3091972
 7350.15  0.2970310
 7352.87  0.2964532
 7355.58  0.2776744
 7358.30  0.3011811
 7361.02  0.3084414
 7363.74  0.2734691
 7366.45  0.2675776
 7369.17  0.2792445
 7371.89  0.2380548
 7374.60  0.2398184
 7377.32  0.2451884
 7380.04  0.2464728
 7382.76  0.2321982
 7385.47  0.2963735
 7388.19  0.2825261
 7390.91  0.2631506
 7393.63  0.2246560
 7396.34  0.2243699
 7399.06  0.2173715
 7401.78  0.2018640
 7404.49  0.2574402
 7407.21  0.2468484
 7409.93  0.2402516
 7412.65  0.2536286
 7415.36  0.2459772
 7418.08  0.2060853
 7420.80  0.1996262
 7423.51  0.2178881
 7426.23  0.1973895
 7428.95  0.2175832
 7431.67  0.1931751
 7434.38  0.2326318
 7437.10  0.2569634
 7439.82  0.1975655
 7442.54  0.2516340
 7445.25  0.2352443
 7447.97  0.1471795
 7450.69  0.1598745
 7453.40  0.2060939
 7456.12  0.2205810
 7458.84  0.2114784
 7461.56  0.2168904
 7464.27  0.1896878
 7466.99  0.1715023
 7469.71  0.1780237
 7472.42  0.0957681
 7475.14  0.1292111
 7477.86  0.1878024
 7480.58  0.1796103
 7483.29  0.1827280
 7486.01  0.1478804
 7488.73  0.1434469
 7491.45  0.1552535
 7494.16  0.1498362
 7496.88  0.1543932
 7499.60  0.1709742
 7502.31  0.1715557
 7505.03  0.1557636
 7507.75  0.1021707
 7510.47  0.0815448
 7513.18  0.0983104
 7515.90  0.1937066
 7518.62  0.2360152
 7521.33  0.1590407
 7524.05  0.1937504
 7526.77  0.1793082
 7529.49  0.1868521
 7532.20  0.1592143
 7534.92  0.1584831
 7537.64  0.1961384
 7540.36  0.1871070
 7543.07  0.1792507
 7545.79  0.1610829
 7548.51  0.1135222
 7551.22  0.1039970
 7553.94  0.1737738
 7556.66  0.2070418
 7559.38  0.1677596
 7562.09  0.1628161
 7564.81  0.2229373
 7567.53  0.1599369
 7570.25  0.1174167
 7572.96  0.1630705
 7575.68  0.1954128
 7578.40  0.1176730
 7581.11  0.0724087
 7583.83  0.1253058
 7586.55  0.1194909
 7589.27  0.0755593
 7591.98  0.0692613
 7594.70  0.0857437
 7597.42  0.0699898
 7600.13  0.0972530
 7602.85  0.0603226
 7605.57  0.0597080
 7608.29  0.0790597
 7611.00  0.0689525
 7613.72  0.0386452
 7616.44  0.0898585
 7619.16  0.0852759
 7621.87  0.0220933
 7624.59  0.0443986
 7627.31  0.0624345
 7630.02  0.0882305
 7632.74  0.0911343
 7635.46  0.0440527
 7638.18  0.0354734
 7640.89  0.0878413
 7643.61  0.0983584
 7646.33  0.0780905
 7649.04  0.0588260
 7651.76  0.0554665
 7654.48  0.0940585
 7657.20  0.1170489
 7659.91  0.1198157
 7662.63  0.0915016
 7665.35  0.0640050
 7668.07  0.0664323
 7670.78  0.0920648
 7673.50  0.0832832
 7676.22  0.0719146
 7678.93  0.1144154
 7681.65  0.1314898
 7684.37  0.1189604
 7687.09  0.0665764
 7689.80  0.0323563
 7692.52  0.0749645
 7695.24  0.0717484
 7697.95  0.0651163
 7700.67  0.1032119
 7703.39  0.1330120
 7706.11  0.1455562
 7708.82  0.1266882
 7711.54  0.1135556
 7714.26  0.0938236
 7716.98  0.1117584
 7719.69  0.1332647
 7722.41  0.1286628
 7725.13  0.0506784
 7727.84  0.0441573
 7730.56  0.0963654
 7733.28  0.1054945
 7736.00  0.1279388
 7738.71  0.1241554
 7741.43  0.1428052
 7744.15  0.2170198
 7746.86  0.2109080
 7749.58  0.1889409
 7752.30  0.2873487
 7755.02  0.2764467
 7757.73  0.2225354
 7760.45  0.1608719
 7763.17  0.1690746
 7765.89  0.1849314
 7768.60  0.1151130
 7771.32  0.1417152
 7774.04  0.1786825
 7776.75  0.1492286
 7779.47  0.1241600
 7782.19  0.1093376
 7784.91  0.1658105
 7787.62  0.2830630
 7790.34  0.3632541
 7793.06  0.2560010
 7795.77  0.1989833
 7798.49  0.1719185
 7801.21  0.2674756
 7803.93  0.2939191
 7806.64  0.2513891
 7809.36  0.1201050
 7812.08  0.1184286
 7814.80  0.2505815
 7817.51  0.3488810
 7820.23  0.2617726
 7822.95  0.2286089
 7825.66  0.2784522
 7828.38  0.2245940
 7831.10  0.1765356
 7833.82  0.1648150
 7836.53  0.1495615
 7839.25  0.2891346
 7841.97  0.3580835
 7844.69  0.3169678
 7847.40  0.2800646
 7850.12  0.2814182
 7852.84  0.3860939
 7855.55  0.3659635
 7858.27  0.2515089
 7860.99  0.2941825
 7863.71  0.4547946
 7866.42  0.4505070
 7869.14  0.3114671
 7871.86  0.2945760
 7874.57  0.2810882
 7877.29  0.2639489
 7880.01  0.3046863
 7882.73  0.3880261
 7885.44  0.2988917
 7888.16  0.2531653
 7890.88  0.2460389
 7893.60  0.2773591
 7896.31  0.2794916
 7899.03  0.2422380
 7901.75  0.2242053
 7904.46  0.3554139
 7907.18  0.4131696
 7909.90  0.3190855
 7912.62  0.4381014
 7915.33  0.4648156
 7918.05  0.5075333
 7920.77  0.4457215
 7923.48  0.4383712
 7926.20  0.5277400
 7928.92  0.3965798
 7931.64  0.3449946
 7934.35  0.3237477
 7937.07  0.3097364
 7939.79  0.3651637
 7942.51  0.3161998
 7945.22  0.2498047
 7947.94  0.1783784
 7950.66  0.2598999
 7953.37  0.2999479
 7956.09  0.3008825
 7958.81  0.4866381
 7961.53  0.5348780
 7964.24  0.3064272
 7966.96  0.2660699
 7969.68  0.2895808
 7972.39  0.2742842
 7975.11  0.3474878
 7977.83  0.5050910
 7980.55  0.5802621
 7983.26  0.5275668
 7985.98  0.3942362
 7988.70  0.3738385
 7991.42  0.4155779
 7994.13  0.5921577
 7996.85  0.5325646
 7999.57  0.4228321
 8002.28  0.5305357
 8005.00  0.5883375
 8007.72  0.5450171
 8010.44  0.5319516
 8013.15  0.5138900
 8015.87  0.4633457
 8018.59  0.4933332
 8021.30  0.4555748
 8024.02  0.5004809
 8026.74  0.5728775
 8029.46  0.6109617
 8032.17  0.6240158
 8034.89  0.6115357
 8037.61  0.5772440
 8040.33  0.5921327
 8043.04  0.6335329
 8045.76  0.6456994
 8048.48  0.6461221
 8051.19  0.5231155
 8053.91  0.6284284
 8056.63  0.7812731
 8059.35  0.7755041
 8062.06  0.6967722
 8064.78  0.7130486
 8067.50  0.6862364
 8070.21  0.6850459
 8072.93  0.6339365
 8075.65  0.6543238
 8078.37  0.7053751
 8081.08  0.6817216
 8083.80  0.6778485
 8086.52  0.6856170
 8089.24  0.5977119
 8091.95  0.6023750
 8094.67  0.6476999
 8097.39  0.6013789
 8100.10  0.5620474
 8102.82  0.5976998
 8105.54  0.6097119
 8108.26  0.6465085
 8110.97  0.7108914
 8113.69  0.6678907
 8116.41  0.6999566
 8119.13  0.7010183
 8121.84  0.6777092
 8124.56  0.7234367
 8127.28  0.7486254
 8129.99  0.7617574
 8132.71  0.7111615
 8135.43  0.6982265
 8138.15  0.7754519
 8140.86  0.7868949
 8143.58  0.7550874
 8146.30  0.7475475
 8149.01  0.7494586
 8151.73  0.7412240
 8154.45  0.6839923
 8157.17  0.7229263
 8159.88  0.7496243
 8162.60  0.7620279
 8165.32  0.7892488
 8168.04  0.7933818
 8170.75  0.7243066
 8173.47  0.7248263
 8176.19  0.7093933
 8178.90  0.6724796
 8181.62  0.7759395
 8184.34  0.7745066
 8187.06  0.6691661
 8189.77  0.6430539
 8192.49  0.7072049
 8195.21  0.7312847
 8197.92  0.7212067
 8200.64  0.7267917
 8203.36  0.7955427
 8206.08  0.8907853
 8208.79  0.8992187
 8211.51  0.9115917
 8214.23  0.9267760
 8216.95  0.9705240
 8219.66  0.9446137
 8222.38  0.9116077
 8225.10  0.9061228
 8227.81  0.8592979
 8230.53  0.8189108
 8233.25  0.8296442
 8235.97  0.9158838
 8238.68  0.9227827
 8241.40  0.9507716
 8244.12  1.0601590
 8246.83  1.0241760
 8249.55  0.9546490
 8252.27  0.9960585
 8254.99  1.0406350
 8257.70  0.9996015
 8260.42  0.9469814
 8263.14  1.0106110
 8265.86  1.0501600
 8268.57  1.0051870
 8271.29  1.0706630
 8274.01  1.0689900
 8276.72  0.8933132
 8279.44  0.9189118
 8282.16  1.0953810
 8284.88  1.0756420
 8287.59  0.9112158
 8290.31  0.9577678
 8293.03  1.1492590
 8295.74  1.0833560
 8298.46  0.9217974
 8301.18  1.0858610
 8303.90  1.1312300
 8306.61  1.1275580
 8309.33  1.1739250
 8312.05  1.1267530
 8314.77  1.0548910
 8317.48  1.0704720
 8320.20  1.0483990
 8322.92  1.0561960
 8325.63  1.0766560
 8328.35  1.0530510
 8331.07  1.0244280
 8333.79  1.0035860
 8336.50  1.2154700
 8339.22  1.3339360
 8341.94  1.2165690
 8344.66  1.1300150
 8347.37  1.1655750
 8350.09  1.4467380
 8352.81  1.3073510
 8355.52  1.1869580
 8358.24  1.1645890
 8360.96  1.1633920
 8363.68  1.1181920
 8366.39  1.1139070
 8369.11  1.2436410
 8371.83  1.2656870
 8374.54  1.2468480
 8377.26  1.2751090
 8379.98  1.2901840
 8382.70  1.2565210
 8385.41  1.2018770
 8388.13  1.1614080
 8390.85  1.2380160
 8393.57  1.3689730
 8396.28  1.2499740
 8399.00  1.2401560
 8401.72  1.4540690
 8404.43  1.3734850
 8407.15  1.3367080
 8409.87  1.4938600
 8412.59  1.3942380
 8415.30  1.2073660
 8418.02  1.2188600
 8420.74  1.2912240
 8423.45  1.3659080
 8426.17  1.3232810
 8428.89  1.4027030
 8431.61  1.5406130
 8434.32  1.3566950
 8437.04  1.2791190
 8439.76  1.3312440
 8442.48  1.3798110
 8445.19  1.4268870
 8447.91  1.4540500
 8450.63  1.4165560
 8453.34  1.3210050
 8456.06  1.3985000
 8458.78  1.5927360
 8461.50  1.6012010
 8464.21  1.5175990
 8466.93  1.4905690
 8469.65  1.4334990
 8472.36  1.2847240
 8475.08  1.2308770
 8477.80  1.4582330
 8480.52  1.4273780
 8483.23  1.3101400
 8485.95  1.3410530
 8488.67  1.4330410
 8491.39  1.4906930
 8494.10  1.5761720
 8496.82  1.6383960
 8499.54  1.4636480
 8502.25  1.3833260
 8504.97  1.5194770
 8507.69  1.5957650
 8510.41  1.5090660
 8513.12  1.5111410
 8515.84  1.3757610
 8518.56  1.1344280
 8521.27  1.0208180
 8523.99  1.0432240
 8526.71  1.1073780
 8529.43  1.1913250
 8532.14  1.3884320
 8534.86  1.4354840
 8537.58  1.4504350
 8540.30  1.4233500
 8543.01  1.5934990
 8545.73  1.6491010
 8548.45  1.7631960
 8551.16  1.8443450
 8553.88  1.7243070
 8556.60  1.6063690
 8559.32  1.6212700
 8562.03  1.6678500
 8564.75  1.7194150
 8567.47  1.7219260
 8570.18  1.6876120
 8572.90  1.6376560
 8575.62  1.6450770
 8578.34  1.6669340
 8581.05  1.6888690
 8583.77  1.7284280
 8586.49  1.7373900
 8589.21  1.6785220
 8591.92  1.7112710
 8594.64  1.7053660
 8597.36  1.6570780
 8600.07  1.7493820
 8602.79  1.7384710
 8605.51  1.7000490
 8608.23  1.6333490
 8610.94  1.3880520
 8613.66  1.2264190
 8616.38  1.1909730
 8619.10  1.1030590
 8621.81  1.0919410
 8624.53  1.1032680
 8627.25  1.0080260
 8629.96  0.8466805
 8632.68  0.8303713
 8635.40  0.9194603
 8638.12  1.0791850
 8640.83  1.0034190
 8643.55  0.9904349
 8646.27  1.1023820
 8648.98  1.1454800
 8651.70  1.1430310
 8654.42  1.2558880
 8657.14  1.3749760
 8659.85  1.3942470
 8662.57  1.3056110
 8665.29  1.3309480
 8668.01  1.2643360
 8670.72  1.2536880
 8673.44  1.2902210
 8676.16  1.3400790
 8678.87  1.4026910
 8681.59  1.2989730
 8684.31  1.2449250
 8687.03  1.2729130
 8689.74  1.1939360
 8692.46  1.1681690
 8695.18  1.1642180
 8697.89  1.1222470
 8700.61  1.1492260
 8703.33  1.1389160
 8706.05  1.0505410
 8708.76  1.0425850
 8711.48  1.0763170
 8714.20  1.1111460
 8716.92  1.0649320
 8719.63  1.0162970
 8722.35  1.0857940
 8725.07  1.0965340
 8727.78  1.1127090
 8730.50  1.1713640
 8733.22  1.2084250
 8735.94  1.2142560
 8738.65  1.2202900
 8741.37  1.2014470
 8744.09  1.2382370
 8746.80  1.2362690
 8749.52  1.2493220
 8752.24  1.2436510
 8754.96  1.6376460
 8757.67  1.7653780
 8760.39  1.2885220
 8763.11  1.0707380
 8765.83  1.2683900
 8768.54  1.1938690
 8771.26  1.2072480
 8773.98  1.5306150
 8776.69  1.6279880
 8779.41  1.4425390
 8782.13  1.3786800
 8784.85  1.3681650
 8787.56  1.3558300
 8790.28  1.4233360
 8793.00  1.4092810
 8795.71  1.2827830
 8798.43  1.3176990
 8801.15  1.3198060
 8803.87  1.2939640
 8806.58  1.2508750
 8809.30  1.2097810
 8812.02  1.3582800
 8814.74  1.4654570
 8817.45  1.4448060
 8820.17  1.4131020
 8822.89  1.2260230
 8825.60  1.1282970
 8828.32  1.5062190
 8831.04  1.7835260
 8833.76  1.4599920
 8836.47  1.6002760
 8839.19  1.6439200
 8841.91  1.5046090
 8844.62  1.4585370
 8847.34  1.4653580
 8850.06  1.4077300
 8852.78  1.4588110
 8855.49  1.5866740
 8858.21  1.6256290
 8860.93  1.6497300
 8863.65  1.6664760
 8866.36  1.6978730
 8869.08  1.4674550
 8871.80  1.4413290
 8874.51  1.6360330
 8877.23  1.7040820
 8879.95  1.7270130
 8882.67  1.7290630
 8885.38  1.6814070
 8888.10  1.7061440
 8890.82  1.7534290
 8893.54  1.8164110
 8896.25  1.8119790
 8898.97  1.6254280
 8901.69  1.6986970
 8904.40  1.7456360
 8907.12  1.8612360
 8909.84  1.7992690
 8912.56  1.6183830
 8915.27  1.8650190
 8917.99  1.9417300
 8920.71  1.7216260
 8923.42  1.6490530
 8926.14  1.6311650
 8928.86  1.6315340
 8931.58  1.7241230
 8934.29  1.7611350
 8937.01  1.7354940
 8939.73  1.6029290
 8942.45  1.5153600
 8945.16  1.4489090
 8947.88  1.3678510
 8950.60  1.5654170
 8953.31  1.7157950
 8956.03  1.6925710
 8958.75  1.6231590
 8961.47  1.8374850
 8964.18  1.9676390
 8966.90  1.8720800
 8969.62  1.7448770
 8972.33  1.8109060
 8975.05  2.0352740
 8977.77  2.0362990
 8980.49  1.9084310
 8983.20  1.7924710
 8985.92  1.7589550
 8988.64  1.7702060
 8991.36  1.8797660
 8994.07  1.9306320
 8996.79  1.8503950
 8999.51  1.9192400
 9002.22  1.9683620
 9004.94  1.9104810
 9007.66  1.8114000
 9010.38  1.8685830
 9013.09  1.9629940
 9015.81  1.9994260
 9018.53  2.0175150
 9021.24  2.0007470
 9023.96  1.9508930
 9026.68  1.8682960
 9029.40  1.9124560
 9032.11  2.0887060
 9034.83  2.3197770
 9037.55  2.4395660
 9040.27  2.4749030
 9042.98  2.4319530
 9045.70  2.3455990
 9048.42  2.2440630
 9051.13  2.3825490
 9053.85  2.4338450
 9056.57  2.3207140
 9059.29  2.2283590
 9062.00  2.3350230
 9064.72  2.1979830
 9067.44  2.0790420
 9070.15  2.1686270
 9072.87  2.2151140
 9075.59  2.1598420
 9078.31  2.1263060
 9081.02  2.2213850
 9083.74  2.3538520
 9086.46  2.3384450
 9089.18  2.3266990
 9091.89  2.3580870
 9094.61  2.3429350
 9097.33  2.4099630
 9100.04  2.4373850
 9102.76  2.4949950
 9105.48  2.4853930
 9108.20  2.4726960
 9110.91  2.6050930
 9113.63  2.6852730
 9116.35  2.5972240
 9119.06  2.5860900
 9121.78  2.6578750
 9124.50  2.6354070
 9127.22  2.6652130
 9129.93  2.6391310
 9132.65  2.4578970
 9135.37  2.6040800
 9138.09  2.7789450
 9140.80  2.7725780
 9143.52  2.8352340
 9146.24  2.7584660
 9148.95  2.6290700
 9151.67  2.6452510
 9154.39  2.7692740
 9157.11  2.8598270
 9159.82  2.8173140
 9162.54  2.9096010
 9165.26  2.8408950
 9167.98  2.8446210
 9170.69  2.7725420
 9173.41  2.5907210
 9176.13  2.5642650
 9178.84  2.7019650
 9181.56  2.8878490
 9184.28  2.9181610
 9187.00  2.9772730
 9189.71  3.0417430
 9192.43  3.0570260
 9195.15  2.9667620
 9197.86  2.9226600
 9200.58  2.9953610
 9203.30  3.0900960
 9206.02  3.0480270
 9208.73  2.9308660
 9211.45  2.8592420
 9214.17  2.8386370
 9216.89  2.9188350
 9219.60  3.0165350
 9222.32  3.0246360
 9225.04  2.9731470
 9227.75  2.9547820
 9230.47  3.0826360
 9233.19  3.0721160
 9235.91  2.9822750
 9238.62  2.9673750
 9241.34  2.9278480
 9244.06  2.9640940
 9246.77  2.9522750
 9249.49  2.8453880
 9252.21  2.9078460
 9254.93  2.9906900
 9257.64  2.9648770
 9260.36  2.9697340
 9263.08  2.9864300
 9265.80  2.9559600
 9268.51  2.9532730
 9271.23  2.8792630
 9273.95  2.7698480
 9276.66  2.6871310
 9279.38  2.5149350
 9282.10  2.3400850
 9284.82  2.3397390
 9287.53  2.5308850
 9290.25  2.6148370
 9292.97  2.4660310
 9295.68  2.3154730
 9298.40  2.3045470
 9301.12  2.5793270
 9303.84  2.7918770
 9306.55  2.7578190
 9309.27  2.3185640
 9311.99  2.3232690
 9314.71  2.5784400
 9317.42  2.1821250
 9320.14  1.9492670
 9322.86  2.0048530
 9325.57  2.0168330
 9328.29  2.0531180
 9331.01  2.0680300
 9333.73  2.2384310
 9336.44  2.1167720
 9339.16  1.9434410
 9341.88  1.8553170
 9344.59  1.9267290
 9347.31  1.9571430
 9350.03  1.9786250
 9352.75  2.0063480
 9355.46  2.0231790
 9358.18  2.0815890
 9360.90  2.1454510
 9363.62  2.1595450
 9366.33  2.3723580
 9369.05  2.2735270
 9371.77  2.1620020
 9374.48  2.1397330
 9377.20  1.8550520
 9379.92  1.7953940
 9382.64  2.1587750
 9385.35  2.3944020
 9388.07  2.7219630
 9390.79  3.0738100
 9393.50  2.9919200
 9396.22  2.7459660
 9398.94  2.5928620
 9401.66  2.8289200
 9404.37  2.9281840
 9407.09  2.8263770
 9409.81  2.7919610
 9412.53  2.9658570
 9415.24  2.9723490
 9417.96  2.9735920
 9420.68  2.8847250
 9423.39  2.7037220
 9426.11  2.5898860
 9428.83  2.5850840
 9431.55  2.6397590
 9434.26  2.8139520
 9436.98  2.9406110
 9439.70  2.6596830
 9442.42  2.5990210
 9445.13  2.5484180
 9447.85  2.5508090
 9450.57  2.7514190
 9453.28  2.8263760
 9456.00  2.8159590
 9458.72  2.7779620
 9461.44  2.5371860
 9464.15  2.4576370
 9466.87  2.8690770
 9469.59  3.0812290
 9472.30  3.1173620
 9475.02  3.4737660
 9477.74  3.3618490
 9480.46  2.7828790
 9483.17  2.7921990
 9485.89  3.0872680
 9488.61  3.1076360
 9491.33  3.0199780
 9494.04  2.7221140
 9496.76  2.6369980
 9499.48  2.6736160
 9502.19  2.7198530
 9504.91  2.8514300
 9507.63  3.0875180
 9510.35  3.2248550
 9513.06  3.3116990
 9515.78  3.3224040
 9518.50  2.7177910
 9521.21  2.7443520
 9523.93  3.2665780
 9526.65  3.4449600
 9529.37  3.5441170
 9532.08  3.4668550
 9534.80  3.4363820
 9537.52  3.4739070
 9540.24  3.3977290
 9542.95  3.4209070
 9545.67  3.5556580
 9548.39  3.5120810
 9551.10  3.2099030
 9553.82  2.9140740
 9556.54  3.2788240
 9559.26  3.1042330
 9561.97  2.7641160
 9564.69  3.1264640
 9567.41  3.5092430
 9570.12  3.8399790
 9572.84  3.8047350
 9575.56  3.7675640
 9578.28  3.8077410
 9580.99  3.7028140
 9583.71  3.5682140
 9586.43  3.4967260
 9589.15  3.4914750
 9591.86  3.5146920
 9594.58  3.4329320
 9597.30  3.6885060
 9600.01  3.8973740
 9602.73  3.8598370
 9605.45  3.8888460
 9608.17  3.7313420
 9610.88  3.6393420
 9613.60  3.7204800
 9616.32  3.8252160
 9619.03  3.6976630
 9621.75  3.7836490
 9624.47  4.2256170
 9627.19  4.3237110
 9629.90  4.3503540
 9632.62  4.2418380
 9635.34  3.9350810
 9638.06  3.8218620
 9640.77  3.8471980
 9643.49  3.7476010
 9646.21  3.9778320
 9648.92  4.4212380
 9651.64  4.6139640
 9654.36  4.5365770
 9657.08  4.1133080
 9659.79  4.0578420
 9662.51  4.2111460
 9665.23  4.2712050
 9667.95  4.2907360
 9670.66  4.2268630
 9673.38  4.6682620
 9676.10  5.2621570
 9678.81  5.2563560
 9681.53  5.2719630
 9684.25  5.0194970
 9686.97  4.5299730
 9689.68  4.6531090
 9692.40  4.9429270
 9695.12  5.4150660
 9697.83  5.6472740
 9700.55  5.0060910
 9703.27  4.4889920
 9705.99  4.6167670
 9708.70  4.9201100
 9711.42  5.5849560
 9714.14  5.2856190
 9716.86  4.7332590
 9719.57  5.0137830
 9722.29  5.4956050
 9725.01  5.4642590
 9727.72  5.0108270
 9730.44  5.1769530
 9733.16  5.3811380
 9735.88  5.1521370
 9738.59  5.8120230
 9741.31  5.8627690
 9744.03  5.2352120
 9746.74  5.3712970
 9749.46  5.3799440
 9752.18  5.4939420
 9754.90  5.4431270
 9757.61  5.5798640
 9760.33  5.8460700
 9763.05  5.6879600
 9765.77  5.6532390
 9768.48  5.7243600
 9771.20  5.7850400
 9773.92  5.8166380
 9776.63  5.8286590
 9779.35  6.3669190
 9782.07  6.1235130
 9784.79  5.8988350
 9787.50  5.7327760
 9790.22  6.0606480
 9792.94  6.2646180
 9795.65  6.1371740
 9798.37  6.6397980
 9801.09  6.7308880
 9803.81  6.5708420
 9806.52  5.9173580
 9809.24  5.5786580
 9811.96  6.0730280
 9814.68  6.5477220
 9817.39  6.5068560
 9820.11  6.3908010
 9822.83  6.6217780
 9825.54  6.7974360
 9828.26  7.1009600
 9830.98  6.8457900
 9833.70  6.2543850
 9836.41  6.2203880
 9839.13  6.8501120
 9841.85  6.7989280
 9844.56  7.1009380
 9847.28  7.0857480
 9850.00  6.6477160
 9852.72  6.7224750
 9855.43  6.9703650
 9858.15  6.8828950
 9860.87  6.8918150
 9863.59  7.3686460
 9866.30  7.5117790
 9869.02  7.5806140
 9871.74  9.2495010
 9874.45  8.9415030
 9877.17  7.1651610
 9879.89  6.3263970
 9882.61  7.1400620
 9885.32  7.8088790
 9888.04  7.9274170
 9890.76  8.1372040
 9893.47  7.8951410
 9896.19  7.0544550
 9898.91  6.6625800
 9901.63  6.1379590
 9904.34  6.1905120
 9907.06  6.6569380
 9909.78  5.3067870
 9912.50  5.5557410
 9915.21  5.8103380
 9917.93  5.3893500
 9920.65  4.4074810
 9923.36  4.7567310
 9926.08  5.0333610
 9928.80  5.6174140
 9931.52  5.7741520
 9934.23  6.0907620
 9936.95  6.7943860
 9939.67  6.5224560
 9942.39  6.9854140
 9945.10  7.8642540
 9947.82  6.5774970
 9950.54  6.3901560
 9953.25  8.4837320
 9955.97  8.3669810
 9958.69  7.7524190
 9961.41  7.4462020
 9964.12  5.5971640
 9966.84  4.9999030
 9969.56  6.8824010
 9972.27  7.6086260
 9974.99  7.0403090
 9977.71  6.5709230
 9980.43  6.4137200
 9983.14  6.6776590
 9985.86  6.8804830
 9988.58  7.1529190
 9991.30  7.1005890
 9994.01  7.0972860
 9996.73  6.9176640
 9999.45  6.4073610
10002.16  7.6366200
10004.88  8.2203830
10007.60  7.5957640
10010.32  7.3228750
10013.03  6.9332280
10015.75  7.1768330
10018.47  8.9454500
10021.18  7.9865500
10023.90  8.0389930
10026.62  9.2770330
10029.34  7.7513040
10032.05  6.4242030
10034.77  7.5424020
10037.49  7.7941530
10040.21  7.3909190
10042.92  6.3659560
10045.64  6.5454580
10048.36  8.1869370
10051.07  8.5508530
10053.79  8.2745220
10056.51  7.7133360
10059.23  6.9640800
10061.94  6.2346080
10064.66  5.9525200
10067.38  7.2032380
10070.09  8.3411380
10072.81  7.9747210
10075.53  6.8152020
10078.25  7.2259930
10080.96 10.8109800
10083.68  9.8642940
10086.40  6.9181590
10089.12  7.3782210
10091.83  7.7633520
10094.55  8.1528220
10097.27  8.8816350
10099.98  8.7503150
10102.70  9.1823290
10105.42  8.7226510
10108.14  8.2161800
10110.85  7.9895950
10113.57  7.2456670
10116.29  8.2907440
10119.00 10.3700000
10121.72 11.9981900
10124.44 10.7053100
10127.16  9.8692700
10129.87  9.1191520
10132.59  8.6528620
10135.31  8.4748000
10138.03  7.9202700
10140.74  8.9252960
10143.46 10.2260000
10146.18 10.1857200
10148.89  9.9151700
10151.61 10.9510400
10154.33 11.1571000
10157.05  9.5197190
10159.76 10.6995300
10162.48 10.1566400
10165.20  7.4171260
10167.91  9.4641830
10170.63  9.8863600
10173.35  8.6643920
10176.07  9.2726250
10178.78 10.4744700
10181.50  8.8516160
10184.22  5.9551750
10186.94  6.6664810
10189.65  8.2635350
10192.37  7.4653970
10195.09  8.0135400
10197.80 10.2945700
10200.52 13.9484300
10203.24 12.4258600
10205.96  8.7969440
10208.67 11.8270800
10211.39 14.7673200
10214.11 12.7062700
10216.83 11.0836100
10219.54 11.5824500
10222.26 12.7207100
10224.98 12.1512300
10227.69 12.1054800
10230.41 12.2269600
10233.13 10.1730500
10235.85 10.4323100
10238.56 12.2250900
10241.28 10.8438900
10244.00 11.0084700
10246.71 17.9764300
10249.43 13.9017100
10252.15 11.0766000
10254.87 12.5299800
10257.58 11.3262200
10260.30  9.9389360
10263.02 10.6250400
10265.74 14.0488900
10268.45 16.0220500
10271.17 11.6243200
10273.89  9.8127780
10276.60 11.9495000
10279.32 11.9379300
10282.04 16.0778800
10284.76 18.2701300
10287.47 16.0338800
10290.19 12.1887500
10292.91 13.0548400
10295.62 10.0893000
10298.34  8.8469830
10301.06 12.5093500
10303.78 13.4601000
10306.49 11.1854200
10309.21 10.3700100
10311.93 12.3317100
10314.65 14.1947100
10317.36 15.6230200
10320.08 17.1910400
10322.80 14.8505200
10325.51 16.1021600
10328.23 16.6301800
10330.95 10.9327800
10333.67  7.7272810
10336.38 12.1794600
10339.10 20.2024800
10341.82 16.5777200
10344.53 12.5668600
10347.25 11.5297800
10349.97 11.9342800
10352.69 18.7701900
10355.40 15.3471200
10358.12 14.3435000
10360.84 13.8969100
10363.56 17.3134000
10366.27 19.8494200
10368.99  7.7434220
10371.71  6.8693350
10374.42 15.4482900
10377.14 19.0729000
10379.86 22.1709600
10382.58 21.9602500
10385.29 14.2456000
10388.01 10.0928600
10390.73 19.7344300
10393.44 23.7864100
10396.16 23.3644200
