  0.800  0.014000  0.400    0.800   -0.5686    3.6877    3.6877    6.1716    6.5606    0.4916    0.9566    0.5973  5.086E+10  1.0000   4.613  0.262E-05      1.33      0.00      0.00  0.0000   0.000   0.000  0.0000  0.725E+00  0.261E+00  0.225E-02  0.278E-04  0.650E-03  0.564E-02  0.223E-05  0.127E-04  0.185E-02  0.150E-03  0.000E+00
  0.804  0.014000  0.400    0.804   -0.5584    3.6892    3.6892    6.1461    6.5298    0.4839    0.9489    0.5924  5.110E+10  1.0000   4.611  0.263E-05      1.34      0.00      0.00  0.0000   0.000   0.000  0.0000  0.725E+00  0.261E+00  0.225E-02  0.279E-04  0.650E-03  0.564E-02  0.223E-05  0.127E-04  0.185E-02  0.150E-03  0.000E+00
  0.807  0.014000  0.400    0.807   -0.5483    3.6908    3.6908    6.1207    6.4991    0.4762    0.9412    0.5875  5.134E+10  1.0000   4.609  0.265E-05      1.36      0.00      0.00  0.0000   0.000   0.000  0.0000  0.725E+00  0.261E+00  0.225E-02  0.279E-04  0.650E-03  0.564E-02  0.223E-05  0.127E-04  0.185E-02  0.150E-03  0.000E+00
  0.811  0.014000  0.400    0.811   -0.5381    3.6923    3.6923    6.0953    6.4685    0.4685    0.9335    0.5826  5.158E+10  1.0000   4.607  0.267E-05      1.38      0.00      0.00  0.0000   0.000   0.000  0.0000  0.725E+00  0.261E+00  0.225E-02  0.279E-04  0.650E-03  0.564E-02  0.223E-05  0.127E-04  0.185E-02  0.150E-03  0.000E+00
  0.815  0.014000  0.400    0.815   -0.5280    3.6938    3.6938    6.0700    6.4380    0.4609    0.9259    0.5778  5.181E+10  1.0000   4.605  0.270E-05      1.40      0.00      0.00  0.0000   0.000   0.000  0.0000  0.725E+00  0.261E+00  0.225E-02  0.279E-04  0.650E-03  0.564E-02  0.223E-05  0.127E-04  0.185E-02  0.150E-03  0.000E+00
  0.819  0.014000  0.400    0.819   -0.5179    3.6953    3.6953    6.0448    6.4076    0.4533    0.9183    0.5729  5.205E+10  1.0000   4.603  0.273E-05      1.42      0.00      0.00  0.0000   0.000   0.000  0.0000  0.725E+00  0.260E+00  0.225E-02  0.279E-04  0.650E-03  0.564E-02  0.223E-05  0.127E-04  0.185E-02  0.150E-03  0.000E+00
  0.822  0.014000  0.400    0.822   -0.5079    3.6969    3.6969    6.0197    6.3773    0.4457    0.9107    0.5681  5.229E+10  1.0000   4.601  0.275E-05      1.44      0.00      0.00  0.0000   0.000   0.000  0.0000  0.725E+00  0.260E+00  0.225E-02  0.280E-04  0.650E-03  0.564E-02  0.223E-05  0.127E-04  0.185E-02  0.150E-03  0.000E+00
  0.826  0.014000  0.400    0.826   -0.4979    3.6984    3.6984    5.9947    6.3471    0.4382    0.9032    0.5633  5.253E+10  1.0000   4.599  0.276E-05      1.46      0.00      0.00  0.0000   0.000   0.000  0.0000  0.725E+00  0.260E+00  0.225E-02  0.280E-04  0.650E-03  0.564E-02  0.223E-05  0.127E-04  0.185E-02  0.150E-03  0.000E+00
  0.830  0.014000  0.400    0.830   -0.4879    3.6999    3.6999    5.9697    6.3170    0.4307    0.8959    0.5586  5.278E+10  1.0000   4.597  0.277E-05      1.47      0.00      0.00  0.0000   0.000   0.000  0.0000  0.725E+00  0.260E+00  0.225E-02  0.280E-04  0.650E-03  0.564E-02  0.223E-05  0.127E-04  0.185E-02  0.150E-03  0.000E+00
  0.834  0.014000  0.400    0.834   -0.4779    3.7014    3.7014    5.9448    6.2870    0.4232    0.8888    0.5541  5.302E+10  1.0000   4.595  0.279E-05      1.49      0.00      0.00  0.0000   0.000   0.000  0.0000  0.725E+00  0.260E+00  0.225E-02  0.280E-04  0.650E-03  0.564E-02  0.223E-05  0.127E-04  0.185E-02  0.150E-03  0.000E+00
  0.837  0.014000  0.400    0.837   -0.4680    3.7028    3.7028    5.9200    6.2571    0.4158    0.8817    0.5495  5.326E+10  1.0000   4.593  0.280E-05      1.51      0.00      0.00  0.0000   0.000   0.000  0.0000  0.725E+00  0.260E+00  0.225E-02  0.281E-04  0.650E-03  0.564E-02  0.223E-05  0.127E-04  0.185E-02  0.150E-03  0.000E+00
  0.841  0.014000  0.400    0.841   -0.4581    3.7043    3.7043    5.8953    6.2273    0.4083    0.8746    0.5450  5.350E+10  1.0000   4.591  0.281E-05      1.52      0.00      0.00  0.0000   0.000   0.000  0.0000  0.725E+00  0.260E+00  0.225E-02  0.281E-04  0.650E-03  0.564E-02  0.223E-05  0.127E-04  0.185E-02  0.150E-03  0.000E+00
  0.845  0.014000  0.400    0.845   -0.4482    3.7058    3.7058    5.8706    6.1975    0.4010    0.8676    0.5405  5.375E+10  1.0000   4.589  0.283E-05      1.53      0.00      0.00  0.0000   0.000   0.000  0.0000  0.725E+00  0.260E+00  0.225E-02  0.281E-04  0.649E-03  0.564E-02  0.223E-05  0.127E-04  0.185E-02  0.150E-03  0.000E+00
  0.848  0.014000  0.400    0.848   -0.4384    3.7073    3.7073    5.8460    6.1679    0.3936    0.8606    0.5360  5.399E+10  1.0000   4.587  0.284E-05      1.55      0.00      0.00  0.0000   0.000   0.000  0.0000  0.725E+00  0.260E+00  0.225E-02  0.281E-04  0.649E-03  0.564E-02  0.223E-05  0.127E-04  0.185E-02  0.150E-03  0.000E+00
  0.852  0.014000  0.400    0.852   -0.4286    3.7087    3.7087    5.8214    6.1384    0.3863    0.8536    0.5314  5.424E+10  1.0000   4.585  0.285E-05      1.56      0.00      0.00  0.0000   0.000   0.000  0.0000  0.725E+00  0.260E+00  0.225E-02  0.282E-04  0.649E-03  0.564E-02  0.223E-05  0.127E-04  0.185E-02  0.150E-03  0.000E+00
  0.856  0.014000  0.400    0.856   -0.4188    3.7102    3.7102    5.7970    6.1089    0.3790    0.8466    0.5269  5.449E+10  1.0000   4.583  0.287E-05      1.57      0.00      0.00  0.0000   0.000   0.000  0.0000  0.725E+00  0.260E+00  0.225E-02  0.282E-04  0.649E-03  0.564E-02  0.223E-05  0.127E-04  0.185E-02  0.150E-03  0.000E+00
  0.860  0.014000  0.400    0.860   -0.4090    3.7117    3.7117    5.7725    6.0795    0.3717    0.8397    0.5224  5.473E+10  1.0000   4.581  0.288E-05      1.59      0.00      0.00  0.0000   0.000   0.000  0.0000  0.725E+00  0.260E+00  0.225E-02  0.282E-04  0.649E-03  0.564E-02  0.223E-05  0.127E-04  0.185E-02  0.150E-03  0.000E+00
  0.863  0.014000  0.400    0.863   -0.3993    3.7131    3.7131    5.7482    6.0502    0.3644    0.8328    0.5179  5.498E+10  1.0000   4.579  0.289E-05      1.60      0.00      0.00  0.0000   0.000   0.000  0.0000  0.725E+00  0.260E+00  0.225E-02  0.283E-04  0.649E-03  0.564E-02  0.223E-05  0.127E-04  0.185E-02  0.150E-03  0.000E+00
  0.867  0.014000  0.400    0.867   -0.3896    3.7146    3.7146    5.7239    6.0210    0.3572    0.8259    0.5134  5.523E+10  1.0000   4.577  0.291E-05      1.61      0.00      0.00  0.0000   0.000   0.000  0.0000  0.725E+00  0.260E+00  0.225E-02  0.283E-04  0.649E-03  0.564E-02  0.223E-05  0.127E-04  0.185E-02  0.150E-03  0.000E+00
  0.871  0.014000  0.400    0.871   -0.3799    3.7160    3.7160    5.6997    5.9918    0.3500    0.8191    0.5089  5.548E+10  1.0000   4.575  0.291E-05      1.62      0.00      0.00  0.0000   0.000   0.000  0.0000  0.725E+00  0.260E+00  0.225E-02  0.284E-04  0.649E-03  0.564E-02  0.223E-05  0.127E-04  0.185E-02  0.150E-03  0.000E+00
  0.874  0.014000  0.400    0.874   -0.3702    3.7174    3.7174    5.6755    5.9628    0.3429    0.8123    0.5044  5.574E+10  1.0000   4.573  0.292E-05      1.63      0.00      0.00  0.0000   0.000   0.000  0.0000  0.725E+00  0.260E+00  0.225E-02  0.284E-04  0.649E-03  0.564E-02  0.223E-05  0.127E-04  0.185E-02  0.150E-03  0.000E+00
  0.878  0.014000  0.400    0.878   -0.3606    3.7189    3.7189    5.6515    5.9338    0.3357    0.8055    0.4999  5.599E+10  1.0000   4.570  0.293E-05      1.64      0.00      0.00  0.0000   0.000   0.000  0.0000  0.725E+00  0.260E+00  0.225E-02  0.285E-04  0.649E-03  0.564E-02  0.223E-05  0.127E-04  0.185E-02  0.150E-03  0.000E+00
  0.882  0.014000  0.400    0.882   -0.3510    3.7203    3.7203    5.6274    5.9049    0.3286    0.7986    0.4953  5.624E+10  1.0000   4.568  0.294E-05      1.65      0.00      0.00  0.0000   0.000   0.000  0.0000  0.725E+00  0.260E+00  0.225E-02  0.285E-04  0.649E-03  0.564E-02  0.223E-05  0.127E-04  0.185E-02  0.150E-03  0.000E+00
  0.886  0.014000  0.400    0.886   -0.3414    3.7217    3.7217    5.6034    5.8761    0.3215    0.7915    0.4906  5.650E+10  1.0000   4.566  0.295E-05      1.67      0.00      0.00  0.0000   0.000   0.000  0.0000  0.725E+00  0.260E+00  0.225E-02  0.286E-04  0.649E-03  0.564E-02  0.223E-05  0.127E-04  0.185E-02  0.150E-03  0.000E+00
  0.889  0.014000  0.400    0.889   -0.3318    3.7231    3.7231    5.5795    5.8473    0.3145    0.7845    0.4859  5.675E+10  1.0000   4.564  0.296E-05      1.68      0.00      0.00  0.0000   0.000   0.000  0.0000  0.725E+00  0.260E+00  0.225E-02  0.286E-04  0.649E-03  0.564E-02  0.223E-05  0.127E-04  0.185E-02  0.150E-03  0.000E+00
  0.893  0.014000  0.400    0.893   -0.3223    3.7245    3.7245    5.5557    5.8187    0.3074    0.7774    0.4812  5.701E+10  1.0000   4.562  0.296E-05      1.69      0.00      0.00  0.0000   0.000   0.000  0.0000  0.725E+00  0.260E+00  0.225E-02  0.287E-04  0.649E-03  0.564E-02  0.223E-05  0.127E-04  0.185E-02  0.150E-03  0.000E+00
  0.897  0.014000  0.400    0.897   -0.3127    3.7259    3.7259    5.5319    5.7900    0.3004    0.7704    0.4764  5.727E+10  1.0000   4.560  0.298E-05      1.70      0.00      0.00  0.0000   0.000   0.000  0.0000  0.725E+00  0.260E+00  0.225E-02  0.287E-04  0.649E-03  0.564E-02  0.223E-05  0.127E-04  0.185E-02  0.150E-03  0.000E+00
  0.901  0.014000  0.400    0.901   -0.3032    3.7273    3.7273    5.5081    5.7616    0.2936    0.7636    0.4717  5.753E+10  1.0000   4.558  0.299E-05      1.72      0.00      0.00  0.0000   0.000   0.000  0.0000  0.725E+00  0.260E+00  0.225E-02  0.288E-04  0.649E-03  0.564E-02  0.223E-05  0.127E-04  0.185E-02  0.150E-03  0.000E+00
  0.904  0.014000  0.400    0.904   -0.2937    3.7285    3.7285    5.4843    5.7335    0.2874    0.7574    0.4675  5.783E+10  1.0000   4.555  0.300E-05      1.74      0.00      0.00  0.0000   0.000   0.000  0.0000  0.726E+00  0.260E+00  0.225E-02  0.288E-04  0.649E-03  0.564E-02  0.223E-05  0.127E-04  0.185E-02  0.150E-03  0.000E+00
  0.908  0.014000  0.400    0.908   -0.2842    3.7298    3.7298    5.4605    5.7055    0.2812    0.7512    0.4633  5.814E+10  1.0000   4.552  0.301E-05      1.75      0.00      0.00  0.0000   0.000   0.000  0.0000  0.726E+00  0.260E+00  0.224E-02  0.288E-04  0.649E-03  0.564E-02  0.223E-05  0.127E-04  0.185E-02  0.150E-03  0.000E+00
  0.912  0.014000  0.400    0.912   -0.2747    3.7310    3.7310    5.4368    5.6776    0.2750    0.7450    0.4590  5.844E+10  1.0000   4.549  0.302E-05      1.77      0.00      0.00  0.0000   0.000   0.000  0.0000  0.726E+00  0.260E+00  0.224E-02  0.289E-04  0.649E-03  0.564E-02  0.223E-05  0.127E-04  0.185E-02  0.150E-03  0.000E+00
  0.915  0.014000  0.400    0.915   -0.2653    3.7322    3.7322    5.4132    5.6497    0.2688    0.7388    0.4547  5.875E+10  1.0000   4.547  0.303E-05      1.79      0.00      0.00  0.0000   0.000   0.000  0.0000  0.726E+00  0.260E+00  0.224E-02  0.289E-04  0.649E-03  0.564E-02  0.223E-05  0.127E-04  0.185E-02  0.150E-03  0.000E+00
  0.919  0.014000  0.400    0.919   -0.2558    3.7335    3.7335    5.3895    5.6219    0.2627    0.7327    0.4505  5.905E+10  1.0000   4.544  0.305E-05      1.81      0.00      0.00  0.0000   0.000   0.000  0.0000  0.726E+00  0.260E+00  0.224E-02  0.289E-04  0.649E-03  0.564E-02  0.223E-05  0.127E-04  0.185E-02  0.150E-03  0.000E+00
  0.923  0.014000  0.400    0.923   -0.2464    3.7347    3.7347    5.3660    5.5941    0.2566    0.7266    0.4462  5.936E+10  1.0000   4.541  0.307E-05      1.83      0.00      0.00  0.0000   0.000   0.000  0.0000  0.726E+00  0.260E+00  0.224E-02  0.290E-04  0.649E-03  0.564E-02  0.223E-05  0.127E-04  0.185E-02  0.150E-03  0.000E+00
  0.927  0.014000  0.400    0.927   -0.2370    3.7359    3.7359    5.3425    5.5665    0.2505    0.7205    0.4419  5.967E+10  1.0000   4.538  0.309E-05      1.85      0.00      0.00  0.0000   0.000   0.000  0.0000  0.726E+00  0.260E+00  0.224E-02  0.290E-04  0.649E-03  0.564E-02  0.223E-05  0.127E-04  0.185E-02  0.150E-03  0.000E+00
  0.930  0.014000  0.400    0.930   -0.2276    3.7371    3.7371    5.3190    5.5389    0.2444    0.7144    0.4377  5.999E+10  1.0000   4.536  0.310E-05      1.87      0.00      0.00  0.0000   0.000   0.000  0.0000  0.726E+00  0.260E+00  0.224E-02  0.290E-04  0.649E-03  0.564E-02  0.223E-05  0.127E-04  0.185E-02  0.150E-03  0.000E+00
  0.934  0.014000  0.400    0.934   -0.2182    3.7383    3.7383    5.2956    5.5113    0.2384    0.7084    0.4334  6.030E+10  1.0000   4.533  0.312E-05      1.89      0.00      0.00  0.0000   0.000   0.000  0.0000  0.726E+00  0.260E+00  0.224E-02  0.291E-04  0.649E-03  0.564E-02  0.223E-05  0.127E-04  0.185E-02  0.150E-03  0.000E+00
  0.938  0.014000  0.400    0.938   -0.2089    3.7395    3.7395    5.2722    5.4839    0.2324    0.7024    0.4292  6.062E+10  1.0000   4.530  0.313E-05      1.91      0.00      0.00  0.0000   0.000   0.000  0.0000  0.726E+00  0.260E+00  0.224E-02  0.291E-04  0.649E-03  0.564E-02  0.223E-05  0.127E-04  0.185E-02  0.149E-03  0.000E+00
  0.945  0.014000  0.400    0.945   -0.1902    3.7419    3.7419    5.2256    5.4291    0.2205    0.6925    0.4221  6.126E+10  1.0000   4.524  0.316E-05      1.95      0.00      0.00  0.0000   0.000   0.000  0.0000  0.726E+00  0.260E+00  0.224E-02  0.292E-04  0.649E-03  0.563E-02  0.223E-05  0.127E-04  0.185E-02  0.149E-03  0.000E+00
  0.953  0.014000  0.400    0.953   -0.1717    3.7442    3.7442    5.1791    5.3746    0.2088    0.6832    0.4154  6.191E+10  1.0000   4.518  0.318E-05      1.98      0.00      0.00  0.0000   0.000   0.000  0.0000  0.726E+00  0.260E+00  0.224E-02  0.293E-04  0.649E-03  0.563E-02  0.223E-05  0.127E-04  0.185E-02  0.149E-03  0.000E+00
  0.960  0.014000  0.400    0.960   -0.1531    3.7466    3.7466    5.1328    5.3203    0.1971    0.6740    0.4088  6.257E+10  1.0000   4.513  0.320E-05      2.02      0.00      0.00  0.0000   0.000   0.000  0.0000  0.726E+00  0.260E+00  0.224E-02  0.294E-04  0.649E-03  0.563E-02  0.223E-05  0.127E-04  0.185E-02  0.149E-03  0.000E+00
  0.968  0.014000  0.400    0.968   -0.1347    3.7489    3.7489    5.0867    5.2662    0.1855    0.6649    0.4021  6.324E+10  1.0000   4.507  0.322E-05      2.05      0.00      0.00  0.0000   0.000   0.000  0.0000  0.726E+00  0.260E+00  0.224E-02  0.295E-04  0.649E-03  0.563E-02  0.223E-05  0.127E-04  0.185E-02  0.149E-03  0.000E+00
  0.975  0.014000  0.400    0.975   -0.1163    3.7512    3.7512    5.0406    5.2123    0.1740    0.6558    0.3954  6.391E+10  1.0000   4.501  0.324E-05      2.08      0.00      0.00  0.0000   0.000   0.000  0.0000  0.726E+00  0.260E+00  0.224E-02  0.296E-04  0.649E-03  0.563E-02  0.223E-05  0.127E-04  0.185E-02  0.149E-03  0.000E+00
  0.983  0.014000  0.400    0.983   -0.0979    3.7535    3.7535    4.9947    5.1586    0.1626    0.6468    0.3888  6.459E+10  1.0000   4.495  0.326E-05      2.11      0.00      0.00  0.0000   0.000   0.000  0.0000  0.726E+00  0.260E+00  0.224E-02  0.298E-04  0.649E-03  0.563E-02  0.223E-05  0.127E-04  0.185E-02  0.149E-03  0.000E+00
  0.990  0.014000  0.400    0.990   -0.0796    3.7557    3.7557    4.9490    5.1051    0.1513    0.6379    0.3821  6.529E+10  1.0000   4.489  0.328E-05      2.14      0.00      0.00  0.0000   0.000   0.000  0.0000  0.726E+00  0.260E+00  0.224E-02  0.299E-04  0.649E-03  0.563E-02  0.223E-05  0.127E-04  0.185E-02  0.149E-03  0.000E+00
  0.997  0.014000  0.400    0.997   -0.0613    3.7580    3.7580    4.9034    5.0519    0.1402    0.6291    0.3755  6.599E+10  1.0000   4.483  0.330E-05      2.18      0.00      0.00  0.0000   0.000   0.000  0.0000  0.726E+00  0.260E+00  0.224E-02  0.301E-04  0.649E-03  0.563E-02  0.223E-05  0.127E-04  0.185E-02  0.149E-03  0.000E+00
  1.005  0.014000  0.400    1.005   -0.0431    3.7600    3.7600    4.8578    4.9994    0.1300    0.6211    0.3695  6.676E+10  1.0000   4.476  0.332E-05      2.22      0.00      0.00  0.0000   0.000   0.000  0.0000  0.726E+00  0.260E+00  0.224E-02  0.302E-04  0.649E-03  0.563E-02  0.223E-05  0.127E-04  0.185E-02  0.149E-03  0.000E+00
  1.012  0.014000  0.400    1.012   -0.0250    3.7619    3.7619    4.8124    4.9474    0.1204    0.6135    0.3638  6.757E+10  1.0000   4.469  0.334E-05      2.26      0.00      0.00  0.0000   0.000   0.000  0.0000  0.726E+00  0.259E+00  0.224E-02  0.303E-04  0.649E-03  0.563E-02  0.223E-05  0.127E-04  0.185E-02  0.149E-03  0.000E+00
  1.020  0.014000  0.400    1.020   -0.0068    3.7638    3.7638    4.7671    4.8956    0.1109    0.6060    0.3580  6.840E+10  1.0000   4.461  0.334E-05      2.30      0.00      0.00  0.0000   0.000   0.000  0.0000  0.726E+00  0.259E+00  0.224E-02  0.304E-04  0.649E-03  0.563E-02  0.223E-05  0.127E-04  0.185E-02  0.149E-03  0.000E+00
  1.027  0.014000  0.400    1.027    0.0112    3.7657    3.7657    4.7219    4.8440    0.1015    0.5985    0.3523  6.923E+10  1.0000   4.454  0.337E-05      2.35      0.00      0.00  0.0000   0.000   0.000  0.0000  0.726E+00  0.259E+00  0.224E-02  0.304E-04  0.649E-03  0.563E-02  0.223E-05  0.127E-04  0.185E-02  0.149E-03  0.000E+00
  1.035  0.014000  0.400    1.035    0.0293    3.7676    3.7676    4.6768    4.7925    0.0921    0.5912    0.3466  7.008E+10  1.0000   4.447  0.339E-05      2.39      0.00      0.00  0.0000   0.000   0.000  0.0000  0.726E+00  0.259E+00  0.224E-02  0.305E-04  0.649E-03  0.563E-02  0.223E-05  0.127E-04  0.185E-02  0.149E-03  0.000E+00
  1.042  0.014000  0.400    1.042    0.0473    3.7694    3.7694    4.6318    4.7411    0.0829    0.5839    0.3410  7.094E+10  1.0000   4.439  0.340E-05      2.43      0.00      0.00  0.0000   0.000   0.000  0.0000  0.726E+00  0.259E+00  0.224E-02  0.306E-04  0.649E-03  0.563E-02  0.223E-05  0.127E-04  0.185E-02  0.149E-03  0.000E+00
  1.050  0.014000  0.400    1.050    0.0652    3.7712    3.7712    4.5869    4.6900    0.0738    0.5767    0.3353  7.181E+10  1.0000   4.432  0.342E-05      2.47      0.00      0.00  0.0000   0.000   0.000  0.0000  0.726E+00  0.259E+00  0.224E-02  0.307E-04  0.649E-03  0.563E-02  0.223E-05  0.127E-04  0.185E-02  0.149E-03  0.000E+00
  1.057  0.014000  0.400    1.057    0.0831    3.7731    3.7731    4.5422    4.6391    0.0647    0.5695    0.3297  7.270E+10  1.0000   4.424  0.344E-05      2.52      0.00      0.00  0.0000   0.000   0.000  0.0000  0.726E+00  0.259E+00  0.224E-02  0.308E-04  0.649E-03  0.563E-02  0.223E-05  0.127E-04  0.185E-02  0.149E-03  0.000E+00
  1.064  0.014000  0.400    1.064    0.1010    3.7748    3.7748    4.4974    4.5883    0.0558    0.5625    0.3242  7.361E+10  1.0000   4.416  0.345E-05      2.55      0.00      0.00  0.0000   0.000   0.000  0.0000  0.726E+00  0.259E+00  0.224E-02  0.309E-04  0.649E-03  0.563E-02  0.223E-05  0.127E-04  0.185E-02  0.149E-03  0.000E+00
  1.072  0.014000  0.400    1.072    0.1189    3.7766    3.7766    4.4528    4.5377    0.0471    0.5556    0.3187  7.454E+10  1.0000   4.408  0.346E-05      2.59      0.00      0.00  0.0000   0.000   0.000  0.0000  0.726E+00  0.259E+00  0.224E-02  0.310E-04  0.649E-03  0.563E-02  0.223E-05  0.127E-04  0.185E-02  0.149E-03  0.000E+00
  1.079  0.014000  0.400    1.079    0.1367    3.7783    3.7783    4.4083    4.4876    0.0395    0.5489    0.3134  7.548E+10  1.0000   4.401  0.347E-05      2.63      0.00      0.00  0.0000   0.000   0.000  0.0000  0.726E+00  0.259E+00  0.224E-02  0.312E-04  0.649E-03  0.563E-02  0.223E-05  0.126E-04  0.185E-02  0.149E-03  0.000E+00
  1.087  0.014000  0.400    1.087    0.1545    3.7800    3.7800    4.3639    4.4393    0.0368    0.5425    0.3083  7.644E+10  1.0000   4.393  0.348E-05      2.67      0.00      0.00  0.0000   0.000   0.000  0.0000  0.726E+00  0.259E+00  0.224E-02  0.313E-04  0.649E-03  0.562E-02  0.223E-05  0.126E-04  0.185E-02  0.149E-03  0.000E+00
  1.094  0.014000  0.400    1.094    0.1722    3.7817    3.7817    4.3196    4.3912    0.0341    0.5363    0.3033  7.741E+10  1.0000   4.385  0.349E-05      2.71      0.00      0.00  0.0000   0.000   0.000  0.0000  0.727E+00  0.259E+00  0.224E-02  0.314E-04  0.649E-03  0.562E-02  0.223E-05  0.126E-04  0.185E-02  0.149E-03  0.000E+00
  1.102  0.014000  0.400    1.102    0.1891    3.7832    3.7832    4.2772    4.3452    0.0316    0.5306    0.2987  7.838E+10  1.0000   4.377  0.352E-05      2.76      0.00      0.00  0.0000   0.000   0.000  0.0000  0.726E+00  0.259E+00  0.223E-02  0.321E-04  0.650E-03  0.563E-02  0.223E-05  0.126E-04  0.185E-02  0.149E-03  0.000E+00
  1.117  0.014000  0.400    1.117    0.2181    3.7856    3.7856    4.2048    4.2673    0.0278    0.5217    0.2915  8.015E+10  1.0000   4.363  0.364E-05      2.94      0.00      0.00  0.0000   0.000   0.000  0.0000  0.726E+00  0.260E+00  0.222E-02  0.374E-04  0.662E-03  0.563E-02  0.223E-05  0.127E-04  0.185E-02  0.149E-03  0.000E+00
  1.132  0.014000  0.400    1.132    0.2466    3.7879    3.7879    4.1335    4.1909    0.0242    0.5133    0.2846  8.196E+10  1.0000   4.349  0.375E-05      3.11      0.00      0.00  0.0000   0.000   0.000  0.0000  0.725E+00  0.261E+00  0.221E-02  0.429E-04  0.675E-03  0.564E-02  0.224E-05  0.127E-04  0.185E-02  0.150E-03  0.000E+00
  1.146  0.014000  0.400    1.146    0.2747    3.7900    3.7900    4.0632    4.1158    0.0208    0.5054    0.2782  8.384E+10  1.0000   4.335  0.385E-05      3.28      0.00      0.00  0.0000   0.000   0.000  0.0000  0.724E+00  0.262E+00  0.220E-02  0.486E-04  0.690E-03  0.565E-02  0.224E-05  0.127E-04  0.186E-02  0.150E-03  0.000E+00
  1.161  0.014000  0.400    1.161    0.3023    3.7920    3.7920    3.9941    4.0422    0.0177    0.4982    0.2722  8.577E+10  1.0000   4.321  0.393E-05      3.43      0.00      0.00  0.0000   0.000   0.000  0.0000  0.723E+00  0.263E+00  0.219E-02  0.545E-04  0.705E-03  0.566E-02  0.225E-05  0.127E-04  0.186E-02  0.150E-03  0.000E+00
  1.176  0.014000  0.400    1.176    0.3296    3.7938    3.7938    3.9260    3.9699    0.0147    0.4913    0.2666  8.776E+10  1.0000   4.307  0.405E-05      3.62      0.00      0.00  0.0000   0.000   0.000  0.0000  0.722E+00  0.264E+00  0.217E-02  0.604E-04  0.721E-03  0.567E-02  0.225E-05  0.127E-04  0.186E-02  0.150E-03  0.000E+00
  1.191  0.014000  0.400    1.191    0.3565    3.7955    3.7955    3.8588    3.8988    0.0120    0.4849    0.2613  8.980E+10  1.0000   4.292  0.415E-05      3.79      0.00      0.00  0.0000   0.000   0.000  0.0000  0.721E+00  0.265E+00  0.216E-02  0.663E-04  0.738E-03  0.568E-02  0.226E-05  0.127E-04  0.187E-02  0.151E-03  0.000E+00
  1.206  0.014000  0.400    1.206    0.3830    3.7971    3.7971    3.7926    3.8289    0.0094    0.4789    0.2563  9.190E+10  1.0000   4.278  0.419E-05      3.91      0.00      0.00  0.0000   0.000   0.000  0.0000  0.720E+00  0.266E+00  0.214E-02  0.722E-04  0.754E-03  0.569E-02  0.227E-05  0.127E-04  0.187E-02  0.151E-03  0.000E+00
  1.221  0.014000  0.400    1.221    0.4091    3.7986    3.7986    3.7274    3.7602    0.0070    0.4734    0.2517  9.405E+10  1.0000   4.263  0.426E-05      4.05      0.00      0.00  0.0000   0.000   0.000  0.0000  0.719E+00  0.267E+00  0.213E-02  0.782E-04  0.771E-03  0.570E-02  0.227E-05  0.127E-04  0.187E-02  0.151E-03  0.000E+00
  1.251  0.014000  0.400    1.251    0.4603    3.8013    3.8013    3.5992    3.6261    0.0028    0.4636    0.2434  9.857E+10  1.0000   4.233  0.447E-05      4.41      0.00      0.00  0.0000   0.000   0.000  0.0000  0.716E+00  0.269E+00  0.210E-02  0.897E-04  0.804E-03  0.572E-02  0.228E-05  0.127E-04  0.188E-02  0.152E-03  0.000E+00
  1.281  0.014000  0.400    1.281    0.5148    3.8010    3.8010    3.4631    3.4904    0.0032    0.4645    0.2442  1.051E+11  1.0000   4.188  0.440E-05      4.65      0.00      0.00  0.0000   0.000   0.000  0.0000  0.716E+00  0.269E+00  0.208E-02  0.926E-04  0.824E-03  0.572E-02  0.229E-05  0.126E-04  0.188E-02  0.152E-03  0.000E+00
  1.310  0.014000  0.400    1.310    0.5676    3.7999    3.7999    3.3310    3.3609    0.0049    0.4685    0.2476  1.122E+11  1.0000   4.140  0.438E-05      4.96      0.00      0.00  0.0000   0.000   0.000  0.0000  0.716E+00  0.269E+00  0.206E-02  0.954E-04  0.844E-03  0.572E-02  0.230E-05  0.126E-04  0.188E-02  0.152E-03  0.000E+00
  1.340  0.014000  0.400    1.340    0.6183    3.7973    3.7973    3.2043    3.2401    0.0091    0.4782    0.2557  1.204E+11  1.0000   4.089  0.431E-05      5.20      0.00      0.00  0.0000   0.000   0.000  0.0000  0.716E+00  0.269E+00  0.204E-02  0.979E-04  0.865E-03  0.572E-02  0.231E-05  0.125E-04  0.188E-02  0.152E-03  0.000E+00
  1.355  0.014000  0.400    1.355    0.6428    3.7953    3.7953    3.1430    3.1835    0.0123    0.4858    0.2620  1.250E+11  1.0000   4.061  0.426E-05      5.34      0.00      0.00  0.0000   0.000   0.000  0.0000  0.716E+00  0.269E+00  0.202E-02  0.100E-03  0.884E-03  0.572E-02  0.233E-05  0.125E-04  0.188E-02  0.152E-03  0.000E+00
  1.362  0.014000  0.400    1.362    0.6550    3.7939    3.7939    3.1126    3.1562    0.0145    0.4909    0.2662  1.276E+11  1.0000   4.046  0.424E-05      5.43      0.00      0.00  0.0000   0.000   0.000  0.0000  0.716E+00  0.269E+00  0.201E-02  0.102E-03  0.902E-03  0.572E-02  0.235E-05  0.124E-04  0.188E-02  0.152E-03  0.000E+00
  1.370  0.014000  0.400    1.370    0.6670    3.7925    3.7925    3.0825    3.1294    0.0168    0.4962    0.2706  1.302E+11  1.0000   4.031  0.421E-05      5.52      0.00      0.00  0.0000   0.000   0.000  0.0000  0.716E+00  0.269E+00  0.199E-02  0.104E-03  0.920E-03  0.572E-02  0.237E-05  0.124E-04  0.188E-02  0.152E-03  0.000E+00
  1.377  0.014000  0.400    1.377    0.6790    3.7911    3.7911    3.0524    3.1024    0.0190    0.5013    0.2748  1.329E+11  1.0000   4.015  0.417E-05      5.58      0.00      0.00  0.0000   0.000   0.000  0.0000  0.716E+00  0.269E+00  0.197E-02  0.105E-03  0.939E-03  0.572E-02  0.239E-05  0.123E-04  0.188E-02  0.152E-03  0.000E+00
  1.385  0.014000  0.400    1.385    0.6912    3.7897    3.7897    3.0219    3.0752    0.0213    0.5066    0.2791  1.356E+11  1.0000   4.000  0.414E-05      5.66      0.00      0.00  0.0000   0.000   0.000  0.0000  0.716E+00  0.270E+00  0.196E-02  0.107E-03  0.957E-03  0.572E-02  0.241E-05  0.123E-04  0.188E-02  0.152E-03  0.000E+00
  1.400  0.014000  0.400    1.400    0.7185    3.7873    3.7873    2.9538    3.0126    0.0251    0.5155    0.2864  1.415E+11  1.0000   3.968  0.405E-05      5.80      0.00      0.00  0.0000   0.000   0.000  0.0000  0.715E+00  0.270E+00  0.192E-02  0.110E-03  0.992E-03  0.572E-02  0.245E-05  0.122E-04  0.188E-02  0.152E-03  0.000E+00
  1.407  0.014000  0.400    1.407    0.7380    3.7873    3.7873    2.9050    2.9638    0.0251    0.5155    0.2865  1.447E+11  1.0000   3.950  0.404E-05      5.91      0.00      0.00  0.0000   0.000   0.000  0.0000  0.715E+00  0.270E+00  0.191E-02  0.112E-03  0.101E-02  0.572E-02  0.247E-05  0.122E-04  0.188E-02  0.152E-03  0.000E+00
  1.411  0.014000  0.400    1.411    0.7542    3.7885    3.7885    2.8644    2.9203    0.0232    0.5109    0.2827  1.466E+11  1.0000   3.940  0.406E-05      6.02      0.00      0.00  0.0000   0.000   0.000  0.0000  0.715E+00  0.270E+00  0.190E-02  0.113E-03  0.102E-02  0.572E-02  0.248E-05  0.121E-04  0.188E-02  0.152E-03  0.000E+00
  1.413  0.014000  0.400    1.413    0.7673    3.7902    3.7902    2.8317    2.8837    0.0204    0.5045    0.2775  1.477E+11  1.0000   3.935  0.409E-05      6.14      0.00      0.00  0.0000   0.000   0.000  0.0000  0.715E+00  0.270E+00  0.189E-02  0.113E-03  0.102E-02  0.572E-02  0.249E-05  0.121E-04  0.188E-02  0.152E-03  0.000E+00
  1.414  0.014000  0.400    1.414    0.7767    3.7917    3.7917    2.8082    2.8568    0.0180    0.4990    0.2730  1.483E+11  1.0000   3.931  0.413E-05      6.22      0.00      0.00  0.0000   0.000   0.000  0.0000  0.715E+00  0.270E+00  0.189E-02  0.113E-03  0.103E-02  0.572E-02  0.249E-05  0.121E-04  0.188E-02  0.152E-03  0.000E+00
  1.415  0.014000  0.400    1.415    0.7906    3.7941    3.7941    2.7735    2.8168    0.0143    0.4902    0.2657  1.490E+11  1.0000   3.927  0.418E-05      6.36      0.00      0.00  0.0000   0.000   0.000  0.0000  0.715E+00  0.270E+00  0.189E-02  0.114E-03  0.103E-02  0.572E-02  0.250E-05  0.121E-04  0.188E-02  0.152E-03  0.000E+00
  1.415  0.014000  0.400    1.415    0.8003    3.7959    3.7959    2.7494    2.7885    0.0114    0.4836    0.2602  1.494E+11  1.0000   3.925  0.423E-05      6.45      0.00      0.00  0.0000   0.000   0.000  0.0000  0.715E+00  0.270E+00  0.189E-02  0.114E-03  0.103E-02  0.572E-02  0.250E-05  0.121E-04  0.188E-02  0.152E-03  0.000E+00
  1.416  0.014000  0.400    1.416    0.8134    3.7985    3.7985    2.7164    2.7496    0.0072    0.4739    0.2521  1.499E+11  1.0000   3.922  0.428E-05      6.56      0.00      0.00  0.0000   0.000   0.000  0.0000  0.715E+00  0.270E+00  0.189E-02  0.114E-03  0.103E-02  0.572E-02  0.250E-05  0.121E-04  0.188E-02  0.152E-03  0.000E+00
  1.416  0.014000  0.400    1.416    0.8211    3.8000    3.8000    2.6972    2.7270    0.0049    0.4684    0.2475  1.502E+11  1.0000   3.921  0.432E-05      6.63      0.00      0.00  0.0000   0.000   0.000  0.0000  0.715E+00  0.270E+00  0.189E-02  0.114E-03  0.103E-02  0.572E-02  0.250E-05  0.121E-04  0.188E-02  0.152E-03  0.000E+00
  1.416  0.014000  0.400    1.416    0.8304    3.8016    3.8016    2.6740    2.7001    0.0023    0.4624    0.2424  1.507E+11  1.0000   3.918  0.436E-05      6.70      0.00      0.00  0.0000   0.000   0.000  0.0000  0.715E+00  0.270E+00  0.189E-02  0.114E-03  0.103E-02  0.572E-02  0.250E-05  0.121E-04  0.188E-02  0.152E-03  0.000E+00
  1.416  0.014000  0.400    1.416    0.8412    3.8033    3.8033    2.6469    2.6691   -0.0005    0.4560    0.2370  1.514E+11  1.0000   3.914  0.440E-05      6.78      0.00      0.00  0.0000   0.000   0.000  0.0000  0.715E+00  0.270E+00  0.189E-02  0.114E-03  0.103E-02  0.572E-02  0.250E-05  0.121E-04  0.188E-02  0.152E-03  0.000E+00
  1.417  0.014000  0.400    1.417    0.8570    3.8043    3.8043    2.6076    2.6276   -0.0020    0.4524    0.2340  1.535E+11  1.0000   3.902  0.437E-05      6.81      0.00      0.00  0.0000   0.000   0.000  0.0000  0.715E+00  0.270E+00  0.188E-02  0.114E-03  0.103E-02  0.572E-02  0.250E-05  0.121E-04  0.188E-02  0.152E-03  0.000E+00
  1.417  0.014000  0.400    1.417    0.8608    3.8020    3.8020    2.5981    2.6233    0.0016    0.4609    0.2411  1.558E+11  1.0000   3.890  0.425E-05      6.69      0.00      0.00  0.0000   0.000   0.000  0.0000  0.715E+00  0.270E+00  0.188E-02  0.114E-03  0.103E-02  0.572E-02  0.250E-05  0.121E-04  0.188E-02  0.152E-03  0.000E+00
  1.418  0.014000  0.400    1.418    0.8663    3.8002    3.8002    2.5843    2.6136    0.0045    0.4677    0.2469  1.581E+11  1.0000   3.877  0.414E-05      6.63      0.00      0.00  0.0000   0.000   0.000  0.0000  0.715E+00  0.270E+00  0.188E-02  0.114E-03  0.104E-02  0.572E-02  0.251E-05  0.121E-04  0.188E-02  0.152E-03  0.000E+00
  1.420  0.014000  0.400    1.420    0.8731    3.7986    3.7986    2.5673    2.6001    0.0070    0.4734    0.2516  1.605E+11  1.0000   3.865  0.408E-05      6.61      0.00      0.00  0.0000   0.000   0.000  0.0000  0.715E+00  0.270E+00  0.188E-02  0.115E-03  0.104E-02  0.572E-02  0.251E-05  0.121E-04  0.188E-02  0.152E-03  0.000E+00
  1.422  0.014000  0.400    1.422    0.8793    3.7972    3.7972    2.5517    2.5877    0.0092    0.4785    0.2559  1.627E+11  1.0000   3.853  0.403E-05      6.64      0.00      0.00  0.0000   0.000   0.000  0.0000  0.715E+00  0.270E+00  0.187E-02  0.115E-03  0.105E-02  0.572E-02  0.252E-05  0.121E-04  0.188E-02  0.152E-03  0.000E+00
  1.424  0.014000  0.400    1.424    0.8854    3.7959    3.7959    2.5366    2.5757    0.0114    0.4836    0.2602  1.648E+11  1.0000   3.842  0.399E-05      6.65      0.00      0.00  0.0000   0.000   0.000  0.0000  0.715E+00  0.270E+00  0.187E-02  0.116E-03  0.105E-02  0.572E-02  0.253E-05  0.121E-04  0.188E-02  0.152E-03  0.000E+00
  1.426  0.014000  0.400    1.426    0.8913    3.7945    3.7945    2.5219    2.5641    0.0136    0.4886    0.2643  1.670E+11  1.0000   3.832  0.395E-05      6.66      0.00      0.00  0.0000   0.000   0.000  0.0000  0.715E+00  0.270E+00  0.186E-02  0.116E-03  0.105E-02  0.572E-02  0.253E-05  0.120E-04  0.188E-02  0.152E-03  0.000E+00
  1.427  0.014000  0.400    1.427    0.8969    3.7931    3.7931    2.5078    2.5534    0.0159    0.4940    0.2688  1.692E+11  1.0000   3.821  0.391E-05      6.68      0.00      0.00  0.0000   0.000   0.000  0.0000  0.715E+00  0.270E+00  0.186E-02  0.116E-03  0.106E-02  0.572E-02  0.254E-05  0.120E-04  0.188E-02  0.152E-03  0.000E+00
  1.429  0.014000  0.400    1.429    0.9022    3.7915    3.7915    2.4944    2.5436    0.0184    0.4999    0.2737  1.715E+11  1.0000   3.810  0.386E-05      6.67      0.00      0.00  0.0000   0.000   0.000  0.0000  0.715E+00  0.270E+00  0.186E-02  0.117E-03  0.106E-02  0.572E-02  0.255E-05  0.120E-04  0.188E-02  0.152E-03  0.000E+00
  1.431  0.014000  0.400    1.431    0.9073    3.7898    3.7898    2.4818    2.5350    0.0212    0.5064    0.2790  1.739E+11  1.0000   3.798  0.379E-05      6.65      0.00      0.00  0.0000   0.000   0.000  0.0000  0.715E+00  0.270E+00  0.185E-02  0.117E-03  0.107E-02  0.572E-02  0.255E-05  0.120E-04  0.188E-02  0.152E-03  0.000E+00
  1.433  0.014000  0.400    1.433    0.9118    3.7878    3.7878    2.4704    2.5281    0.0244    0.5137    0.2850  1.764E+11  1.0000   3.786  0.373E-05      6.62      0.00      0.00  0.0000   0.000   0.000  0.0000  0.715E+00  0.270E+00  0.185E-02  0.118E-03  0.107E-02  0.572E-02  0.256E-05  0.120E-04  0.188E-02  0.152E-03  0.000E+00
  1.435  0.014000  0.400    1.435    0.9158    3.7853    3.7853    2.4604    2.5231    0.0305    0.5230    0.2925  1.792E+11  1.0000   3.773  0.365E-05      6.58      0.00      0.00  0.0000   0.000   0.000  0.0000  0.715E+00  0.270E+00  0.184E-02  0.118E-03  0.108E-02  0.572E-02  0.256E-05  0.120E-04  0.188E-02  0.152E-03  0.000E+00
  1.436  0.014000  0.400    1.436    0.9175    3.7839    3.7839    2.4562    2.5212    0.0356    0.5285    0.2967  1.807E+11  1.0000   3.766  0.361E-05      6.55      0.00      0.00  0.0000   0.000   0.000  0.0000  0.715E+00  0.270E+00  0.184E-02  0.118E-03  0.108E-02  0.572E-02  0.257E-05  0.120E-04  0.188E-02  0.152E-03  0.000E+00
  1.437  0.014000  0.400    1.437    0.9190    3.7825    3.7825    2.4525    2.5200    0.0410    0.5343    0.3013  1.822E+11  1.0000   3.759  0.356E-05      6.51      0.00      0.00  0.0000   0.000   0.000  0.0000  0.715E+00  0.270E+00  0.184E-02  0.118E-03  0.108E-02  0.572E-02  0.257E-05  0.120E-04  0.188E-02  0.152E-03  0.000E+00
  1.438  0.014000  0.400    1.438    0.9202    3.7809    3.7809    2.4496    2.5196    0.0468    0.5406    0.3062  1.838E+11  1.0000   3.752  0.351E-05      6.47      0.00      0.00  0.0000   0.000   0.000  0.0000  0.715E+00  0.270E+00  0.184E-02  0.119E-03  0.108E-02  0.572E-02  0.257E-05  0.120E-04  0.188E-02  0.152E-03  0.000E+00
  1.439  0.014000  0.400    1.439    0.9210    3.7792    3.7792    2.4475    2.5201    0.0529    0.5473    0.3114  1.854E+11  1.0000   3.745  0.345E-05      6.42      0.00      0.00  0.0000   0.000   0.000  0.0000  0.715E+00  0.270E+00  0.183E-02  0.119E-03  0.109E-02  0.572E-02  0.258E-05  0.120E-04  0.188E-02  0.152E-03  0.000E+00
  1.440  0.014000  0.400    1.440    0.9213    3.7773    3.7773    2.4466    2.5227    0.0617    0.5551    0.3175  1.871E+11  1.0000   3.737  0.340E-05      6.37      0.00      0.00  0.0000   0.000   0.000  0.0000  0.715E+00  0.270E+00  0.183E-02  0.119E-03  0.109E-02  0.572E-02  0.258E-05  0.120E-04  0.188E-02  0.152E-03  0.000E+00
  1.440  0.014000  0.400    1.440    0.9212    3.7753    3.7753    2.4469    2.5276    0.0744    0.5637    0.3243  1.889E+11  1.0000   3.729  0.334E-05      6.32      0.00      0.00  0.0000   0.000   0.000  0.0000  0.715E+00  0.270E+00  0.183E-02  0.119E-03  0.109E-02  0.572E-02  0.258E-05  0.120E-04  0.188E-02  0.152E-03  0.000E+00
  1.441  0.014000  0.400    1.441    0.9204    3.7730    3.7730    2.4490    2.5347    0.0882    0.5735    0.3320  1.907E+11  1.0000   3.721  0.327E-05      6.24      0.00      0.00  0.0000   0.000   0.000  0.0000  0.715E+00  0.270E+00  0.183E-02  0.119E-03  0.109E-02  0.572E-02  0.259E-05  0.119E-04  0.188E-02  0.152E-03  0.000E+00
  1.442  0.014000  0.400    1.442    0.9196    3.7718    3.7718    2.4509    2.5391    0.0953    0.5787    0.3361  1.916E+11  1.0000   3.717  0.324E-05      6.19      0.00      0.00  0.0000   0.000   0.000  0.0000  0.715E+00  0.270E+00  0.183E-02  0.119E-03  0.109E-02  0.572E-02  0.259E-05  0.119E-04  0.188E-02  0.152E-03  0.000E+00
  1.442  0.014000  0.400    1.442    0.9186    3.7705    3.7705    2.4535    2.5441    0.1026    0.5842    0.3403  1.925E+11  1.0000   3.713  0.320E-05      6.15      0.00      0.00  0.0000   0.000   0.000  0.0000  0.715E+00  0.270E+00  0.183E-02  0.120E-03  0.110E-02  0.572E-02  0.259E-05  0.119E-04  0.188E-02  0.152E-03  0.000E+00
  1.443  0.014000  0.400    1.443    0.9173    3.7691    3.7691    2.4567    2.5498    0.1099    0.5899    0.3448  1.934E+11  1.0000   3.709  0.316E-05      6.10      0.00      0.00  0.0000   0.000   0.000  0.0000  0.715E+00  0.270E+00  0.182E-02  0.120E-03  0.110E-02  0.572E-02  0.259E-05  0.119E-04  0.188E-02  0.152E-03  0.000E+00
  1.443  0.014000  0.400    1.443    0.9158    3.7677    3.7677    2.4606    2.5566    0.1192    0.5963    0.3499  1.944E+11  1.0000   3.705  0.312E-05      6.05      0.00      0.00  0.0000   0.000   0.000  0.0000  0.715E+00  0.270E+00  0.182E-02  0.120E-03  0.110E-02  0.572E-02  0.260E-05  0.119E-04  0.188E-02  0.152E-03  0.000E+00
  1.444  0.014000  0.400    1.444    0.9138    3.7659    3.7659    2.4654    2.5648    0.1305    0.6041    0.3561  1.955E+11  1.0000   3.700  0.308E-05      6.00      0.00      0.00  0.0000   0.000   0.000  0.0000  0.715E+00  0.270E+00  0.182E-02  0.120E-03  0.110E-02  0.572E-02  0.260E-05  0.119E-04  0.188E-02  0.152E-03  0.000E+00
  1.444  0.014000  0.400    1.444    0.9114    3.7640    3.7640    2.4715    2.5742    0.1427    0.6125    0.3627  1.967E+11  1.0000   3.695  0.304E-05      5.94      0.00      0.00  0.0000   0.000   0.000  0.0000  0.715E+00  0.270E+00  0.182E-02  0.120E-03  0.110E-02  0.572E-02  0.260E-05  0.119E-04  0.188E-02  0.152E-03  0.000E+00
  1.445  0.014000  0.400    1.445    0.9086    3.7622    3.7622    2.4785    2.5846    0.1546    0.6209    0.3693  1.977E+11  1.0000   3.691  0.299E-05      5.87      0.00      0.00  0.0000   0.000   0.000  0.0000  0.715E+00  0.270E+00  0.182E-02  0.120E-03  0.110E-02  0.572E-02  0.260E-05  0.119E-04  0.188E-02  0.152E-03  0.000E+00
  1.445  0.014000  0.400    1.445    0.9054    3.7604    3.7604    2.4865    2.5956    0.1661    0.6290    0.3757  1.986E+11  1.0000   3.687  0.295E-05      5.81      0.00      0.00  0.0000   0.000   0.000  0.0000  0.715E+00  0.270E+00  0.182E-02  0.120E-03  0.110E-02  0.572E-02  0.260E-05  0.119E-04  0.188E-02  0.152E-03  0.000E+00
  1.446  0.014000  0.400    1.446    0.9018    3.7585    3.7585    2.4956    2.6078    0.1781    0.6375    0.3825  1.995E+11  1.0000   3.683  0.291E-05      5.76      0.00      0.00  0.0000   0.000   0.000  0.0000  0.715E+00  0.270E+00  0.182E-02  0.120E-03  0.110E-02  0.572E-02  0.261E-05  0.119E-04  0.188E-02  0.152E-03  0.000E+00
  1.446  0.014000  0.400    1.446    0.8995    3.7574    3.7574    2.5011    2.6152    0.1854    0.6427    0.3867  2.000E+11  1.0000   3.681  0.288E-05      5.72      0.00      0.00  0.0000   0.000   0.000  0.0000  0.715E+00  0.270E+00  0.182E-02  0.120E-03  0.111E-02  0.572E-02  0.261E-05  0.119E-04  0.188E-02  0.152E-03  0.000E+00
  1.446  0.014000  0.400    1.446    0.8947    3.7552    3.7552    2.5134    2.6307    0.1993    0.6527    0.3946  2.009E+11  1.0000   3.677  0.283E-05      5.65      0.00      0.00  0.0000   0.000   0.000  0.0000  0.715E+00  0.270E+00  0.182E-02  0.121E-03  0.111E-02  0.572E-02  0.261E-05  0.119E-04  0.188E-02  0.152E-03  0.000E+00
  1.447  0.014000  0.400    1.447    0.8891    3.7530    3.7530    2.5272    2.6479    0.2129    0.6626    0.4025  2.016E+11  1.0000   3.674  0.278E-05      5.57      0.00      0.00  0.0000   0.000   0.000  0.0000  0.715E+00  0.270E+00  0.181E-02  0.121E-03  0.111E-02  0.572E-02  0.261E-05  0.119E-04  0.188E-02  0.152E-03  0.000E+00
  1.447  0.014000  0.400    1.447    0.8859    3.7519    3.7519    2.5353    2.6577    0.2204    0.6680    0.4068  2.020E+11  1.0000   3.673  0.276E-05      5.53      0.00      0.00  0.0000   0.000   0.000  0.0000  0.715E+00  0.270E+00  0.181E-02  0.121E-03  0.111E-02  0.572E-02  0.262E-05  0.119E-04  0.188E-02  0.152E-03  0.000E+00
  1.447  0.014000  0.400    1.447    0.8827    3.7507    3.7507    2.5433    2.6674    0.2278    0.6734    0.4112  2.023E+11  1.0000   3.672  0.273E-05      5.48      0.00      0.00  0.0000   0.000   0.000  0.0000  0.715E+00  0.270E+00  0.181E-02  0.121E-03  0.111E-02  0.572E-02  0.262E-05  0.119E-04  0.188E-02  0.152E-03  0.000E+00
  1.447  0.014000  0.400    1.447    0.8790    3.7494    3.7494    2.5526    2.6784    0.2357    0.6792    0.4158  2.026E+11  1.0000   3.670  0.271E-05      5.44      0.00      0.00  0.0000   0.000   0.000  0.0000  0.715E+00  0.270E+00  0.181E-02  0.121E-03  0.111E-02  0.572E-02  0.262E-05  0.119E-04  0.188E-02  0.152E-03  0.000E+00
  1.448  0.014000  0.400    1.448    0.8752    3.7482    3.7482    2.5620    2.6896    0.2437    0.6851    0.4206  2.029E+11  1.0000   3.669  0.268E-05      5.39      0.00      0.00  0.0000   0.000   0.000  0.0000  0.715E+00  0.270E+00  0.181E-02  0.121E-03  0.111E-02  0.572E-02  0.262E-05  0.119E-04  0.188E-02  0.152E-03  0.000E+00
  1.448  0.014000  0.400    1.448    0.8712    3.7469    3.7469    2.5719    2.7012    0.2516    0.6909    0.4252  2.032E+11  1.0000   3.668  0.266E-05      5.35      0.00      0.00  0.0000   0.000   0.000  0.0000  0.715E+00  0.270E+00  0.181E-02  0.121E-03  0.111E-02  0.572E-02  0.263E-05  0.119E-04  0.188E-02  0.152E-03  0.000E+00
  1.448  0.014000  0.400    1.448    0.8669    3.7457    3.7457    2.5826    2.7143    0.2608    0.6964    0.4296  2.033E+11  1.0000   3.668  0.263E-05      5.31      0.00      0.00  0.0000   0.000   0.000  0.0000  0.715E+00  0.270E+00  0.181E-02  0.121E-03  0.112E-02  0.572E-02  0.263E-05  0.119E-04  0.188E-02  0.152E-03  0.000E+00
  1.448  0.014000  0.400    1.448    0.8626    3.7445    3.7445    2.5934    2.7274    0.2700    0.7019    0.4341  2.034E+11  1.0000   3.667  0.261E-05      5.26      0.00      0.00  0.0000   0.000   0.000  0.0000  0.715E+00  0.270E+00  0.181E-02  0.121E-03  0.112E-02  0.572E-02  0.263E-05  0.119E-04  0.188E-02  0.152E-03  0.000E+00
  1.449  0.014000  0.400    1.449    0.8578    3.7431    3.7431    2.6055    2.7421    0.2807    0.7082    0.4392  2.036E+11  1.0000   3.666  0.259E-05      5.22      0.00      0.00  0.0000   0.000   0.000  0.0000  0.715E+00  0.270E+00  0.180E-02  0.122E-03  0.112E-02  0.572E-02  0.263E-05  0.119E-04  0.188E-02  0.152E-03  0.000E+00
  1.449  0.014000  0.400    1.449    0.8528    3.7416    3.7416    2.6180    2.7573    0.2922    0.7149    0.4446  2.038E+11  1.0000   3.666  0.256E-05      5.17      0.00      0.00  0.0000   0.000   0.000  0.0000  0.715E+00  0.270E+00  0.180E-02  0.122E-03  0.112E-02  0.572E-02  0.264E-05  0.119E-04  0.188E-02  0.152E-03  0.000E+00
  1.449  0.014000  0.400    1.449    0.8477    3.7401    3.7401    2.6308    2.7728    0.3040    0.7218    0.4502  2.040E+11  1.0000   3.665  0.254E-05      5.12      0.00      0.00  0.0000   0.000   0.000  0.0000  0.715E+00  0.270E+00  0.180E-02  0.122E-03  0.112E-02  0.572E-02  0.264E-05  0.119E-04  0.188E-02  0.152E-03  0.000E+00
  1.449  0.014000  0.400    1.449    0.8421    3.7385    3.7385    2.6446    2.7896    0.3173    0.7299    0.4567  2.043E+11  1.0000   3.664  0.251E-05      5.07      0.00      0.00  0.0000   0.000   0.000  0.0000  0.715E+00  0.270E+00  0.180E-02  0.122E-03  0.112E-02  0.572E-02  0.264E-05  0.119E-04  0.188E-02  0.152E-03  0.000E+00
  1.450  0.014000  0.400    1.450    0.8366    3.7368    3.7368    2.6585    2.8064    0.3307    0.7379    0.4632  2.045E+11  1.0000   3.663  0.249E-05      5.02      0.00      0.00  0.0000   0.000   0.000  0.0000  0.715E+00  0.270E+00  0.180E-02  0.122E-03  0.112E-02  0.572E-02  0.265E-05  0.119E-04  0.188E-02  0.152E-03  0.000E+00
  1.450  0.014000  0.400    1.450    0.8307    3.7351    3.7351    2.6731    2.8239    0.3446    0.7461    0.4699  2.048E+11  1.0000   3.662  0.246E-05      4.97      0.00      0.00  0.0000   0.000   0.000  0.0000  0.715E+00  0.270E+00  0.180E-02  0.122E-03  0.113E-02  0.572E-02  0.265E-05  0.119E-04  0.188E-02  0.152E-03  0.000E+00
  1.450  0.014000  0.400    1.450    0.8247    3.7334    3.7334    2.6882    2.8419    0.3589    0.7545    0.4767  2.050E+11  1.0000   3.661  0.244E-05      4.92      0.00      0.00  0.0000   0.000   0.000  0.0000  0.715E+00  0.270E+00  0.179E-02  0.122E-03  0.113E-02  0.572E-02  0.266E-05  0.118E-04  0.188E-02  0.152E-03  0.000E+00
  1.450  0.014000  0.400    1.450    0.8188    3.7316    3.7316    2.7030    2.8595    0.3732    0.7626    0.4834  2.052E+11  1.0000   3.660  0.241E-05      4.87      0.00      0.00  0.0000   0.000   0.000  0.0000  0.715E+00  0.270E+00  0.179E-02  0.123E-03  0.113E-02  0.572E-02  0.266E-05  0.118E-04  0.188E-02  0.152E-03  0.000E+00
  1.450  0.014000  0.400    1.450    0.8135    3.7301    3.7301    2.7163    2.8754    0.3861    0.7699    0.4893  2.054E+11  1.0000   3.659  0.239E-05      4.83      0.00      0.00  0.0000   0.000   0.000  0.0000  0.715E+00  0.270E+00  0.179E-02  0.123E-03  0.113E-02  0.572E-02  0.267E-05  0.118E-04  0.188E-02  0.152E-03  0.000E+00
  1.451  0.014000  0.400    1.451    0.8080    3.7286    3.7286    2.7300    2.8915    0.3990    0.7771    0.4953  2.056E+11  1.0000   3.659  0.236E-05      4.79      0.00      0.00  0.0000   0.000   0.000  0.0000  0.715E+00  0.271E+00  0.179E-02  0.123E-03  0.114E-02  0.572E-02  0.268E-05  0.118E-04  0.188E-02  0.152E-03  0.000E+00
  1.451  0.014000  0.400    1.451    0.8023    3.7270    3.7270    2.7442    2.9083    0.4119    0.7842    0.5011  2.057E+11  1.0000   3.658  0.233E-05      4.74      0.00      0.00  0.0000   0.000   0.000  0.0000  0.715E+00  0.271E+00  0.179E-02  0.123E-03  0.114E-02  0.572E-02  0.268E-05  0.118E-04  0.188E-02  0.152E-03  0.000E+00
  1.451  0.014000  0.400    1.451    0.7966    3.7255    3.7255    2.7585    2.9251    0.4248    0.7912    0.5070  2.057E+11  1.0000   3.658  0.231E-05      4.69      0.00      0.00  0.0000   0.000   0.000  0.0000  0.715E+00  0.271E+00  0.178E-02  0.124E-03  0.114E-02  0.572E-02  0.269E-05  0.118E-04  0.188E-02  0.152E-03  0.000E+00
  1.451  0.014000  0.400    1.451    0.7909    3.7237    3.7237    2.7728    2.9422    0.4406    0.7995    0.5140  2.061E+11  1.0000   3.657  0.228E-05      4.63      0.00      0.00  0.0000   0.000   0.000  0.0000  0.714E+00  0.271E+00  0.178E-02  0.124E-03  0.115E-02  0.572E-02  0.270E-05  0.118E-04  0.188E-02  0.152E-03  0.000E+00
  1.452  0.014000  0.400    1.452    0.7851    3.7219    3.7219    2.7872    2.9603    0.4576    0.8081    0.5213  2.065E+11  1.0000   3.655  0.225E-05      4.57      0.00      0.00  0.0000   0.000   0.000  0.0000  0.714E+00  0.271E+00  0.178E-02  0.124E-03  0.115E-02  0.572E-02  0.271E-05  0.118E-04  0.188E-02  0.152E-03  0.000E+00
  1.452  0.014000  0.400    1.452    0.7797    3.7201    3.7201    2.8008    2.9776    0.4748    0.8167    0.5285  2.069E+11  1.0000   3.653  0.222E-05      4.52      0.00      0.00  0.0000   0.000   0.000  0.0000  0.714E+00  0.271E+00  0.177E-02  0.124E-03  0.115E-02  0.572E-02  0.272E-05  0.118E-04  0.188E-02  0.152E-03  0.000E+00
  1.452  0.014000  0.400    1.452    0.7748    3.7183    3.7183    2.8130    2.9934    0.4922    0.8251    0.5358  2.074E+11  1.0000   3.651  0.219E-05      4.46      0.00      0.00  0.0000   0.000   0.000  0.0000  0.714E+00  0.271E+00  0.177E-02  0.125E-03  0.116E-02  0.572E-02  0.274E-05  0.118E-04  0.188E-02  0.152E-03  0.000E+00
  1.452  0.014000  0.400    1.452    0.7699    3.7165    3.7165    2.8252    3.0102    0.5082    0.8333    0.5427  2.080E+11  1.0000   3.649  0.215E-05      4.40      0.00      0.00  0.0000   0.000   0.000  0.0000  0.714E+00  0.271E+00  0.176E-02  0.125E-03  0.116E-02  0.572E-02  0.275E-05  0.118E-04  0.188E-02  0.152E-03  0.000E+00
  1.453  0.014000  0.400    1.453    0.7661    3.7149    3.7149    2.8349    3.0251    0.5205    0.8403    0.5484  2.086E+11  1.0000   3.647  0.212E-05      4.34      0.00      0.00  0.0000   0.000   0.000  0.0000  0.714E+00  0.271E+00  0.176E-02  0.125E-03  0.117E-02  0.572E-02  0.276E-05  0.117E-04  0.188E-02  0.152E-03  0.000E+00
  1.453  0.014000  0.400    1.453    0.7622    3.7134    3.7134    2.8445    3.0400    0.5328    0.8473    0.5541  2.092E+11  1.0000   3.644  0.208E-05      4.29      0.00      0.00  0.0000   0.000   0.000  0.0000  0.714E+00  0.271E+00  0.176E-02  0.125E-03  0.117E-02  0.572E-02  0.278E-05  0.117E-04  0.188E-02  0.152E-03  0.000E+00
  1.453  0.014000  0.400    1.453    0.7594    3.7120    3.7120    2.8516    3.0515    0.5432    0.8533    0.5589  2.098E+11  1.0000   3.642  0.205E-05      4.23      0.00      0.00  0.0000   0.000   0.000  0.0000  0.714E+00  0.271E+00  0.175E-02  0.126E-03  0.118E-02  0.572E-02  0.280E-05  0.117E-04  0.188E-02  0.152E-03  0.000E+00
  1.453  0.014000  0.400    1.453    0.7569    3.7107    3.7107    2.8578    3.0621    0.5532    0.8590    0.5635  2.104E+11  1.0000   3.639  0.201E-05      4.16      0.00      0.00  0.0000   0.000   0.000  0.0000  0.714E+00  0.271E+00  0.175E-02  0.126E-03  0.118E-02  0.572E-02  0.282E-05  0.117E-04  0.188E-02  0.152E-03  0.000E+00
  1.454  0.014000  0.400    1.454    0.7543    3.7094    3.7094    2.8641    3.0726    0.5632    0.8647    0.5681  2.110E+11  1.0000   3.637  0.198E-05      4.10      0.00      0.00  0.0000   0.000   0.000  0.0000  0.714E+00  0.271E+00  0.174E-02  0.126E-03  0.119E-02  0.572E-02  0.284E-05  0.117E-04  0.188E-02  0.152E-03  0.000E+00
  1.454  0.014000  0.400    1.454    0.7526    3.7080    3.7080    2.8684    3.0818    0.5746    0.8712    0.5734  2.121E+11  1.0000   3.633  0.194E-05      4.04      0.00      0.00  0.0000   0.000   0.000  0.0000  0.714E+00  0.271E+00  0.174E-02  0.127E-03  0.119E-02  0.572E-02  0.287E-05  0.117E-04  0.188E-02  0.152E-03  0.000E+00
  1.454  0.014000  0.400    1.454    0.7509    3.7065    3.7065    2.8727    3.0910    0.5861    0.8778    0.5786  2.131E+11  1.0000   3.628  0.191E-05      3.98      0.00      0.00  0.0000   0.000   0.000  0.0000  0.714E+00  0.271E+00  0.173E-02  0.127E-03  0.120E-02  0.572E-02  0.289E-05  0.116E-04  0.188E-02  0.152E-03  0.000E+00
  1.454  0.014000  0.400    1.454    0.7502    3.7051    3.7051    2.8745    3.0988    0.5975    0.8843    0.5839  2.142E+11  1.0000   3.624  0.187E-05      3.92      0.00      0.00  0.0000   0.000   0.000  0.0000  0.714E+00  0.272E+00  0.173E-02  0.127E-03  0.120E-02  0.572E-02  0.292E-05  0.116E-04  0.188E-02  0.152E-03  0.000E+00
  1.454  0.014000  0.400    1.454    0.7497    3.7038    3.7038    2.8758    3.1067    0.6091    0.8909    0.5893  2.154E+11  1.0000   3.619  0.183E-05      3.86      0.00      0.00  0.0000   0.000   0.000  0.0000  0.713E+00  0.272E+00  0.172E-02  0.128E-03  0.121E-02  0.572E-02  0.295E-05  0.116E-04  0.188E-02  0.152E-03  0.000E+00
  1.455  0.014000  0.400    1.455    0.7505    3.7027    3.7027    2.8737    3.1103    0.6190    0.8966    0.5938  2.168E+11  1.0000   3.614  0.179E-05      3.80      0.00      0.00  0.0000   0.000   0.000  0.0000  0.713E+00  0.272E+00  0.171E-02  0.128E-03  0.122E-02  0.572E-02  0.298E-05  0.116E-04  0.188E-02  0.152E-03  0.000E+00
  1.455  0.014000  0.400    1.455    0.7520    3.7017    3.7017    2.8699    3.1117    0.6280    0.9017    0.5980  2.182E+11  1.0000   3.608  0.175E-05      3.74      0.00      0.00  0.0000   0.000   0.000  0.0000  0.713E+00  0.272E+00  0.171E-02  0.128E-03  0.122E-02  0.572E-02  0.303E-05  0.116E-04  0.188E-02  0.152E-03  0.000E+00
  1.455  0.014000  0.400    1.455    0.7535    3.7006    3.7006    2.8661    3.1130    0.6371    0.9069    0.6021  2.196E+11  1.0000   3.603  0.172E-05      3.68      0.00      0.00  0.0000   0.000   0.000  0.0000  0.713E+00  0.272E+00  0.170E-02  0.128E-03  0.123E-02  0.572E-02  0.308E-05  0.115E-04  0.188E-02  0.152E-03  0.000E+00
  1.455  0.014000  0.400    1.455    0.7551    3.6996    3.6996    2.8623    3.1144    0.6461    0.9121    0.6063  2.210E+11  1.0000   3.597  0.168E-05      3.63      0.00      0.00  0.0000   0.000   0.000  0.0000  0.713E+00  0.272E+00  0.170E-02  0.129E-03  0.124E-02  0.572E-02  0.312E-05  0.115E-04  0.188E-02  0.152E-03  0.000E+00
  1.456  0.014000  0.400    1.456    0.7566    3.6986    3.6986    2.8585    3.1158    0.6552    0.9172    0.6105  2.225E+11  1.0000   3.592  0.164E-05      3.57      0.00      0.00  0.0000   0.000   0.000  0.0000  0.713E+00  0.272E+00  0.169E-02  0.129E-03  0.125E-02  0.572E-02  0.317E-05  0.115E-04  0.188E-02  0.152E-03  0.000E+00
  1.456  0.014000  0.400    1.456    0.7613    3.6968    3.6968    2.8467    3.1122    0.6741    0.9260    0.6175  2.255E+11  1.0000   3.580  0.157E-05      3.46      0.00      0.00  0.0000   0.000   0.000  0.0000  0.713E+00  0.273E+00  0.168E-02  0.130E-03  0.126E-02  0.572E-02  0.328E-05  0.114E-04  0.188E-02  0.152E-03  0.000E+00
  1.457  0.014000  0.400    1.457    0.7680    3.6954    3.6954    2.8299    3.1018    0.6902    0.9329    0.6231  2.287E+11  1.0000   3.568  0.151E-05      3.36      0.00      0.00  0.0000 -22.191   0.000  0.0000  0.712E+00  0.273E+00  0.166E-02  0.130E-03  0.128E-02  0.572E-02  0.342E-05  0.114E-04  0.188E-02  0.152E-03  0.000E+00
  1.457  0.014000  0.400    1.457    0.7755    3.6942    3.6942    2.8113    3.0889    0.7047    0.9391    0.6281  2.320E+11  1.0000   3.556  0.145E-05      3.27      0.00      0.00  0.0000 -16.573   0.000  0.0000  0.712E+00  0.273E+00  0.165E-02  0.130E-03  0.129E-02  0.572E-02  0.357E-05  0.113E-04  0.188E-02  0.152E-03  0.000E+00
  1.458  0.014000  0.400    1.458    0.7940    3.6925    3.6925    2.7649    3.0501    0.7241    0.9475    0.6348  2.388E+11  1.0000   3.531  0.133E-05      3.12      0.00      0.00  0.0000 -12.042   0.000  0.0000  0.711E+00  0.274E+00  0.161E-02  0.131E-03  0.133E-02  0.572E-02  0.398E-05  0.112E-04  0.188E-02  0.152E-03  0.000E+00
  1.458  0.014000  0.400    1.458    0.8037    3.6915    3.6915    2.7408    3.0306    0.7358    0.9525    0.6388  2.426E+11  1.0000   3.517  0.128E-05      3.04      0.00      0.00  0.0000 -11.518   0.000  0.0000  0.711E+00  0.274E+00  0.160E-02  0.131E-03  0.135E-02  0.572E-02  0.424E-05  0.111E-04  0.188E-02  0.152E-03  0.000E+00
  1.459  0.014000  0.400    1.459    0.8241    3.6895    3.6895    2.6899    2.9886    0.7588    0.9623    0.6467  2.506E+11  1.0000   3.489  0.119E-05      2.90      0.00      0.00  0.0000 -11.483   0.000  0.0000  0.710E+00  0.275E+00  0.156E-02  0.131E-03  0.140E-02  0.572E-02  0.489E-05  0.110E-04  0.188E-02  0.152E-03  0.000E+00
  1.460  0.014000  0.400    1.460    0.8477    3.6881    3.6881    2.6308    2.9361    0.7755    0.9695    0.6525  2.593E+11  1.0000   3.460  0.109E-05      2.78      0.00      0.00  0.0000 -11.445   0.000  0.0000  0.709E+00  0.277E+00  0.152E-02  0.130E-03  0.145E-02  0.571E-02  0.583E-05  0.108E-04  0.188E-02  0.152E-03  0.000E+00
  1.461  0.014000  0.400    1.461    0.8699    3.6863    3.6863    2.5751    2.8889    0.7968    0.9786    0.6598  2.682E+11  1.0000   3.431  0.102E-05      2.67      0.00      0.00  0.0000 -11.408   0.000  0.0000  0.707E+00  0.278E+00  0.148E-02  0.129E-03  0.149E-02  0.571E-02  0.691E-05  0.106E-04  0.188E-02  0.152E-03  0.000E+00
  1.463  0.014000  0.400    1.463    0.9200    3.6843    3.6843    2.4501    2.7728    0.8197    0.9884    0.6677  2.867E+11  1.0000   3.373  0.886E-06      2.48      0.00      0.00  0.0000 -11.330   0.000  0.0000  0.704E+00  0.281E+00  0.139E-02  0.126E-03  0.160E-02  0.570E-02  0.101E-04  0.102E-04  0.188E-02  0.152E-03  0.000E+00
  1.464  0.014000  0.400    1.464    0.9462    3.6833    3.6833    2.3846    2.7120    0.8317    0.9936    0.6719  2.969E+11  1.0000   3.343  0.820E-06      2.39      0.00      0.00  0.0000 -11.289   0.000  0.0000  0.703E+00  0.283E+00  0.136E-02  0.124E-03  0.165E-02  0.570E-02  0.119E-04  0.998E-05  0.188E-02  0.152E-03  0.000E+00
  1.466  0.014000  0.400    1.466    1.0011    3.6814    3.6814    2.2473    2.5833    0.8534    1.0029    0.6793  3.190E+11  1.0000   3.281  0.708E-06      2.22      0.00      0.00  0.0000 -11.204   0.000  0.0000  0.700E+00  0.286E+00  0.130E-02  0.120E-03  0.173E-02  0.569E-02  0.157E-04  0.963E-05  0.188E-02  0.152E-03  0.000E+00
  1.467  0.014000  0.400    1.466    1.0302    3.6805    3.6805    2.1745    2.5145    0.8636    1.0073    0.6828  3.312E+11  1.0000   3.249  0.651E-06      2.14      0.00      0.00  0.0000 -11.159   0.000  0.0000  0.698E+00  0.287E+00  0.127E-02  0.119E-03  0.176E-02  0.569E-02  0.176E-04  0.948E-05  0.188E-02  0.152E-03  0.000E+00
  1.468  0.014000  0.400    1.467    1.0600    3.6794    3.6794    2.1001    2.4455    0.8774    1.0132    0.6876  3.446E+11  1.0000   3.215  0.604E-06      2.05      0.00      0.00  0.0000 -11.112   0.000  0.0000  0.697E+00  0.288E+00  0.125E-02  0.117E-03  0.179E-02  0.568E-02  0.193E-04  0.936E-05  0.188E-02  0.152E-03  0.000E+00
  1.469  0.014000  0.400    1.468    1.0911    3.6781    3.6781    2.0222    2.3736    0.8926    1.0197    0.6928  3.594E+11  1.0000   3.179  0.557E-06      1.96      0.00      0.00  0.0000 -11.064   0.000  0.0000  0.696E+00  0.290E+00  0.123E-02  0.116E-03  0.181E-02  0.567E-02  0.213E-04  0.924E-05  0.188E-02  0.152E-03  0.000E+00
  1.470  0.014000  0.400    1.469    1.1231    3.6769    3.6769    1.9422    2.2989    0.9062    1.0255    0.6975  3.749E+11  1.0000   3.142  0.514E-06      1.89      0.00      0.00  0.0000 -11.012   0.000  0.0000  0.694E+00  0.291E+00  0.122E-02  0.115E-03  0.184E-02  0.567E-02  0.235E-04  0.911E-05  0.188E-02  0.152E-03  0.000E+00
  1.470  0.014000  0.400    1.470    1.1621    3.6757    3.6757    1.8448    2.2072    0.9207    1.0317    0.7025  3.943E+11  1.0000   3.099  0.465E-06      1.80      0.00      0.00  0.0000 -10.951   0.000  0.0000  0.693E+00  0.293E+00  0.120E-02  0.113E-03  0.187E-02  0.566E-02  0.255E-04  0.900E-05  0.188E-02  0.152E-03  0.000E+00
  1.471  0.014000  0.400    1.471    1.2016    3.6740    3.6740    1.7461    2.1161    0.9400    1.0400    0.7092  4.158E+11  1.0000   3.053  0.418E-06      1.71      0.00      0.00  0.0000 -10.889   0.000  0.0000  0.691E+00  0.294E+00  0.119E-02  0.112E-03  0.189E-02  0.565E-02  0.273E-04  0.892E-05  0.188E-02  0.152E-03  0.000E+00
  1.472  0.014000  0.400    1.471    1.2171    3.6730    3.6730    1.7072    2.0824    0.9494    1.0451    0.7133  4.253E+11  1.0000   3.033  0.400E-06      1.67      0.00      0.00  0.0000 -10.864   0.000  0.0000  0.691E+00  0.294E+00  0.118E-02  0.112E-03  0.189E-02  0.565E-02  0.281E-04  0.889E-05  0.188E-02  0.152E-03  0.000E+00
  1.472  0.014000  0.400    1.472    1.2412    3.6719    3.6719    1.6471    2.0278    0.9597    1.0507    0.7178  4.395E+11  1.0000   3.005  0.375E-06      1.62      0.00      0.00  0.0000 -10.825   0.000  0.0000  0.690E+00  0.295E+00  0.118E-02  0.112E-03  0.190E-02  0.565E-02  0.289E-04  0.886E-05  0.188E-02  0.152E-03  0.000E+00
  1.473  0.014000  0.400    1.472    1.2925    3.6699    3.6699    1.5188    1.9095    0.9779    1.0607    0.7259  4.705E+11  1.0000   2.946  0.326E-06      1.52      0.00      0.00  0.0000 -10.741   0.000  0.0000  0.689E+00  0.296E+00  0.117E-02  0.111E-03  0.192E-02  0.564E-02  0.309E-04  0.879E-05  0.188E-02  0.152E-03  0.000E+00
  1.475  0.014000  0.400    1.474    1.3358    3.6686    3.6686    1.4105    1.8076    0.9897    1.0671    0.7311  4.976E+11  1.0000   2.898  0.291E-06      1.44      0.00      0.00  0.0000 -10.678   0.000  0.0000  0.687E+00  0.298E+00  0.115E-02  0.110E-03  0.195E-02  0.563E-02  0.349E-04  0.866E-05  0.188E-02  0.152E-03  0.000E+00
