  0.800  0.014000  0.000    0.800   -0.5391    3.6910    3.6910    6.0977    6.4755    0.4752    0.9402    0.5869  5.184E+10  1.0000   4.597  0.000E+00      0.00      0.00      0.00  0.0000   0.000   0.000  0.0000  0.740E+00  0.247E+00  0.215E-02  0.260E-04  0.624E-03  0.543E-02  0.214E-05  0.121E-04  0.179E-02  0.144E-03  0.000E+00
  0.804  0.014000  0.000    0.804   -0.5284    3.6925    3.6925    6.0709    6.4433    0.4673    0.9323    0.5819  5.210E+10  1.0000   4.594  0.000E+00      0.00      0.00      0.00  0.0000   0.000   0.000  0.0000  0.740E+00  0.246E+00  0.215E-02  0.260E-04  0.623E-03  0.542E-02  0.214E-05  0.121E-04  0.179E-02  0.144E-03  0.000E+00
  0.807  0.014000  0.000    0.807   -0.5177    3.6941    3.6941    6.0442    6.4112    0.4595    0.9245    0.5769  5.237E+10  1.0000   4.592  0.000E+00      0.00      0.00      0.00  0.0000   0.000   0.000  0.0000  0.740E+00  0.246E+00  0.215E-02  0.259E-04  0.623E-03  0.542E-02  0.214E-05  0.121E-04  0.179E-02  0.144E-03  0.000E+00
  0.811  0.014000  0.000    0.811   -0.5070    3.6957    3.6957    6.0175    6.3792    0.4516    0.9166    0.5719  5.263E+10  1.0000   4.590  0.000E+00      0.00      0.00      0.00  0.0000   0.000   0.000  0.0000  0.741E+00  0.246E+00  0.215E-02  0.259E-04  0.622E-03  0.542E-02  0.214E-05  0.121E-04  0.179E-02  0.143E-03  0.000E+00
  0.815  0.014000  0.000    0.815   -0.4964    3.6972    3.6972    5.9909    6.3472    0.4438    0.9088    0.5669  5.290E+10  1.0000   4.587  0.000E+00      0.00      0.00      0.00  0.0000   0.000   0.000  0.0000  0.741E+00  0.246E+00  0.215E-02  0.259E-04  0.622E-03  0.541E-02  0.214E-05  0.121E-04  0.178E-02  0.143E-03  0.000E+00
  0.819  0.014000  0.000    0.819   -0.4858    3.6988    3.6988    5.9644    6.3154    0.4360    0.9010    0.5619  5.317E+10  1.0000   4.585  0.000E+00      0.00      0.00      0.00  0.0000   0.000   0.000  0.0000  0.741E+00  0.246E+00  0.215E-02  0.259E-04  0.622E-03  0.541E-02  0.213E-05  0.121E-04  0.178E-02  0.143E-03  0.000E+00
  0.822  0.014000  0.000    0.822   -0.4752    3.7003    3.7003    5.9379    6.2836    0.4283    0.8936    0.5572  5.344E+10  1.0000   4.582  0.000E+00      0.00      0.00      0.00  0.0000   0.000   0.000  0.0000  0.741E+00  0.245E+00  0.215E-02  0.259E-04  0.621E-03  0.541E-02  0.213E-05  0.121E-04  0.178E-02  0.143E-03  0.000E+00
  0.826  0.014000  0.000    0.826   -0.4646    3.7019    3.7019    5.9115    6.2519    0.4206    0.8863    0.5525  5.371E+10  1.0000   4.580  0.000E+00      0.00      0.00      0.00  0.0000   0.000   0.000  0.0000  0.741E+00  0.245E+00  0.214E-02  0.259E-04  0.621E-03  0.540E-02  0.213E-05  0.121E-04  0.178E-02  0.143E-03  0.000E+00
  0.830  0.014000  0.000    0.830   -0.4541    3.7034    3.7034    5.8851    6.2203    0.4129    0.8789    0.5478  5.398E+10  1.0000   4.578  0.000E+00      0.00      0.00      0.00  0.0000   0.000   0.000  0.0000  0.742E+00  0.245E+00  0.214E-02  0.258E-04  0.621E-03  0.540E-02  0.213E-05  0.121E-04  0.178E-02  0.143E-03  0.000E+00
  0.834  0.014000  0.000    0.834   -0.4435    3.7050    3.7050    5.8588    6.1887    0.4052    0.8716    0.5431  5.425E+10  1.0000   4.575  0.000E+00      0.00      0.00      0.00  0.0000   0.000   0.000  0.0000  0.742E+00  0.245E+00  0.214E-02  0.258E-04  0.620E-03  0.540E-02  0.213E-05  0.121E-04  0.178E-02  0.143E-03  0.000E+00
  0.837  0.014000  0.000    0.837   -0.4330    3.7065    3.7065    5.8326    6.1572    0.3976    0.8644    0.5384  5.453E+10  1.0000   4.573  0.000E+00      0.00      0.00      0.00  0.0000   0.000   0.000  0.0000  0.742E+00  0.245E+00  0.214E-02  0.258E-04  0.620E-03  0.540E-02  0.213E-05  0.121E-04  0.178E-02  0.143E-03  0.000E+00
  0.841  0.014000  0.000    0.841   -0.4225    3.7080    3.7080    5.8064    6.1258    0.3900    0.8572    0.5337  5.481E+10  1.0000   4.570  0.000E+00      0.00      0.00      0.00  0.0000   0.000   0.000  0.0000  0.742E+00  0.244E+00  0.214E-02  0.258E-04  0.620E-03  0.539E-02  0.213E-05  0.121E-04  0.178E-02  0.143E-03  0.000E+00
  0.845  0.014000  0.000    0.845   -0.4121    3.7095    3.7095    5.7802    6.0945    0.3825    0.8500    0.5291  5.509E+10  1.0000   4.568  0.000E+00      0.00      0.00      0.00  0.0000   0.000   0.000  0.0000  0.742E+00  0.244E+00  0.214E-02  0.258E-04  0.619E-03  0.539E-02  0.213E-05  0.120E-04  0.178E-02  0.143E-03  0.000E+00
  0.848  0.014000  0.000    0.848   -0.4016    3.7110    3.7110    5.7541    6.0633    0.3749    0.8428    0.5244  5.537E+10  1.0000   4.565  0.000E+00      0.00      0.00      0.00  0.0000   0.000   0.000  0.0000  0.743E+00  0.244E+00  0.214E-02  0.257E-04  0.619E-03  0.539E-02  0.212E-05  0.120E-04  0.178E-02  0.143E-03  0.000E+00
  0.852  0.014000  0.000    0.852   -0.3912    3.7125    3.7125    5.7280    6.0321    0.3674    0.8357    0.5198  5.565E+10  1.0000   4.563  0.000E+00      0.00      0.00      0.00  0.0000   0.000   0.000  0.0000  0.743E+00  0.244E+00  0.214E-02  0.257E-04  0.618E-03  0.538E-02  0.212E-05  0.120E-04  0.178E-02  0.143E-03  0.000E+00
  0.856  0.014000  0.000    0.856   -0.3808    3.7140    3.7140    5.7020    6.0010    0.3600    0.8286    0.5151  5.594E+10  1.0000   4.560  0.000E+00      0.00      0.00      0.00  0.0000   0.000   0.000  0.0000  0.743E+00  0.244E+00  0.213E-02  0.257E-04  0.618E-03  0.538E-02  0.212E-05  0.120E-04  0.177E-02  0.143E-03  0.000E+00
  0.860  0.014000  0.000    0.860   -0.3704    3.7155    3.7155    5.6760    5.9699    0.3525    0.8215    0.5105  5.622E+10  1.0000   4.558  0.000E+00      0.00      0.00      0.00  0.0000   0.000   0.000  0.0000  0.743E+00  0.243E+00  0.213E-02  0.257E-04  0.618E-03  0.538E-02  0.212E-05  0.120E-04  0.177E-02  0.142E-03  0.000E+00
  0.863  0.014000  0.000    0.863   -0.3600    3.7170    3.7170    5.6501    5.9389    0.3451    0.8144    0.5058  5.651E+10  1.0000   4.555  0.000E+00      0.00      0.00      0.00  0.0000   0.000   0.000  0.0000  0.744E+00  0.243E+00  0.213E-02  0.257E-04  0.617E-03  0.537E-02  0.212E-05  0.120E-04  0.177E-02  0.142E-03  0.000E+00
  0.867  0.014000  0.000    0.867   -0.3497    3.7184    3.7184    5.6242    5.9079    0.3378    0.8074    0.5012  5.680E+10  1.0000   4.552  0.000E+00      0.00      0.00      0.00  0.0000   0.000   0.000  0.0000  0.744E+00  0.243E+00  0.213E-02  0.257E-04  0.617E-03  0.537E-02  0.212E-05  0.120E-04  0.177E-02  0.142E-03  0.000E+00
  0.871  0.014000  0.000    0.871   -0.3393    3.7199    3.7199    5.5984    5.8771    0.3304    0.8004    0.4965  5.709E+10  1.0000   4.550  0.000E+00      0.00      0.00      0.00  0.0000   0.000   0.000  0.0000  0.744E+00  0.243E+00  0.213E-02  0.256E-04  0.617E-03  0.537E-02  0.212E-05  0.120E-04  0.177E-02  0.142E-03  0.000E+00
  0.874  0.014000  0.000    0.874   -0.3290    3.7214    3.7214    5.5725    5.8462    0.3231    0.7931    0.4917  5.739E+10  1.0000   4.547  0.000E+00      0.00      0.00      0.00  0.0000   0.000   0.000  0.0000  0.744E+00  0.242E+00  0.213E-02  0.256E-04  0.616E-03  0.537E-02  0.212E-05  0.120E-04  0.177E-02  0.142E-03  0.000E+00
  0.878  0.014000  0.000    0.878   -0.3187    3.7228    3.7228    5.5468    5.8155    0.3158    0.7858    0.4868  5.769E+10  1.0000   4.544  0.000E+00      0.00      0.00      0.00  0.0000   0.000   0.000  0.0000  0.744E+00  0.242E+00  0.213E-02  0.256E-04  0.616E-03  0.536E-02  0.211E-05  0.120E-04  0.177E-02  0.142E-03  0.000E+00
  0.882  0.014000  0.000    0.882   -0.3084    3.7243    3.7243    5.5210    5.7848    0.3086    0.7786    0.4819  5.799E+10  1.0000   4.542  0.000E+00      0.00      0.00      0.00  0.0000   0.000   0.000  0.0000  0.745E+00  0.242E+00  0.212E-02  0.256E-04  0.615E-03  0.536E-02  0.211E-05  0.120E-04  0.177E-02  0.142E-03  0.000E+00
  0.886  0.014000  0.000    0.886   -0.2981    3.7257    3.7257    5.4953    5.7542    0.3014    0.7714    0.4771  5.829E+10  1.0000   4.539  0.000E+00      0.00      0.00      0.00  0.0000   0.000   0.000  0.0000  0.745E+00  0.242E+00  0.212E-02  0.256E-04  0.615E-03  0.536E-02  0.211E-05  0.120E-04  0.177E-02  0.142E-03  0.000E+00
  0.889  0.014000  0.000    0.889   -0.2879    3.7272    3.7272    5.4696    5.7236    0.2942    0.7642    0.4722  5.859E+10  1.0000   4.536  0.000E+00      0.00      0.00      0.00  0.0000   0.000   0.000  0.0000  0.745E+00  0.242E+00  0.212E-02  0.255E-04  0.615E-03  0.535E-02  0.211E-05  0.120E-04  0.177E-02  0.142E-03  0.000E+00
  0.893  0.014000  0.000    0.893   -0.2776    3.7286    3.7286    5.4440    5.6930    0.2871    0.7571    0.4673  5.890E+10  1.0000   4.534  0.000E+00      0.00      0.00      0.00  0.0000   0.000   0.000  0.0000  0.745E+00  0.241E+00  0.212E-02  0.255E-04  0.614E-03  0.535E-02  0.211E-05  0.119E-04  0.177E-02  0.142E-03  0.000E+00
  0.897  0.014000  0.000    0.897   -0.2674    3.7300    3.7300    5.4184    5.6626    0.2799    0.7499    0.4624  5.921E+10  1.0000   4.531  0.000E+00      0.00      0.00      0.00  0.0000   0.000   0.000  0.0000  0.746E+00  0.241E+00  0.212E-02  0.255E-04  0.614E-03  0.535E-02  0.211E-05  0.119E-04  0.176E-02  0.142E-03  0.000E+00
  0.901  0.014000  0.000    0.901   -0.2571    3.7314    3.7314    5.3928    5.6322    0.2730    0.7430    0.4576  5.953E+10  1.0000   4.528  0.000E+00      0.00      0.00      0.00  0.0000   0.000   0.000  0.0000  0.746E+00  0.241E+00  0.212E-02  0.255E-04  0.614E-03  0.534E-02  0.211E-05  0.119E-04  0.176E-02  0.142E-03  0.000E+00
  0.904  0.014000  0.000    0.904   -0.2468    3.7326    3.7326    5.3671    5.6023    0.2668    0.7368    0.4533  5.989E+10  1.0000   4.525  0.000E+00      0.00      0.00      0.00  0.0000   0.000   0.000  0.0000  0.746E+00  0.241E+00  0.212E-02  0.255E-04  0.613E-03  0.534E-02  0.210E-05  0.119E-04  0.176E-02  0.141E-03  0.000E+00
  0.908  0.014000  0.000    0.908   -0.2366    3.7339    3.7339    5.3415    5.5724    0.2606    0.7306    0.4490  6.026E+10  1.0000   4.521  0.000E+00      0.00      0.00      0.00  0.0000   0.000   0.000  0.0000  0.746E+00  0.240E+00  0.211E-02  0.254E-04  0.612E-03  0.533E-02  0.210E-05  0.119E-04  0.176E-02  0.141E-03  0.000E+00
  0.912  0.014000  0.000    0.912   -0.2263    3.7351    3.7351    5.3159    5.5426    0.2545    0.7245    0.4448  6.063E+10  1.0000   4.517  0.000E+00      0.00      0.00      0.00  0.0000   0.000   0.000  0.0000  0.747E+00  0.240E+00  0.211E-02  0.254E-04  0.612E-03  0.533E-02  0.210E-05  0.119E-04  0.176E-02  0.141E-03  0.000E+00
  0.915  0.014000  0.000    0.915   -0.2161    3.7363    3.7363    5.2903    5.5129    0.2484    0.7184    0.4405  6.101E+10  1.0000   4.514  0.000E+00      0.00      0.00      0.00  0.0000   0.000   0.000  0.0000  0.747E+00  0.240E+00  0.211E-02  0.254E-04  0.611E-03  0.533E-02  0.210E-05  0.119E-04  0.176E-02  0.141E-03  0.000E+00
  0.919  0.014000  0.000    0.919   -0.2059    3.7375    3.7375    5.2647    5.4831    0.2423    0.7123    0.4362  6.139E+10  1.0000   4.510  0.000E+00      0.00      0.00      0.00  0.0000   0.000   0.000  0.0000  0.747E+00  0.239E+00  0.211E-02  0.254E-04  0.611E-03  0.532E-02  0.210E-05  0.119E-04  0.176E-02  0.141E-03  0.000E+00
  0.923  0.014000  0.000    0.923   -0.1957    3.7388    3.7388    5.2392    5.4535    0.2362    0.7062    0.4319  6.177E+10  1.0000   4.507  0.000E+00      0.00      0.00      0.00  0.0000   0.000   0.000  0.0000  0.748E+00  0.239E+00  0.211E-02  0.253E-04  0.610E-03  0.532E-02  0.210E-05  0.119E-04  0.176E-02  0.141E-03  0.000E+00
  0.927  0.014000  0.000    0.927   -0.1855    3.7400    3.7400    5.2137    5.4238    0.2302    0.7002    0.4276  6.215E+10  1.0000   4.503  0.000E+00      0.00      0.00      0.00  0.0000   0.000   0.000  0.0000  0.748E+00  0.239E+00  0.210E-02  0.253E-04  0.610E-03  0.531E-02  0.209E-05  0.119E-04  0.175E-02  0.141E-03  0.000E+00
  0.934  0.014000  0.000    0.934   -0.1651    3.7423    3.7423    5.1627    5.3647    0.2183    0.6908    0.4209  6.293E+10  1.0000   4.496  0.000E+00      0.00      0.00      0.00  0.0000   0.000   0.000  0.0000  0.749E+00  0.238E+00  0.210E-02  0.253E-04  0.609E-03  0.530E-02  0.209E-05  0.118E-04  0.175E-02  0.140E-03  0.000E+00
  0.942  0.014000  0.000    0.942   -0.1447    3.7447    3.7447    5.1117    5.3056    0.2065    0.6814    0.4141  6.373E+10  1.0000   4.488  0.000E+00      0.00      0.00      0.00  0.0000   0.000   0.000  0.0000  0.750E+00  0.237E+00  0.209E-02  0.252E-04  0.607E-03  0.529E-02  0.209E-05  0.118E-04  0.175E-02  0.140E-03  0.000E+00
  0.949  0.014000  0.000    0.949   -0.1244    3.7470    3.7470    5.0609    5.2468    0.1948    0.6722    0.4075  6.454E+10  1.0000   4.481  0.000E+00      0.00      0.00      0.00  0.0000   0.000   0.000  0.0000  0.750E+00  0.237E+00  0.209E-02  0.251E-04  0.606E-03  0.528E-02  0.208E-05  0.118E-04  0.175E-02  0.140E-03  0.000E+00
  0.956  0.014000  0.000    0.956   -0.1040    3.7494    3.7494    5.0101    5.1881    0.1832    0.6631    0.4008  6.537E+10  1.0000   4.473  0.000E+00      0.00      0.00      0.00  0.0000   0.000   0.000  0.0000  0.751E+00  0.236E+00  0.209E-02  0.251E-04  0.605E-03  0.527E-02  0.208E-05  0.118E-04  0.174E-02  0.140E-03  0.000E+00
  0.964  0.014000  0.000    0.964   -0.0837    3.7516    3.7516    4.9594    5.1295    0.1718    0.6541    0.3942  6.621E+10  1.0000   4.465  0.000E+00      0.00      0.00      0.00  0.0000   0.000   0.000  0.0000  0.752E+00  0.235E+00  0.208E-02  0.250E-04  0.604E-03  0.526E-02  0.207E-05  0.117E-04  0.174E-02  0.139E-03  0.000E+00
  0.971  0.014000  0.000    0.971   -0.0635    3.7539    3.7539    4.9086    5.0711    0.1605    0.6452    0.3876  6.708E+10  1.0000   4.457  0.000E+00      0.00      0.00      0.00  0.0000   0.000   0.000  0.0000  0.752E+00  0.235E+00  0.208E-02  0.250E-04  0.603E-03  0.525E-02  0.207E-05  0.117E-04  0.174E-02  0.139E-03  0.000E+00
  0.979  0.014000  0.000    0.979   -0.0432    3.7561    3.7561    4.8580    5.0129    0.1495    0.6365    0.3811  6.797E+10  1.0000   4.449  0.000E+00      0.00      0.00      0.00  0.0000   0.000   0.000  0.0000  0.753E+00  0.234E+00  0.207E-02  0.249E-04  0.601E-03  0.524E-02  0.206E-05  0.117E-04  0.173E-02  0.139E-03  0.000E+00
  0.986  0.014000  0.000    0.986   -0.0229    3.7583    3.7583    4.8074    4.9549    0.1387    0.6279    0.3747  6.888E+10  1.0000   4.441  0.000E+00      0.00      0.00      0.00  0.0000   0.000   0.000  0.0000  0.754E+00  0.233E+00  0.207E-02  0.248E-04  0.600E-03  0.523E-02  0.206E-05  0.117E-04  0.173E-02  0.139E-03  0.000E+00
  0.994  0.014000  0.000    0.994   -0.0027    3.7604    3.7604    4.7567    4.8970    0.1280    0.6195    0.3683  6.982E+10  1.0000   4.432  0.000E+00      0.00      0.00      0.00  0.0000   0.000   0.000  0.0000  0.755E+00  0.232E+00  0.206E-02  0.248E-04  0.599E-03  0.522E-02  0.206E-05  0.116E-04  0.173E-02  0.138E-03  0.000E+00
  1.001  0.014000  0.000    1.001    0.0175    3.7624    3.7624    4.7061    4.8393    0.1178    0.6114    0.3622  7.079E+10  1.0000   4.424  0.000E+00      0.00      0.00      0.00  0.0000   0.000   0.000  0.0000  0.756E+00  0.231E+00  0.206E-02  0.247E-04  0.597E-03  0.521E-02  0.205E-05  0.116E-04  0.172E-02  0.138E-03  0.000E+00
  1.009  0.014000  0.000    1.009    0.0378    3.7643    3.7643    4.6555    4.7825    0.1086    0.6042    0.3566  7.185E+10  1.0000   4.414  0.000E+00      0.00      0.00      0.00  0.0000   0.000   0.000  0.0000  0.757E+00  0.230E+00  0.205E-02  0.246E-04  0.595E-03  0.519E-02  0.204E-05  0.115E-04  0.172E-02  0.137E-03  0.000E+00
  1.016  0.014000  0.000    1.016    0.0580    3.7660    3.7660    4.6050    4.7259    0.0999    0.5973    0.3513  7.295E+10  1.0000   4.404  0.000E+00      0.00      0.00      0.00  0.0000   0.000   0.000  0.0000  0.759E+00  0.228E+00  0.204E-02  0.245E-04  0.592E-03  0.517E-02  0.203E-05  0.115E-04  0.171E-02  0.137E-03  0.000E+00
  1.023  0.014000  0.000    1.023    0.0782    3.7677    3.7677    4.5545    4.6696    0.0913    0.5905    0.3461  7.408E+10  1.0000   4.394  0.000E+00      0.00      0.00      0.00  0.0000   0.000   0.000  0.0000  0.760E+00  0.227E+00  0.203E-02  0.243E-04  0.589E-03  0.514E-02  0.202E-05  0.114E-04  0.170E-02  0.136E-03  0.000E+00
  1.031  0.014000  0.000    1.031    0.0984    3.7693    3.7693    4.5040    4.6136    0.0833    0.5841    0.3412  7.526E+10  1.0000   4.383  0.000E+00      0.00      0.00      0.00  0.0000   0.000   0.000  0.0000  0.762E+00  0.225E+00  0.202E-02  0.242E-04  0.587E-03  0.512E-02  0.201E-05  0.114E-04  0.170E-02  0.136E-03  0.000E+00
  1.038  0.014000  0.000    1.038    0.1185    3.7709    3.7709    4.4537    4.5580    0.0754    0.5780    0.3364  7.647E+10  1.0000   4.372  0.000E+00      0.00      0.00      0.00  0.0000   0.000   0.000  0.0000  0.764E+00  0.223E+00  0.201E-02  0.240E-04  0.584E-03  0.510E-02  0.200E-05  0.113E-04  0.169E-02  0.135E-03  0.000E+00
  1.046  0.014000  0.000    1.046    0.1386    3.7724    3.7724    4.4035    4.5025    0.0679    0.5720    0.3317  7.772E+10  1.0000   4.361  0.000E+00      0.00      0.00      0.00  0.0000   0.000   0.000  0.0000  0.766E+00  0.221E+00  0.200E-02  0.239E-04  0.581E-03  0.507E-02  0.199E-05  0.112E-04  0.168E-02  0.134E-03  0.000E+00
  1.053  0.014000  0.000    1.053    0.1586    3.7739    3.7739    4.3534    4.4476    0.0607    0.5663    0.3272  7.901E+10  1.0000   4.350  0.000E+00      0.00      0.00      0.00  0.0000   0.000   0.000  0.0000  0.768E+00  0.220E+00  0.198E-02  0.237E-04  0.578E-03  0.505E-02  0.198E-05  0.112E-04  0.167E-02  0.134E-03  0.000E+00
  1.061  0.014000  0.000    1.061    0.1786    3.7752    3.7752    4.3036    4.3931    0.0539    0.5609    0.3230  8.034E+10  1.0000   4.339  0.000E+00      0.00      0.00      0.00  0.0000   0.000   0.000  0.0000  0.770E+00  0.218E+00  0.197E-02  0.236E-04  0.574E-03  0.502E-02  0.197E-05  0.111E-04  0.167E-02  0.133E-03  0.000E+00
  1.068  0.014000  0.000    1.068    0.1983    3.7765    3.7765    4.2542    4.3392    0.0473    0.5557    0.3189  8.169E+10  1.0000   4.327  0.000E+00      0.00      0.00      0.00  0.0000   0.000   0.000  0.0000  0.772E+00  0.216E+00  0.196E-02  0.234E-04  0.571E-03  0.499E-02  0.196E-05  0.110E-04  0.166E-02  0.132E-03  0.000E+00
  1.083  0.014000  0.000    1.083    0.2366    3.7789    3.7789    4.1585    4.2365    0.0386    0.5468    0.3117  8.447E+10  1.0000   4.304  0.000E+00      0.00      0.00      0.00  0.0000   0.000   0.000  0.0000  0.776E+00  0.212E+00  0.194E-02  0.231E-04  0.564E-03  0.494E-02  0.194E-05  0.109E-04  0.164E-02  0.131E-03  0.000E+00
  1.098  0.014000  0.000    1.098    0.2733    3.7807    3.7807    4.0668    4.1406    0.0356    0.5399    0.3062  8.735E+10  1.0000   4.281  0.000E+00      0.00      0.00      0.00  0.0000   0.000   0.000  0.0000  0.779E+00  0.208E+00  0.191E-02  0.228E-04  0.559E-03  0.489E-02  0.192E-05  0.108E-04  0.163E-02  0.130E-03  0.000E+00
  1.128  0.014000  0.000    1.128    0.3371    3.7830    3.7830    3.9073    3.9758    0.0320    0.5314    0.2993  9.303E+10  1.0000   4.238  0.000E+00      0.00      0.00      0.00  0.0000   0.000   0.000  0.0000  0.770E+00  0.218E+00  0.197E-02  0.236E-04  0.574E-03  0.502E-02  0.197E-05  0.111E-04  0.167E-02  0.133E-03  0.000E+00
  1.143  0.014000  0.000    1.143    0.3799    3.7856    3.7856    3.8001    3.8628    0.0278    0.5218    0.2916  9.658E+10  1.0000   4.211  0.000E+00      0.00      0.00      0.00  0.0000   0.000   0.000  0.0000  0.764E+00  0.223E+00  0.201E-02  0.240E-04  0.583E-03  0.510E-02  0.200E-05  0.113E-04  0.169E-02  0.135E-03  0.000E+00
  1.158  0.014000  0.000    1.158    0.4239    3.7872    3.7872    3.6902    3.7493    0.0253    0.5160    0.2868  1.009E+11  1.0000   4.179  0.000E+00      0.00      0.00      0.00  0.0000   0.000   0.000  0.0000  0.759E+00  0.228E+00  0.204E-02  0.245E-04  0.593E-03  0.518E-02  0.204E-05  0.115E-04  0.171E-02  0.137E-03  0.000E+00
  1.187  0.014000  0.000    1.187    0.4987    3.7881    3.7881    3.5032    3.5602    0.0239    0.5126    0.2841  1.095E+11  1.0000   4.119  0.000E+00      0.00      0.00      0.00  0.0000   0.000   0.000  0.0000  0.746E+00  0.241E+00  0.212E-02  0.256E-04  0.615E-03  0.536E-02  0.211E-05  0.120E-04  0.177E-02  0.142E-03  0.000E+00
  1.217  0.014000  0.000    1.217    0.5740    3.7863    3.7863    3.3149    3.3760    0.0268    0.5192    0.2895  1.204E+11  1.0000   4.047  0.000E+00      0.00      0.00      0.00  0.0000   0.000   0.000  0.0000  0.733E+00  0.253E+00  0.220E-02  0.266E-04  0.636E-03  0.553E-02  0.219E-05  0.124E-04  0.182E-02  0.147E-03  0.000E+00
  1.232  0.014000  0.000    1.232    0.6144    3.7836    3.7836    3.2140    3.2812    0.0310    0.5292    0.2976  1.277E+11  1.0000   4.001  0.000E+00      0.00      0.00      0.00  0.0000   0.000   0.000  0.0000  0.727E+00  0.259E+00  0.224E-02  0.271E-04  0.647E-03  0.562E-02  0.222E-05  0.127E-04  0.185E-02  0.149E-03  0.000E+00
  1.240  0.014000  0.000    1.240    0.6348    3.7812    3.7812    3.1630    3.2357    0.0349    0.5381    0.3048  1.322E+11  1.0000   3.974  0.000E+00      0.00      0.00      0.00  0.0000   0.000   0.000  0.0000  0.724E+00  0.262E+00  0.226E-02  0.274E-04  0.652E-03  0.566E-02  0.224E-05  0.128E-04  0.186E-02  0.150E-03  0.000E+00
  1.243  0.014000  0.000    1.243    0.6447    3.7795    3.7795    3.1382    3.2148    0.0377    0.5446    0.3099  1.348E+11  1.0000   3.959  0.000E+00      0.00      0.00      0.00  0.0000   0.000   0.000  0.0000  0.722E+00  0.264E+00  0.227E-02  0.275E-04  0.655E-03  0.568E-02  0.225E-05  0.128E-04  0.187E-02  0.151E-03  0.000E+00
  1.247  0.014000  0.000    1.247    0.6543    3.7774    3.7774    3.1143    3.1965    0.0432    0.5525    0.3163  1.376E+11  1.0000   3.942  0.000E+00      0.00      0.00      0.00  0.0000   0.000   0.000  0.0000  0.721E+00  0.265E+00  0.228E-02  0.276E-04  0.657E-03  0.570E-02  0.226E-05  0.129E-04  0.187E-02  0.151E-03  0.000E+00
  1.251  0.014000  0.000    1.251    0.6640    3.7751    3.7751    3.0901    3.1801    0.0546    0.5615    0.3234  1.406E+11  1.0000   3.924  0.000E+00      0.00      0.00      0.00  0.0000   0.000   0.000  0.0000  0.720E+00  0.266E+00  0.228E-02  0.277E-04  0.659E-03  0.572E-02  0.227E-05  0.129E-04  0.188E-02  0.152E-03  0.000E+00
  1.253  0.014000  0.000    1.253    0.6691    3.7733    3.7733    3.0773    3.1735    0.0637    0.5687    0.3291  1.426E+11  1.0000   3.913  0.000E+00      0.00      0.00      0.00  0.0000   0.000   0.000  0.0000  0.720E+00  0.266E+00  0.228E-02  0.277E-04  0.659E-03  0.572E-02  0.227E-05  0.129E-04  0.188E-02  0.152E-03  0.000E+00
  1.254  0.014000  0.000    1.254    0.6735    3.7710    3.7710    3.0663    3.1701    0.0748    0.5775    0.3360  1.448E+11  1.0000   3.900  0.000E+00      0.00      0.00      0.00  0.0000   0.000   0.000  0.0000  0.720E+00  0.266E+00  0.228E-02  0.277E-04  0.659E-03  0.572E-02  0.227E-05  0.129E-04  0.188E-02  0.152E-03  0.000E+00
  1.255  0.014000  0.000    1.255    0.6753    3.7697    3.7697    3.0617    3.1687    0.0833    0.5830    0.3402  1.460E+11  1.0000   3.893  0.000E+00      0.00      0.00      0.00  0.0000   0.000   0.000  0.0000  0.720E+00  0.266E+00  0.228E-02  0.277E-04  0.659E-03  0.572E-02  0.227E-05  0.129E-04  0.188E-02  0.152E-03  0.000E+00
  1.256  0.014000  0.000    1.256    0.6766    3.7682    3.7682    3.0584    3.1689    0.0933    0.5895    0.3452  1.472E+11  1.0000   3.886  0.000E+00      0.00      0.00      0.00  0.0000   0.000   0.000  0.0000  0.720E+00  0.266E+00  0.228E-02  0.277E-04  0.659E-03  0.572E-02  0.227E-05  0.129E-04  0.188E-02  0.152E-03  0.000E+00
  1.257  0.014000  0.000    1.257    0.6776    3.7665    3.7665    3.0561    3.1703    0.1043    0.5967    0.3508  1.485E+11  1.0000   3.879  0.000E+00      0.00      0.00      0.00  0.0000   0.000   0.000  0.0000  0.720E+00  0.266E+00  0.228E-02  0.277E-04  0.659E-03  0.572E-02  0.227E-05  0.129E-04  0.188E-02  0.152E-03  0.000E+00
  1.258  0.014000  0.000    1.258    0.6779    3.7646    3.7646    3.0552    3.1735    0.1167    0.6049    0.3571  1.499E+11  1.0000   3.871  0.000E+00      0.00      0.00      0.00  0.0000   0.000   0.000  0.0000  0.720E+00  0.266E+00  0.228E-02  0.277E-04  0.659E-03  0.572E-02  0.227E-05  0.129E-04  0.188E-02  0.152E-03  0.000E+00
  1.259  0.014000  0.000    1.259    0.6775    3.7625    3.7625    3.0561    3.1788    0.1307    0.6143    0.3643  1.513E+11  1.0000   3.863  0.000E+00      0.00      0.00      0.00  0.0000   0.000   0.000  0.0000  0.720E+00  0.266E+00  0.228E-02  0.277E-04  0.659E-03  0.572E-02  0.227E-05  0.129E-04  0.188E-02  0.152E-03  0.000E+00
  1.260  0.014000  0.000    1.260    0.6769    3.7613    3.7613    3.0578    3.1830    0.1388    0.6197    0.3685  1.521E+11  1.0000   3.859  0.000E+00      0.00      0.00      0.00  0.0000   0.000   0.000  0.0000  0.720E+00  0.266E+00  0.228E-02  0.277E-04  0.659E-03  0.572E-02  0.227E-05  0.129E-04  0.188E-02  0.152E-03  0.000E+00
  1.260  0.014000  0.000    1.260    0.6762    3.7600    3.7600    3.0596    3.1871    0.1469    0.6253    0.3728  1.528E+11  1.0000   3.855  0.000E+00      0.00      0.00      0.00  0.0000   0.000   0.000  0.0000  0.720E+00  0.266E+00  0.228E-02  0.277E-04  0.659E-03  0.572E-02  0.227E-05  0.129E-04  0.188E-02  0.152E-03  0.000E+00
  1.261  0.014000  0.000    1.260    0.6750    3.7586    3.7586    3.0626    3.1929    0.1562    0.6316    0.3777  1.536E+11  1.0000   3.851  0.000E+00      0.00      0.00      0.00  0.0000   0.000   0.000  0.0000  0.720E+00  0.266E+00  0.228E-02  0.277E-04  0.659E-03  0.572E-02  0.227E-05  0.129E-04  0.188E-02  0.152E-03  0.000E+00
  1.261  0.014000  0.000    1.261    0.6736    3.7571    3.7571    3.0660    3.1991    0.1658    0.6383    0.3829  1.544E+11  1.0000   3.846  0.000E+00      0.00      0.00      0.00  0.0000   0.000   0.000  0.0000  0.720E+00  0.266E+00  0.228E-02  0.277E-04  0.659E-03  0.572E-02  0.227E-05  0.129E-04  0.188E-02  0.152E-03  0.000E+00
  1.261  0.014000  0.000    1.261    0.6719    3.7555    3.7555    3.0702    3.2060    0.1759    0.6452    0.3883  1.552E+11  1.0000   3.842  0.000E+00      0.00      0.00      0.00  0.0000   0.000   0.000  0.0000  0.720E+00  0.266E+00  0.228E-02  0.277E-04  0.659E-03  0.572E-02  0.227E-05  0.129E-04  0.188E-02  0.152E-03  0.000E+00
  1.262  0.014000  0.000    1.262    0.6697    3.7539    3.7539    3.0756    3.2143    0.1865    0.6526    0.3941  1.560E+11  1.0000   3.838  0.000E+00      0.00      0.00      0.00  0.0000   0.000   0.000  0.0000  0.720E+00  0.266E+00  0.228E-02  0.277E-04  0.659E-03  0.572E-02  0.227E-05  0.129E-04  0.188E-02  0.152E-03  0.000E+00
  1.262  0.014000  0.000    1.262    0.6675    3.7522    3.7522    3.0812    3.2226    0.1973    0.6602    0.4000  1.568E+11  1.0000   3.833  0.000E+00      0.00      0.00      0.00  0.0000   0.000   0.000  0.0000  0.720E+00  0.266E+00  0.228E-02  0.277E-04  0.659E-03  0.572E-02  0.227E-05  0.129E-04  0.188E-02  0.152E-03  0.000E+00
  1.263  0.014000  0.000    1.263    0.6647    3.7504    3.7504    3.0882    3.2325    0.2091    0.6685    0.4065  1.576E+11  1.0000   3.829  0.000E+00      0.00      0.00      0.00  0.0000   0.000   0.000  0.0000  0.720E+00  0.266E+00  0.228E-02  0.277E-04  0.659E-03  0.572E-02  0.227E-05  0.129E-04  0.188E-02  0.152E-03  0.000E+00
  1.263  0.014000  0.000    1.263    0.6617    3.7485    3.7485    3.0957    3.2429    0.2213    0.6771    0.4133  1.585E+11  1.0000   3.825  0.000E+00      0.00      0.00      0.00  0.0000   0.000   0.000  0.0000  0.720E+00  0.266E+00  0.228E-02  0.277E-04  0.659E-03  0.572E-02  0.227E-05  0.129E-04  0.188E-02  0.152E-03  0.000E+00
  1.264  0.014000  0.000    1.264    0.6582    3.7465    3.7465    3.1046    3.2549    0.2348    0.6864    0.4206  1.593E+11  1.0000   3.820  0.000E+00      0.00      0.00      0.00  0.0000   0.000   0.000  0.0000  0.720E+00  0.266E+00  0.228E-02  0.277E-04  0.659E-03  0.572E-02  0.227E-05  0.129E-04  0.188E-02  0.152E-03  0.000E+00
  1.264  0.014000  0.000    1.264    0.6539    3.7443    3.7443    3.1153    3.2694    0.2508    0.6962    0.4283  1.601E+11  1.0000   3.816  0.000E+00      0.00      0.00      0.00  0.0000   0.000   0.000  0.0000  0.720E+00  0.266E+00  0.228E-02  0.277E-04  0.659E-03  0.572E-02  0.227E-05  0.129E-04  0.188E-02  0.152E-03  0.000E+00
  1.265  0.014000  0.000    1.265    0.6496    3.7422    3.7422    3.1260    3.2839    0.2671    0.7061    0.4362  1.609E+11  1.0000   3.812  0.000E+00      0.00      0.00      0.00  0.0000   0.000   0.000  0.0000  0.720E+00  0.266E+00  0.228E-02  0.277E-04  0.659E-03  0.572E-02  0.227E-05  0.129E-04  0.188E-02  0.152E-03  0.000E+00
  1.265  0.014000  0.000    1.265    0.6469    3.7410    3.7410    3.1328    3.2928    0.2758    0.7114    0.4404  1.613E+11  1.0000   3.810  0.000E+00      0.00      0.00      0.00  0.0000   0.000   0.000  0.0000  0.720E+00  0.266E+00  0.228E-02  0.277E-04  0.659E-03  0.572E-02  0.227E-05  0.129E-04  0.188E-02  0.152E-03  0.000E+00
  1.265  0.014000  0.000    1.265    0.6441    3.7399    3.7399    3.1397    3.3016    0.2846    0.7167    0.4446  1.616E+11  1.0000   3.808  0.000E+00      0.00      0.00      0.00  0.0000   0.000   0.000  0.0000  0.720E+00  0.266E+00  0.228E-02  0.277E-04  0.659E-03  0.572E-02  0.227E-05  0.129E-04  0.188E-02  0.152E-03  0.000E+00
  1.265  0.014000  0.000    1.265    0.6414    3.7387    3.7387    3.1466    3.3105    0.2935    0.7226    0.4492  1.619E+11  1.0000   3.806  0.000E+00      0.00      0.00      0.00  0.0000   0.000   0.000  0.0000  0.720E+00  0.266E+00  0.228E-02  0.277E-04  0.659E-03  0.572E-02  0.227E-05  0.129E-04  0.188E-02  0.152E-03  0.000E+00
  1.266  0.014000  0.000    1.266    0.6386    3.7375    3.7375    3.1535    3.3194    0.3025    0.7284    0.4538  1.623E+11  1.0000   3.805  0.000E+00      0.00      0.00      0.00  0.0000   0.000   0.000  0.0000  0.720E+00  0.266E+00  0.228E-02  0.277E-04  0.659E-03  0.572E-02  0.227E-05  0.129E-04  0.188E-02  0.152E-03  0.000E+00
  1.266  0.014000  0.000    1.266    0.6358    3.7364    3.7364    3.1605    3.3283    0.3117    0.7343    0.4584  1.626E+11  1.0000   3.803  0.000E+00      0.00      0.00      0.00  0.0000   0.000   0.000  0.0000  0.720E+00  0.266E+00  0.228E-02  0.277E-04  0.659E-03  0.572E-02  0.227E-05  0.129E-04  0.188E-02  0.152E-03  0.000E+00
  1.266  0.014000  0.000    1.266    0.6327    3.7352    3.7352    3.1683    3.3381    0.3212    0.7403    0.4633  1.630E+11  1.0000   3.801  0.000E+00      0.00      0.00      0.00  0.0000   0.000   0.000  0.0000  0.720E+00  0.266E+00  0.228E-02  0.277E-04  0.659E-03  0.572E-02  0.227E-05  0.129E-04  0.188E-02  0.152E-03  0.000E+00
  1.266  0.014000  0.000    1.266    0.6296    3.7340    3.7340    3.1760    3.3479    0.3309    0.7464    0.4681  1.633E+11  1.0000   3.800  0.000E+00      0.00      0.00      0.00  0.0000   0.000   0.000  0.0000  0.720E+00  0.266E+00  0.228E-02  0.277E-04  0.659E-03  0.572E-02  0.227E-05  0.129E-04  0.188E-02  0.152E-03  0.000E+00
  1.267  0.014000  0.000    1.266    0.6265    3.7327    3.7327    3.1838    3.3577    0.3407    0.7524    0.4729  1.636E+11  1.0000   3.798  0.000E+00      0.00      0.00      0.00  0.0000   0.000   0.000  0.0000  0.720E+00  0.266E+00  0.228E-02  0.277E-04  0.659E-03  0.572E-02  0.227E-05  0.129E-04  0.188E-02  0.152E-03  0.000E+00
  1.267  0.014000  0.000    1.267    0.6233    3.7315    3.7315    3.1917    3.3675    0.3506    0.7584    0.4777  1.640E+11  1.0000   3.796  0.000E+00      0.00      0.00      0.00  0.0000   0.000   0.000  0.0000  0.720E+00  0.266E+00  0.228E-02  0.277E-04  0.659E-03  0.572E-02  0.227E-05  0.129E-04  0.188E-02  0.152E-03  0.000E+00
  1.267  0.014000  0.000    1.267    0.6202    3.7303    3.7303    3.1994    3.3772    0.3605    0.7643    0.4824  1.643E+11  1.0000   3.795  0.000E+00      0.00      0.00      0.00  0.0000   0.000   0.000  0.0000  0.720E+00  0.266E+00  0.228E-02  0.277E-04  0.659E-03  0.572E-02  0.227E-05  0.129E-04  0.188E-02  0.152E-03  0.000E+00
  1.267  0.014000  0.000    1.267    0.6173    3.7291    3.7291    3.2068    3.3864    0.3702    0.7701    0.4870  1.646E+11  1.0000   3.793  0.000E+00      0.00      0.00      0.00  0.0000   0.000   0.000  0.0000  0.720E+00  0.266E+00  0.228E-02  0.277E-04  0.659E-03  0.572E-02  0.227E-05  0.129E-04  0.188E-02  0.152E-03  0.000E+00
  1.267  0.014000  0.000    1.267    0.6143    3.7280    3.7280    3.2142    3.3956    0.3801    0.7758    0.4917  1.649E+11  1.0000   3.791  0.000E+00      0.00      0.00      0.00  0.0000   0.000   0.000  0.0000  0.720E+00  0.266E+00  0.228E-02  0.277E-04  0.659E-03  0.572E-02  0.227E-05  0.129E-04  0.188E-02  0.152E-03  0.000E+00
  1.268  0.014000  0.000    1.268    0.6113    3.7268    3.7268    3.2217    3.4048    0.3900    0.7815    0.4963  1.653E+11  1.0000   3.790  0.000E+00      0.00      0.00      0.00  0.0000   0.000   0.000  0.0000  0.720E+00  0.266E+00  0.228E-02  0.277E-04  0.659E-03  0.572E-02  0.227E-05  0.129E-04  0.188E-02  0.152E-03  0.000E+00
  1.268  0.014000  0.000    1.268    0.6083    3.7256    3.7256    3.2292    3.4140    0.4001    0.7872    0.5010  1.656E+11  1.0000   3.788  0.000E+00      0.00      0.00      0.00  0.0000   0.000   0.000  0.0000  0.720E+00  0.266E+00  0.228E-02  0.277E-04  0.659E-03  0.572E-02  0.227E-05  0.129E-04  0.188E-02  0.152E-03  0.000E+00
  1.268  0.014000  0.000    1.268    0.6056    3.7244    3.7244    3.2361    3.4226    0.4100    0.7927    0.5055  1.660E+11  1.0000   3.786  0.000E+00      0.00      0.00      0.00  0.0000   0.000   0.000  0.0000  0.720E+00  0.266E+00  0.228E-02  0.277E-04  0.659E-03  0.572E-02  0.227E-05  0.129E-04  0.188E-02  0.152E-03  0.000E+00
  1.268  0.014000  0.000    1.268    0.6032    3.7233    3.7233    3.2421    3.4304    0.4199    0.7981    0.5099  1.663E+11  1.0000   3.784  0.000E+00      0.00      0.00      0.00  0.0000   0.000   0.000  0.0000  0.720E+00  0.266E+00  0.228E-02  0.277E-04  0.659E-03  0.572E-02  0.227E-05  0.129E-04  0.188E-02  0.152E-03  0.000E+00
  1.269  0.014000  0.000    1.269    0.6007    3.7222    3.7222    3.2482    3.4386    0.4301    0.8035    0.5144  1.667E+11  1.0000   3.782  0.000E+00      0.00      0.00      0.00  0.0000   0.000   0.000  0.0000  0.720E+00  0.266E+00  0.228E-02  0.277E-04  0.659E-03  0.572E-02  0.227E-05  0.129E-04  0.188E-02  0.152E-03  0.000E+00
  1.269  0.014000  0.000    1.269    0.5983    3.7211    3.7211    3.2542    3.4467    0.4404    0.8089    0.5189  1.671E+11  1.0000   3.780  0.000E+00      0.00      0.00      0.00  0.0000   0.000   0.000  0.0000  0.720E+00  0.266E+00  0.228E-02  0.277E-04  0.659E-03  0.572E-02  0.227E-05  0.129E-04  0.188E-02  0.152E-03  0.000E+00
  1.269  0.014000  0.000    1.269    0.5959    3.7200    3.7200    3.2603    3.4549    0.4508    0.8143    0.5234  1.675E+11  1.0000   3.778  0.000E+00      0.00      0.00      0.00  0.0000   0.000   0.000  0.0000  0.720E+00  0.266E+00  0.228E-02  0.277E-04  0.659E-03  0.572E-02  0.227E-05  0.129E-04  0.188E-02  0.152E-03  0.000E+00
  1.269  0.014000  0.000    1.269    0.5935    3.7186    3.7186    3.2662    3.4631    0.4636    0.8207    0.5288  1.681E+11  1.0000   3.775  0.000E+00      0.00      0.00      0.00  0.0000   0.000   0.000  0.0000  0.720E+00  0.266E+00  0.228E-02  0.277E-04  0.659E-03  0.572E-02  0.227E-05  0.129E-04  0.188E-02  0.152E-03  0.000E+00
  1.270  0.014000  0.000    1.269    0.5913    3.7170    3.7170    3.2716    3.4712    0.4802    0.8286    0.5356  1.690E+11  1.0000   3.771  0.000E+00      0.00      0.00      0.00  0.0000   0.000   0.000  0.0000  0.720E+00  0.266E+00  0.228E-02  0.277E-04  0.659E-03  0.572E-02  0.227E-05  0.129E-04  0.188E-02  0.152E-03  0.000E+00
  1.270  0.014000  0.000    1.270    0.5892    3.7153    3.7153    3.2771    3.4793    0.4969    0.8366    0.5425  1.698E+11  1.0000   3.767  0.000E+00      0.00      0.00      0.00  0.0000   0.000   0.000  0.0000  0.720E+00  0.266E+00  0.228E-02  0.277E-04  0.659E-03  0.572E-02  0.227E-05  0.129E-04  0.188E-02  0.152E-03  0.000E+00
  1.270  0.014000  0.000    1.270    0.5870    3.7136    3.7136    3.2825    3.4874    0.5140    0.8445    0.5494  1.707E+11  1.0000   3.762  0.000E+00      0.00      0.00      0.00  0.0000   0.000   0.000  0.0000  0.720E+00  0.266E+00  0.228E-02  0.277E-04  0.659E-03  0.572E-02  0.227E-05  0.129E-04  0.188E-02  0.152E-03  0.000E+00
  1.270  0.014000  0.000    1.270    0.5848    3.7120    3.7120    3.2880    3.4956    0.5312    0.8524    0.5564  1.716E+11  1.0000   3.758  0.000E+00      0.00      0.00      0.00  0.0000   0.000   0.000  0.0000  0.720E+00  0.266E+00  0.228E-02  0.277E-04  0.659E-03  0.572E-02  0.227E-05  0.129E-04  0.188E-02  0.152E-03  0.000E+00
  1.271  0.014000  0.000    1.270    0.5834    3.7105    3.7105    3.2915    3.5013    0.5468    0.8593    0.5625  1.725E+11  1.0000   3.753  0.000E+00      0.00      0.00      0.00  0.0000   0.000   0.000  0.0000  0.720E+00  0.266E+00  0.228E-02  0.277E-04  0.659E-03  0.572E-02  0.227E-05  0.129E-04  0.188E-02  0.152E-03  0.000E+00
  1.271  0.014000  0.000    1.271    0.5827    3.7092    3.7092    3.2933    3.5049    0.5608    0.8653    0.5680  1.734E+11  1.0000   3.749  0.000E+00      0.00      0.00      0.00  0.0000 -22.336   0.000  0.0000  0.720E+00  0.266E+00  0.228E-02  0.277E-04  0.659E-03  0.572E-02  0.227E-05  0.129E-04  0.188E-02  0.152E-03  0.000E+00
  1.271  0.014000  0.000    1.271    0.5819    3.7080    3.7080    3.2951    3.5086    0.5747    0.8713    0.5734  1.742E+11  1.0000   3.745  0.000E+00      0.00      0.00      0.00  0.0000 -18.795   0.000  0.0000  0.720E+00  0.266E+00  0.228E-02  0.277E-04  0.659E-03  0.572E-02  0.227E-05  0.129E-04  0.188E-02  0.152E-03  0.000E+00
  1.271  0.014000  0.000    1.271    0.5812    3.7067    3.7067    3.2969    3.5147    0.5847    0.8770    0.5780  1.751E+11  1.0000   3.741  0.000E+00      0.00      0.00      0.00  0.0000 -15.267   0.000  0.0000  0.720E+00  0.266E+00  0.228E-02  0.277E-04  0.659E-03  0.572E-02  0.227E-05  0.129E-04  0.188E-02  0.152E-03  0.000E+00
  1.272  0.014000  0.000    1.271    0.5826    3.7047    3.7047    3.2935    3.5202    0.6017    0.8867    0.5859  1.770E+11  1.0000   3.731  0.000E+00      0.00      0.00      0.00  0.0000 -11.816   0.000  0.0000  0.720E+00  0.266E+00  0.228E-02  0.277E-04  0.659E-03  0.572E-02  0.227E-05  0.129E-04  0.188E-02  0.152E-03  0.000E+00
  1.272  0.014000  0.000    1.272    0.5867    3.7031    3.7031    3.2834    3.5177    0.6151    0.8943    0.5920  1.791E+11  1.0000   3.721  0.000E+00      0.00      0.00      0.00  0.0000 -11.807   0.000  0.0000  0.720E+00  0.266E+00  0.228E-02  0.277E-04  0.659E-03  0.572E-02  0.227E-05  0.129E-04  0.188E-02  0.152E-03  0.000E+00
  1.273  0.014000  0.000    1.272    0.5907    3.7016    3.7016    3.2732    3.5152    0.6285    0.9020    0.5982  1.812E+11  1.0000   3.711  0.000E+00      0.00      0.00      0.00  0.0000 -11.798   0.000  0.0000  0.719E+00  0.266E+00  0.228E-02  0.278E-04  0.659E-03  0.572E-02  0.227E-05  0.129E-04  0.188E-02  0.152E-03  0.000E+00
  1.273  0.014000  0.000    1.273    0.5950    3.7001    3.7001    3.2625    3.5122    0.6419    0.9097    0.6044  1.834E+11  1.0000   3.701  0.000E+00      0.00      0.00      0.00  0.0000 -11.789   0.000  0.0000  0.719E+00  0.266E+00  0.228E-02  0.278E-04  0.659E-03  0.572E-02  0.227E-05  0.129E-04  0.188E-02  0.152E-03  0.000E+00
  1.274  0.014000  0.000    1.273    0.6006    3.6985    3.6985    3.2485    3.5058    0.6553    0.9173    0.6105  1.859E+11  1.0000   3.689  0.000E+00      0.00      0.00      0.00  0.0000 -11.777   0.000  0.0000  0.719E+00  0.266E+00  0.228E-02  0.280E-04  0.659E-03  0.572E-02  0.227E-05  0.129E-04  0.188E-02  0.152E-03  0.000E+00
  1.274  0.014000  0.000    1.274    0.6062    3.6970    3.6970    3.2345    3.4990    0.6716    0.9250    0.6167  1.884E+11  1.0000   3.678  0.000E+00      0.00      0.00      0.00  0.0000 -11.766   0.000  0.0000  0.719E+00  0.266E+00  0.228E-02  0.282E-04  0.659E-03  0.572E-02  0.227E-05  0.129E-04  0.188E-02  0.152E-03  0.000E+00
  1.274  0.014000  0.000    1.274    0.6118    3.6955    3.6955    3.2204    3.4920    0.6895    0.9326    0.6228  1.910E+11  1.0000   3.666  0.000E+00      0.00      0.00      0.00  0.0000 -11.755   0.000  0.0000  0.719E+00  0.266E+00  0.228E-02  0.284E-04  0.659E-03  0.572E-02  0.227E-05  0.129E-04  0.188E-02  0.152E-03  0.000E+00
  1.275  0.014000  0.000    1.275    0.6189    3.6941    3.6941    3.2028    3.4808    0.7060    0.9397    0.6285  1.938E+11  1.0000   3.654  0.000E+00      0.00      0.00      0.00  0.0000 -11.741   0.000  0.0000  0.718E+00  0.267E+00  0.228E-02  0.294E-04  0.659E-03  0.572E-02  0.227E-05  0.129E-04  0.188E-02  0.152E-03  0.000E+00
  1.275  0.014000  0.000    1.275    0.6263    3.6927    3.6927    3.1843    3.4687    0.7221    0.9466    0.6341  1.967E+11  1.0000   3.641  0.000E+00      0.00      0.00      0.00  0.0000 -11.727   0.000  0.0000  0.718E+00  0.267E+00  0.228E-02  0.306E-04  0.659E-03  0.572E-02  0.227E-05  0.129E-04  0.188E-02  0.152E-03  0.000E+00
  1.276  0.014000  0.000    1.276    0.6337    3.6913    3.6913    3.1658    3.4565    0.7383    0.9535    0.6397  1.997E+11  1.0000   3.628  0.000E+00      0.00      0.00      0.00  0.0000 -11.712   0.000  0.0000  0.718E+00  0.267E+00  0.228E-02  0.319E-04  0.659E-03  0.572E-02  0.227E-05  0.129E-04  0.188E-02  0.152E-03  0.000E+00
  1.277  0.014000  0.000    1.276    0.6530    3.6901    3.6901    3.1176    3.4137    0.7519    0.9594    0.6444  2.053E+11  1.0000   3.604  0.000E+00      0.00      0.00      0.00  0.0000 -11.683   0.000  0.0000  0.717E+00  0.268E+00  0.227E-02  0.372E-04  0.662E-03  0.572E-02  0.227E-05  0.129E-04  0.188E-02  0.152E-03  0.000E+00
  1.279  0.014000  0.000    1.278    0.6952    3.6884    3.6884    3.0119    3.3161    0.7725    0.9682    0.6515  2.173E+11  1.0000   3.556  0.000E+00      0.00      0.00      0.00  0.0000 -11.617   0.000  0.0000  0.716E+00  0.269E+00  0.224E-02  0.537E-04  0.686E-03  0.572E-02  0.227E-05  0.129E-04  0.188E-02  0.152E-03  0.000E+00
  1.280  0.014000  0.000    1.279    0.7162    3.6867    3.6867    2.9595    3.2712    0.7916    0.9764    0.6580  2.243E+11  1.0000   3.528  0.000E+00      0.00      0.00      0.00  0.0000 -11.582   0.000  0.0000  0.715E+00  0.270E+00  0.220E-02  0.633E-04  0.716E-03  0.572E-02  0.227E-05  0.128E-04  0.188E-02  0.152E-03  0.000E+00
  1.280  0.014000  0.000    1.280    0.7266    3.6856    3.6856    2.9335    3.2502    0.8044    0.9819    0.6624  2.281E+11  1.0000   3.514  0.000E+00      0.00      0.00      0.00  0.0000 -11.566   0.000  0.0000  0.714E+00  0.271E+00  0.218E-02  0.681E-04  0.737E-03  0.572E-02  0.227E-05  0.128E-04  0.188E-02  0.152E-03  0.000E+00
  1.281  0.014000  0.000    1.280    0.7495    3.6842    3.6842    2.8763    3.1997    0.8214    0.9892    0.6683  2.358E+11  1.0000   3.485  0.000E+00      0.00      0.00      0.00  0.0000 -11.529   0.000  0.0000  0.713E+00  0.272E+00  0.213E-02  0.756E-04  0.787E-03  0.572E-02  0.227E-05  0.127E-04  0.188E-02  0.152E-03  0.000E+00
  1.283  0.014000  0.000    1.282    0.8038    3.6836    3.6836    2.7406    3.0664    0.8275    0.9918    0.6704  2.516E+11  1.0000   3.430  0.000E+00      0.00      0.00      0.00  0.0000 -11.446   0.000  0.0001  0.710E+00  0.275E+00  0.202E-02  0.799E-04  0.915E-03  0.572E-02  0.230E-05  0.124E-04  0.188E-02  0.152E-03  0.000E+00
  1.284  0.014000  0.000    1.283    0.8316    3.6831    3.6831    2.6711    2.9995    0.8343    0.9947    0.6727  2.605E+11  1.0000   3.400  0.000E+00      0.00      0.00      0.00  0.0000 -11.405   0.000  0.0001  0.708E+00  0.277E+00  0.196E-02  0.786E-04  0.979E-03  0.572E-02  0.232E-05  0.123E-04  0.188E-02  0.152E-03  0.000E+00
  1.285  0.014000  0.000    1.284    0.8598    3.6815    3.6815    2.6004    2.9360    0.8524    1.0025    0.6790  2.710E+11  1.0000   3.366  0.000E+00      0.00      0.00      0.00  0.0000 -11.358   0.000  0.0001  0.707E+00  0.278E+00  0.192E-02  0.769E-04  0.103E-02  0.572E-02  0.237E-05  0.121E-04  0.188E-02  0.152E-03  0.000E+00
  1.286  0.014000  0.000    1.285    0.8898    3.6801    3.6801    2.5255    2.8677    0.8694    1.0097    0.6848  2.824E+11  1.0000   3.330  0.000E+00      0.00      0.00      0.00  0.0000 -11.309   0.000  0.0001  0.705E+00  0.280E+00  0.188E-02  0.754E-04  0.108E-02  0.572E-02  0.242E-05  0.119E-04  0.188E-02  0.152E-03  0.000E+00
  1.288  0.014000  0.000    1.286    0.9585    3.6782    3.6782    2.3537    2.7046    0.8915    1.0192    0.6925  3.083E+11  1.0000   3.254  0.000E+00      0.00      0.00      0.00  0.0000 -11.204   0.000  0.0001  0.703E+00  0.282E+00  0.182E-02  0.729E-04  0.116E-02  0.572E-02  0.264E-05  0.115E-04  0.188E-02  0.152E-03  0.000E+00
  1.288  0.014000  0.000    1.287    0.9955    3.6777    3.6777    2.2613    2.6143    0.8966    1.0214    0.6942  3.224E+11  1.0000   3.216  0.000E+00      0.00      0.00      0.00  0.0000 -11.150   0.000  0.0001  0.701E+00  0.284E+00  0.179E-02  0.718E-04  0.119E-02  0.572E-02  0.282E-05  0.114E-04  0.188E-02  0.152E-03  0.000E+00
  1.289  0.014000  0.000    1.288    1.0369    3.6761    3.6761    2.1578    2.5182    0.9154    1.0295    0.7007  3.407E+11  1.0000   3.168  0.000E+00      0.00      0.00      0.00  0.0000 -11.085   0.000  0.0001  0.700E+00  0.285E+00  0.177E-02  0.713E-04  0.121E-02  0.572E-02  0.288E-05  0.113E-04  0.188E-02  0.152E-03  0.000E+00
  1.290  0.014000  0.000    1.289    1.0802    3.6741    3.6741    2.0494    2.4189    0.9388    1.0395    0.7088  3.614E+11  1.0000   3.117  0.000E+00      0.00      0.00      0.00  0.0000 -11.015   0.000  0.0001  0.700E+00  0.285E+00  0.176E-02  0.708E-04  0.122E-02  0.572E-02  0.300E-05  0.112E-04  0.188E-02  0.152E-03  0.000E+00
  1.291  0.014000  0.000    1.289    1.1033    3.6728    3.6728    1.9918    2.3677    0.9508    1.0459    0.7139  3.733E+11  1.0000   3.089  0.000E+00      0.00      0.00      0.00  0.0000 -10.978   0.000  0.0001  0.699E+00  0.286E+00  0.175E-02  0.706E-04  0.123E-02  0.572E-02  0.309E-05  0.111E-04  0.188E-02  0.152E-03  0.000E+00
  1.291  0.014000  0.000    1.290    1.1264    3.6715    3.6715    1.9341    2.3165    0.9626    1.0524    0.7191  3.857E+11  1.0000   3.061  0.000E+00      0.00      0.00      0.00  0.0000 -10.940   0.000  0.0001  0.699E+00  0.286E+00  0.175E-02  0.703E-04  0.124E-02  0.572E-02  0.318E-05  0.111E-04  0.188E-02  0.152E-03  0.000E+00
  1.292  0.014000  0.000    1.290    1.1522    3.6701    3.6701    1.8696    2.2589    0.9753    1.0593    0.7247  3.998E+11  1.0000   3.030  0.000E+00      0.00      0.00      0.00  0.0000 -10.899   0.000  0.0001  0.699E+00  0.287E+00  0.174E-02  0.702E-04  0.124E-02  0.572E-02  0.324E-05  0.111E-04  0.188E-02  0.152E-03  0.000E+00
  1.292  0.014000  0.000    1.290    1.1801    3.6687    3.6687    1.7998    2.1963    0.9887    1.0666    0.7306  4.157E+11  1.0000   2.996  0.000E+00      0.00      0.00      0.00  0.0000 -10.855   0.000  0.0002  0.698E+00  0.287E+00  0.174E-02  0.701E-04  0.125E-02  0.572E-02  0.326E-05  0.111E-04  0.188E-02  0.152E-03  0.000E+00
  1.293  0.014000  0.000    1.291    1.2081    3.6672    3.6672    1.7298    2.1337    1.0022    1.0739    0.7365  4.322E+11  1.0000   2.962  0.000E+00      0.00      0.00      0.00  0.0000 -10.810   0.000  0.0002  0.698E+00  0.287E+00  0.174E-02  0.700E-04  0.125E-02  0.572E-02  0.329E-05  0.110E-04  0.188E-02  0.152E-03  0.000E+00
  1.293  0.014000  0.000    1.291    1.2377    3.6658    3.6658    1.6556    2.0668    1.0154    1.0811    0.7424  4.502E+11  1.0000   2.927  0.000E+00      0.00      0.00      0.00  0.0000 -10.763   0.000  0.0002  0.698E+00  0.287E+00  0.174E-02  0.699E-04  0.125E-02  0.572E-02  0.331E-05  0.110E-04  0.188E-02  0.152E-03  0.000E+00
  1.294  0.014000  0.000    1.291    1.2721    3.6644    3.6644    1.5698    1.9878    1.0280    1.0880    0.7479  4.713E+11  1.0000   2.887  0.000E+00      0.00      0.00      0.00  0.0000 -10.708   0.000  0.0002  0.698E+00  0.287E+00  0.173E-02  0.698E-04  0.126E-02  0.572E-02  0.333E-05  0.110E-04  0.188E-02  0.152E-03  0.000E+00
  1.294  0.014000  0.000    1.292    1.3065    3.6630    3.6630    1.4838    1.9088    1.0407    1.0949    0.7535  4.935E+11  1.0000   2.848  0.000E+00      0.00      0.00      0.00  0.0000 -10.654   0.000  0.0002  0.698E+00  0.287E+00  0.173E-02  0.698E-04  0.126E-02  0.572E-02  0.334E-05  0.110E-04  0.188E-02  0.152E-03  0.000E+00
  1.294  0.014000  0.000    1.292    1.3409    3.6616    3.6616    1.3978    1.8296    1.0534    1.1019    0.7592  5.168E+11  1.0000   2.808  0.000E+00      0.00      0.00      0.00  0.0000 -10.599   0.000  0.0002  0.698E+00  0.287E+00  0.173E-02  0.697E-04  0.126E-02  0.572E-02  0.336E-05  0.110E-04  0.188E-02  0.152E-03  0.000E+00
  1.295  0.014000  0.000    1.292    1.3624    3.6605    3.6605    1.3441    1.7815    1.0636    1.1074    0.7637  5.324E+11  1.0000   2.782  0.000E+00      0.00      0.00      0.00  0.0000 -10.565   0.000  0.0003  0.698E+00  0.287E+00  0.173E-02  0.697E-04  0.126E-02  0.572E-02  0.336E-05  0.110E-04  0.188E-02  0.152E-03  0.000E+00
  1.295  0.014000  0.000    1.292    1.3840    3.6594    3.6594    1.2899    1.7329    1.0738    1.1130    0.7682  5.487E+11  1.0000   2.756  0.000E+00      0.00      0.00      0.00  0.0000 -10.530   0.000  0.0003  0.698E+00  0.287E+00  0.173E-02  0.697E-04  0.126E-02  0.572E-02  0.337E-05  0.110E-04  0.188E-02  0.152E-03  0.000E+00
  1.295  0.014000  0.000    1.292    1.4057    3.6583    3.6583    1.2357    1.6843    1.0841    1.1186    0.7728  5.655E+11  1.0000   2.730  0.000E+00      0.00      0.00      0.00  0.0000 -10.495   0.000  0.0003  0.698E+00  0.287E+00  0.173E-02  0.697E-04  0.126E-02  0.572E-02  0.337E-05  0.110E-04  0.188E-02  0.152E-03  0.000E+00
  1.295  0.014000  0.000    1.292    1.4274    3.6572    3.6572    1.1815    1.6357    1.0944    1.1242    0.7774  5.828E+11  1.0000   2.703  0.000E+00      0.00      0.00      0.00  0.0000 -10.460   0.000  0.0003  0.698E+00  0.287E+00  0.173E-02  0.697E-04  0.126E-02  0.572E-02  0.337E-05  0.110E-04  0.188E-02  0.152E-03  0.000E+00
  1.296  0.014000  0.000    1.293    1.4491    3.6560    3.6560    1.1272    1.5871    1.1048    1.1299    0.7819  6.006E+11  1.0000   2.677  0.000E+00      0.00      0.00      0.00  0.0000 -10.425   0.000  0.0003  0.698E+00  0.287E+00  0.173E-02  0.697E-04  0.126E-02  0.572E-02  0.338E-05  0.110E-04  0.188E-02  0.152E-03  0.000E+00
  1.296  0.014000  0.000    1.293    1.4708    3.6549    3.6549    1.0729    1.5384    1.1151    1.1355    0.7866  6.191E+11  1.0000   2.651  0.000E+00      0.00      0.00      0.00  0.0000 -10.390   0.000  0.0004  0.698E+00  0.287E+00  0.173E-02  0.697E-04  0.126E-02  0.572E-02  0.338E-05  0.110E-04  0.188E-02  0.152E-03  0.000E+00
  1.296  0.014000  0.000    1.293    1.5057    3.6532    3.6532    0.9857    1.4598    1.1308    1.1441    0.7935  6.495E+11  1.0000   2.609  0.000E+00      0.00      0.00      0.00  0.0000 -10.335   0.000  0.0004  0.698E+00  0.287E+00  0.173E-02  0.697E-04  0.126E-02  0.572E-02  0.338E-05  0.110E-04  0.188E-02  0.152E-03  0.000E+00
  1.297  0.014000  0.000    1.293    1.5365    3.6517    3.6517    0.9088    1.3901    1.1440    1.1513    0.7994  6.774E+11  1.0000   2.573  0.000E+00      0.00      0.00      0.00  0.0000 -10.286   0.000  0.0004  0.698E+00  0.287E+00  0.173E-02  0.697E-04  0.126E-02  0.572E-02  0.339E-05  0.110E-04  0.188E-02  0.152E-03  0.000E+00
  1.297  0.014000  0.000    1.293    1.5668    3.6503    3.6503    0.8330    1.3213    1.1570    1.1584    0.8052  7.061E+11  1.0000   2.537  0.000E+00      0.00      0.00      0.00  0.0000 -10.238   0.000  0.0004  0.698E+00  0.287E+00  0.173E-02  0.696E-04  0.126E-02  0.572E-02  0.340E-05  0.110E-04  0.188E-02  0.152E-03  0.000E+00
  1.298  0.014000  0.000    1.293    1.6001    3.6486    3.6486    0.7496    1.2479    1.1737    1.1669    0.8122  7.395E+11  1.0000   2.497  0.000E+00      0.00      0.00      0.00  0.0000 -10.184   0.000  0.0004  0.698E+00  0.287E+00  0.173E-02  0.696E-04  0.126E-02  0.572E-02  0.340E-05  0.110E-04  0.188E-02  0.152E-03  0.000E+00
  1.298  0.014000  0.000    1.293    1.6194    3.6476    3.6476    0.7016    1.2064    1.1844    1.1722    0.8166  7.597E+11  1.0000   2.473  0.000E+00      0.00      0.00      0.00  0.0000 -10.153   0.000  0.0005  0.698E+00  0.287E+00  0.173E-02  0.696E-04  0.126E-02  0.572E-02  0.340E-05  0.110E-04  0.188E-02  0.152E-03  0.000E+00
  1.298  0.014000  0.000    1.293    1.6387    3.6465    3.6465    0.6533    1.1647    1.1952    1.1776    0.8210  7.807E+11  1.0000   2.450  0.000E+00      0.00      0.00      0.00  0.0000 -10.122   0.000  0.0005  0.698E+00  0.287E+00  0.173E-02  0.696E-04  0.126E-02  0.572E-02  0.341E-05  0.110E-04  0.188E-02  0.152E-03  0.000E+00
  1.298  0.014000  0.000    1.293    1.6581    3.6454    3.6454    0.6047    1.1227    1.2061    1.1830    0.8255  8.024E+11  1.0000   2.426  0.000E+00      0.00      0.00      0.00  0.0000 -10.091   0.000  0.0006  0.698E+00  0.287E+00  0.173E-02  0.696E-04  0.126E-02  0.572E-02  0.341E-05  0.110E-04  0.188E-02  0.152E-03  0.000E+00
  1.299  0.014000  0.000    1.293    1.6777    3.6443    3.6443    0.5557    1.0804    1.2170    1.1885    0.8300  8.248E+11  1.0000   2.402  0.000E+00      0.00      0.00      0.00  0.0000 -10.060   0.000  0.0006  0.698E+00  0.287E+00  0.173E-02  0.696E-04  0.127E-02  0.572E-02  0.341E-05  0.110E-04  0.188E-02  0.152E-03  0.000E+00
  1.299  0.014000  0.000    1.293    1.6974    3.6432    3.6432    0.5065    1.0378    1.2280    1.1940    0.8346  8.480E+11  1.0000   2.378  0.000E+00      0.00      0.00      0.00  0.0000 -10.028   0.000  0.0006  0.698E+00  0.287E+00  0.173E-02  0.696E-04  0.127E-02  0.572E-02  0.342E-05  0.110E-04  0.188E-02  0.152E-03  0.000E+00
  1.299  0.014000  0.000    1.292    1.7240    3.6416    3.6416    0.4401    0.9811    1.2441    1.2021    0.8413  8.809E+11  1.0000   2.345  0.000E+00      0.00      0.00      0.00  0.0000  -9.985   0.000  0.0007  0.698E+00  0.287E+00  0.173E-02  0.696E-04  0.127E-02  0.572E-02  0.342E-05  0.110E-04  0.188E-02  0.152E-03  0.000E+00
  1.299  0.014000  0.000    1.292    1.7485    3.6400    3.6400    0.3787    0.9297    1.2605    1.2102    0.8480  9.130E+11  1.0000   2.313  0.000E+00      0.00      0.00      0.00  0.0000  -9.945   0.000  0.0008  0.698E+00  0.287E+00  0.173E-02  0.696E-04  0.127E-02  0.572E-02  0.342E-05  0.110E-04  0.188E-02  0.152E-03  0.000E+00
  1.299  0.014000  0.000    1.292    1.7731    3.6383    3.6383    0.3172    0.8782    1.2769    1.2184    0.8549  9.463E+11  1.0000   2.282  0.000E+00      0.00      0.00      0.00  0.0000  -9.904   0.000  0.0008  0.698E+00  0.287E+00  0.173E-02  0.696E-04  0.127E-02  0.572E-02  0.342E-05  0.110E-04  0.188E-02  0.152E-03  0.000E+00
  1.300  0.014000  0.000    1.292    1.7977    3.6367    3.6367    0.2557    0.8266    1.2932    1.2266    0.8617  9.808E+11  1.0000   2.251  0.000E+00      0.00      0.00      0.00  0.0000  -9.864   0.000  0.0009  0.698E+00  0.287E+00  0.173E-02  0.696E-04  0.127E-02  0.572E-02  0.342E-05  0.110E-04  0.188E-02  0.152E-03  0.000E+00
  1.300  0.014000  0.000    1.292    1.8223    3.6350    3.6350    0.1942    0.7751    1.3096    1.2348    0.8686  1.017E+12  1.0000   2.220  0.000E+00      0.00      0.00      0.00  0.0000  -9.824   0.000  0.0010  0.698E+00  0.287E+00  0.173E-02  0.696E-04  0.127E-02  0.572E-02  0.342E-05  0.110E-04  0.188E-02  0.152E-03  0.000E+00
  1.300  0.014000  0.000    1.291    1.8469    3.6334    3.6334    0.1326    0.7234    1.3260    1.2430    0.8754  1.054E+12  1.0000   2.189  0.000E+00      0.00      0.00      0.00  0.0000  -9.784   0.000  0.0011  0.698E+00  0.287E+00  0.173E-02  0.696E-04  0.127E-02  0.572E-02  0.343E-05  0.110E-04  0.188E-02  0.152E-03  0.000E+00
  1.300  0.014000  0.000    1.291    1.8716    3.6318    3.6318    0.0710    0.6718    1.3425    1.2512    0.8823  1.092E+12  1.0000   2.157  0.000E+00      0.00      0.00      0.00  0.0000  -9.743   0.000  0.0011  0.698E+00  0.287E+00  0.173E-02  0.696E-04  0.127E-02  0.572E-02  0.343E-05  0.110E-04  0.188E-02  0.152E-03  0.000E+00
  1.300  0.014000  0.000    1.291    1.8963    3.6301    3.6301    0.0094    0.6201    1.3589    1.2594    0.8893  1.132E+12  1.0000   2.126  0.000E+00      0.00      0.00      0.00  0.0000  -9.703   0.000  0.0012  0.698E+00  0.287E+00  0.173E-02  0.696E-04  0.127E-02  0.572E-02  0.343E-05  0.110E-04  0.188E-02  0.152E-03  0.000E+00
  1.300  0.014000  0.000    1.291    1.9209    3.6285    3.6285   -0.0523    0.5684    1.3753    1.2677    0.8962  1.174E+12  1.0000   2.095  0.000E+00      0.00      0.00      0.00  0.0000  -9.663   0.000  0.0013  0.698E+00  0.287E+00  0.173E-02  0.696E-04  0.127E-02  0.572E-02  0.343E-05  0.110E-04  0.188E-02  0.152E-03  0.000E+00
  1.300  0.014000  0.000    1.290    1.9456    3.6268    3.6268   -0.1141    0.5166    1.3918    1.2759    0.9032  1.217E+12  1.0000   2.063  0.000E+00      0.00      0.00      0.00  0.0000  -9.622   0.000  0.0013  0.698E+00  0.287E+00  0.173E-02  0.696E-04  0.127E-02  0.572E-02  0.343E-05  0.110E-04  0.188E-02  0.152E-03  0.000E+00
  1.300  0.014000  0.000    1.290    1.9703    3.6252    3.6252   -0.1759    0.4648    1.4082    1.2841    0.9102  1.262E+12  1.0000   2.032  0.000E+00      0.00      0.00      0.00  0.0000  -9.582   0.000  0.0014  0.698E+00  0.287E+00  0.173E-02  0.696E-04  0.127E-02  0.572E-02  0.343E-05  0.110E-04  0.188E-02  0.152E-03  0.000E+00
  1.300  0.014000  0.000    1.290    1.9951    3.6235    3.6235   -0.2377    0.4130    1.4247    1.2923    0.9173  1.308E+12  1.0000   2.000  0.000E+00      0.00      0.00      0.00  0.0000  -9.541   0.000  0.0015  0.698E+00  0.287E+00  0.172E-02  0.696E-04  0.127E-02  0.572E-02  0.343E-05  0.110E-04  0.188E-02  0.152E-03  0.000E+00
  1.301  0.014000  0.000    1.290    2.0198    3.6219    3.6219   -0.2996    0.3614    1.4411    1.3006    0.9244  1.356E+12  1.0000   1.969  0.000E+00      0.00      0.00      0.00  0.0000  -9.501   0.000  0.0016  0.698E+00  0.287E+00  0.172E-02  0.696E-04  0.127E-02  0.572E-02  0.343E-05  0.110E-04  0.188E-02  0.152E-03  0.000E+00
  1.301  0.014000  0.000    1.285    2.0718    3.6176    3.6176   -0.4295    0.2683    1.4807    1.3218    0.9427  1.468E+12  1.0000   1.899  0.000E+00      0.00      0.00      0.00  0.0000  -9.413   0.000  0.0029  0.698E+00  0.287E+00  0.172E-02  0.696E-04  0.127E-02  0.572E-02  0.344E-05  0.110E-04  0.188E-02  0.152E-03  0.000E+00
  1.301  0.014000  0.000    1.278    2.1415    3.6117    3.6117   -0.6039    0.1455    1.5362    1.3515    0.9688  1.635E+12  1.0000   1.803  0.000E+00      0.00      0.00      0.00  0.0000  -9.294   0.000  0.0052  0.698E+00  0.287E+00  0.172E-02  0.696E-04  0.127E-02  0.572E-02  0.344E-05  0.110E-04  0.188E-02  0.152E-03  0.000E+00
  1.301  0.014000  0.000    1.271    2.2114    3.6057    3.6057   -0.7785    0.0224    1.5918    1.3813    0.9953  1.821E+12  1.0000   1.707  0.000E+00      0.00      0.00      0.00  0.0000  -9.175   0.000  0.0075  0.698E+00  0.287E+00  0.172E-02  0.696E-04  0.127E-02  0.572E-02  0.344E-05  0.110E-04  0.188E-02  0.152E-03  0.000E+00
  1.301  0.014000  0.000    1.264    2.2814    3.5998    3.5998   -0.9535   -0.1008    1.6476    1.4112    1.0224  2.029E+12  1.0000   1.610  0.000E+00      0.00      0.00      0.00  0.0000  -9.055   0.000  0.0098  0.698E+00  0.287E+00  0.172E-02  0.696E-04  0.127E-02  0.572E-02  0.344E-05  0.110E-04  0.188E-02  0.152E-03  0.000E+00
  1.301  0.014000  0.000    1.257    2.3515    3.5938    3.5938   -1.1289   -0.2242    1.7034    1.4411    1.0501  2.261E+12  1.0000   1.514  0.000E+00      0.00      0.00      0.00  0.0000  -8.935   0.000  0.0121  0.698E+00  0.287E+00  0.172E-02  0.696E-04  0.127E-02  0.572E-02  0.344E-05  0.110E-04  0.188E-02  0.152E-03  0.000E+00
  1.301  0.014000  0.000    1.250    2.4218    3.5878    3.5878   -1.3045   -0.3211    1.7482    1.4711    1.0784  2.520E+12  1.0000   1.417  0.000E+00      0.00      0.00      0.00  0.0000  -8.815   0.000  0.0144  0.698E+00  0.287E+00  0.172E-02  0.695E-04  0.127E-02  0.572E-02  0.344E-05  0.110E-04  0.188E-02  0.152E-03  0.000E+00
  1.301  0.014000  0.000    1.242    2.4922    3.5818    3.5818   -1.4805   -0.4069    1.7883    1.5012    1.1075  2.810E+12  1.0000   1.320  0.000E+00      0.00      0.00      0.00  0.0000  -8.695   0.000  0.0167  0.698E+00  0.287E+00  0.172E-02  0.695E-04  0.127E-02  0.572E-02  0.344E-05  0.110E-04  0.188E-02  0.152E-03  0.000E+00
  1.302  0.014000  0.000    1.235    2.5627    3.5757    3.5757   -1.6568   -0.4927    1.8285    1.5314    1.1373  3.133E+12  1.0000   1.223  0.000E+00      0.00      0.00      0.00  0.0000  -8.575   0.000  0.0190  0.698E+00  0.287E+00  0.172E-02  0.695E-04  0.127E-02  0.572E-02  0.345E-05  0.110E-04  0.188E-02  0.152E-03  0.000E+00
  1.302  0.014000  0.000    1.228    2.6334    3.5697    3.5697   -1.8335   -0.5758    1.8458    1.5501    1.1562  3.495E+12  1.0000   1.125  0.000E+00      0.00      0.00      0.00  0.0000  -8.454   0.000  0.0213  0.698E+00  0.287E+00  0.172E-02  0.695E-04  0.127E-02  0.572E-02  0.345E-05  0.110E-04  0.188E-02  0.152E-03  0.000E+00
  1.302  0.014000  0.000    1.221    2.7042    3.5636    3.5636   -2.0104   -0.6579    1.8538    1.5642    1.1707  3.899E+12  1.0000   1.028  0.000E+00      0.00      0.00      0.00  0.0000  -8.333   0.000  0.0237  0.698E+00  0.287E+00  0.172E-02  0.695E-04  0.127E-02  0.572E-02  0.345E-05  0.110E-04  0.188E-02  0.152E-03  0.000E+00
  1.302  0.014000  0.000    1.213    2.7751    3.5576    3.5576   -2.1877   -0.7401    1.8619    1.5784    1.1855  4.350E+12  1.0000   0.930  0.000E+00      0.00      0.00      0.00  0.0000  -8.212   0.000  0.0260  0.698E+00  0.287E+00  0.172E-02  0.695E-04  0.127E-02  0.572E-02  0.345E-05  0.110E-04  0.188E-02  0.152E-03  0.000E+00
  1.302  0.014000  0.000    1.206    2.8461    3.5515    3.5515   -2.3653   -0.8223    1.8700    1.5926    1.2004  4.855E+12  1.0000   0.832  0.000E+00      0.00      0.00      0.00  0.0000  -8.091   0.000  0.0284  0.698E+00  0.287E+00  0.172E-02  0.695E-04  0.127E-02  0.572E-02  0.345E-05  0.110E-04  0.188E-02  0.152E-03  0.000E+00
  1.302  0.014000  0.000    1.198    2.9173    3.5454    3.5454   -2.5433   -0.9047    1.8782    1.6068    1.2156  5.420E+12  1.0000   0.734  0.000E+00      0.00      0.00      0.00  0.0000  -7.970   0.000  0.0308  0.698E+00  0.287E+00  0.172E-02  0.695E-04  0.127E-02  0.572E-02  0.345E-05  0.110E-04  0.188E-02  0.152E-03  0.000E+00
