194.8 183.9 166.9 169.8 172.2
185.4 170.8 172.5 177.6 173.9
179.2 167.8 174.2 180.2 204.1
197.1 175.8 161.7 181.7 157.4
175.3 190.3 177.4 167.7 188.5
173.4 176.4 185.0 204.0 178.5
180.4 179.3 166.8 191.0 173.6
189.6 178.3 188.0 168.4 174.3
190.7 201.9 184.2 169.3 190.5
170.0 172.2 159.3 177.0 171.7
165.6 172.4 185.8 162.9 176.6
176.7 179.3 175.0 190.5 181.5
169.7 176.9 175.8 166.4 163.1
186.1 172.1 171.1 189.0 169.8
189.6 185.8 169.8 183.2 166.6
189.6 172.9 157.1 194.5 156.9
162.6 176.7 193.0 164.0 184.3
172.0 159.6 185.5 174.9 179.4
167.0 173.6 178.5 172.7 171.3
163.7 176.7 179.9 170.7 200.1
200.6 195.8 177.0 184.0 168.8
186.7 188.5 181.7 163.8 174.7
158.9 178.6 172.3 185.9 175.1
201.8 165.0 183.1 162.9 178.2
194.6 194.1 183.0 159.9 182.1
173.9 166.7 180.4 186.4 190.9
171.3 159.4 174.0 196.2 175.1
188.4 165.6 180.3 189.1 179.2
181.2 169.5 169.5 151.7 185.1
190.8 194.7 178.7 181.2 190.3
175.5 162.8 189.1 179.5 184.4
194.6 193.6 180.2 180.1 197.3
170.7 179.1 159.5 191.3 197.9
177.8 180.1 176.7 179.4 206.0
194.3 184.8 198.8 184.9 167.9
181.1 193.5 179.3 180.9 186.3
186.1 177.2 171.8 199.0 197.9
166.3 188.3 182.3 175.7 189.7
185.5 175.6 182.8 162.6 161.8
179.5 171.7 169.3 177.3 165.1
182.7 172.6 186.0 186.0 170.0
178.3 183.5 190.9 182.1 190.2
191.2 186.6 179.1 184.2 186.2
177.8 173.9 187.1 158.6 197.4
166.6 189.8 185.5 177.7 169.5
161.8 179.9 180.5 171.0 162.5
192.5 184.3 175.8 161.4 195.7
190.5 173.3 171.5 166.5 184.7
189.9 176.1 192.6 166.0 171.0
179.9 172.9 163.0 183.7 166.2
184.7 178.1 157.7 187.4 208.3
202.0 180.6 190.9 164.2 196.5
205.8 165.4 181.5 190.1 176.9
166.4 197.0 185.8 148.6 170.1
186.2 176.1 183.3 180.9 186.7
167.8 200.9 178.1 166.7 181.3
178.1 174.9 191.7 193.4 170.2
185.4 189.2 168.2 190.2 184.2
174.0 191.8 197.2 183.0 198.4
200.2 171.5 181.9 164.6 184.0
179.1 175.3 172.3 167.3 176.6
195.5 158.6 177.0 191.3 172.7
175.7 173.8 166.5 173.3 193.7
168.0 182.7 176.7 170.7 175.1
169.7 202.8 184.5 170.8 188.7
172.4 197.5 168.7 191.4 187.8
178.2 173.9 158.9 168.3 172.6
187.9 174.3 164.9 202.1 158.2
195.3 158.1 174.9 185.7 185.3
180.6 195.0 188.2 174.0 180.7
179.3 186.3 171.9 175.2 191.2
177.4 164.3 179.7 168.3 182.1
188.0 182.6 161.2 155.4 186.0
177.1 200.5 198.3 176.4 174.5
196.2 187.6 177.3 193.2 184.4
172.4 188.9 191.3 162.6 173.8
205.5 190.1 181.3 170.2 174.5
177.8 183.5 185.7 180.1 173.7
181.4 173.7 183.2 183.1 165.1
173.9 161.9 188.4 192.1 198.8
180.3 180.3 174.8 168.9 159.4
165.6 176.2 157.2 188.7 171.9
175.5 198.5 178.5 184.2 170.9
195.3 185.3 187.4 167.6 163.2
179.8 179.7 186.1 184.4 176.4
166.0 179.2 181.9 171.3 163.9
195.6 186.7 180.3 175.6 180.7
185.7 172.6 168.1 165.3 172.7
182.3 162.6 151.3 169.5 165.1
185.8 168.0 162.0 185.4 189.5
175.8 155.9 188.4 199.7 175.9
188.2 175.4 186.1 170.6 178.3
176.6 187.1 185.6 181.2 177.3
196.9 176.9 182.9 194.3 173.6
167.8 166.3 182.5 167.4 167.0
184.2 178.5 185.8 188.8 172.9
167.2 178.6 169.1 160.9 165.3
167.5 177.9 176.5 162.1 178.1
163.9 162.2 167.6 169.7 187.3
190.6 167.0 182.1 173.9 176.4
183.3 164.8 189.1 190.2 166.6
172.4 189.6 192.6 164.3 174.0
179.7 173.6 184.1 179.7 183.0
165.1 186.1 180.2 196.5 199.4
179.7 174.9 187.7 186.2 175.1
175.3 180.6 185.5 193.5 172.7
201.0 198.2 177.8 187.9 179.3
187.7 173.4 198.4 180.7 179.6
157.2 176.1 184.7 174.8 173.1
166.4 170.7 204.1 201.2 168.3
179.3 191.4 185.5 182.9 181.8
176.5 175.0 189.8 172.8 178.0
179.6 163.2 193.6 162.9 195.4
156.6 180.3 180.9 190.2 166.8
185.3 192.9 170.6 183.5 166.4
186.3 176.4 156.5 186.0 164.9
179.9 183.0 170.8 162.9 190.1
171.0 179.8 192.2 177.4 168.5
174.1 165.5 174.6 175.2 174.4
180.7 179.0 185.8 179.7 179.5
184.3 156.0 159.8 190.6 169.4
181.6 183.8 156.9 181.7 185.2
176.4 187.0 192.4 182.4 170.4
190.4 195.1 182.7 174.1 193.1
157.7 185.4 192.0 190.1 168.1
173.0 176.4 167.7 182.9 170.3
180.5 169.4 165.3 166.8 176.1
138.5 183.3 174.2 178.8 171.4
193.1 182.5 163.8 195.3 177.9
169.1 169.6 196.3 177.3 180.3
177.3 187.5 174.4 184.8 192.2
170.6 180.9 185.7 185.2 189.2
155.2 163.4 197.7 175.0 171.3
186.6 163.9 188.2 175.5 171.2
169.9 186.3 176.3 169.5 169.1
172.4 181.5 166.4 182.4 175.7
173.2 163.3 185.8 179.1 172.3
191.6 173.8 196.4 171.4 191.4
174.8 194.1 192.7 180.8 196.6
189.8 174.3 160.6 172.3 186.5
184.8 152.1 176.9 176.6 178.7
199.0 182.3 165.6 180.8 170.6
176.2 185.4 178.9 165.2 161.6
191.4 182.2 182.3 184.1 176.6
167.1 179.7 175.6 194.5 166.9
155.6 171.7 187.1 180.3 200.9
168.5 172.8 185.1 178.8 182.2
186.3 199.8 177.8 190.9 192.8
177.9 184.4 166.7 197.7 178.5
169.1 173.7 181.2 161.1 182.1
172.1 189.5 180.0 171.3 179.5
186.0 180.0 195.3 197.7 188.8
194.1 167.9 202.1 177.0 178.0
182.0 171.2 208.3 178.5 179.8
180.2 186.0 187.9 161.7 184.5
179.6 177.0 175.2 180.7 184.5
188.1 189.4 166.5 165.9 191.0
168.1 186.9 174.5 168.7 190.0
183.8 189.6 186.8 159.5 167.9
192.9 155.3 166.3 177.0 169.2
172.7 163.4 161.5 181.6 166.7
163.3 184.4 188.0 166.1 186.1
185.7 183.5 158.0 168.1 176.5
198.3 182.9 172.4 182.2 181.4
194.9 180.8 159.7 184.9 177.8
165.4 181.7 184.5 174.1 177.5
183.5 181.9 185.1 170.5 181.0
200.9 179.0 180.3 194.6 197.6
174.3 157.8 187.3 192.7 181.3
178.9 179.3 172.9 187.6 173.2
182.1 167.8 170.4 191.3 183.6
192.6 186.5 165.2 188.5 177.8
158.9 186.8 185.6 190.2 172.3
172.6 196.1 160.8 186.4 168.8
166.6 191.8 181.0 190.2 190.1
166.2 163.7 180.4 169.9 170.7
191.2 181.2 157.5 178.9 175.2
171.5 162.5 183.5 168.3 167.6
184.8 171.2 170.4 167.3 178.9
181.2 161.4 172.9 195.7 173.3
196.0 171.9 187.7 186.0 175.2
171.2 180.2 179.2 184.0 190.5
171.4 174.1 172.2 173.9 183.6
171.3 170.7 189.2 181.7 187.8
177.4 175.1 184.2 186.2 177.0
157.9 179.5 161.9 175.3 185.4
173.3 176.1 193.6 147.3 187.4
173.9 171.7 178.0 193.8 181.3
190.5 193.0 169.5 186.7 157.9
203.6 188.1 188.5 182.2 171.0
181.8 176.0 164.9 180.9 183.5
188.1 169.4 196.4 178.1 166.8
177.7 195.2 162.2 182.8 182.2
172.2 176.7 162.9 191.6 175.7
169.5 179.0 182.3 187.7 174.9
170.0 164.2 175.2 175.7 185.1
191.1 198.3 183.2 185.5 164.1
187.7 164.7 173.0 169.2 180.2
193.1 182.8 160.2 183.6 171.1
174.1 175.4 186.4 178.1 181.2
