161.7 160.5 152.6 150.8 157.7
159.2 165.2 167.3 158.2 161.5
158.2 141.6 179.9 159.7 162.8
167.2 169.4 160.2 160.8 166.4
168.0 157.4 167.4 177.8 153.7
160.6 155.4 167.3 152.8 160.1
171.3 174.6 167.2 160.8 158.6
152.8 176.5 147.7 171.2 158.0
164.9 163.3 173.4 167.2 155.1
175.9 159.3 163.5 173.3 154.7
161.2 165.4 179.9 170.6 158.8
168.6 168.2 165.9 155.9 153.3
160.2 173.2 171.3 168.8 155.1
172.7 161.4 161.5 162.3 176.0
165.4 160.3 162.2 161.4 156.8
161.0 161.9 175.3 168.2 170.0
170.3 160.3 157.4 157.6 161.2
155.7 158.4 170.2 163.5 172.7
156.1 159.9 163.4 161.7 167.3
162.5 172.6 162.2 171.2 166.7
165.1 162.2 166.4 167.1 165.0
165.8 163.7 169.5 169.8 155.1
167.8 171.9 172.4 149.9 171.5
162.4 159.9 166.8 165.0 154.5
155.6 170.3 171.6 171.1 153.1
167.3 164.6 182.4 165.1 147.9
162.0 165.0 157.8 158.3 150.8
166.2 165.1 161.7 153.7 166.5
160.6 156.1 163.7 175.1 160.8
165.0 152.6 162.9 167.2 157.6
161.1 167.0 163.9 160.3 164.6
174.1 160.6 165.9 168.7 167.3
176.4 167.6 161.8 160.5 166.2
161.6 165.4 171.7 170.4 171.6
171.1 179.1 164.9 162.3 159.5
161.8 163.3 157.1 168.8 166.9
164.4 177.9 169.2 164.7 173.5
163.7 173.5 162.2 162.5 158.5
163.2 155.2 162.8 159.7 164.2
150.4 161.3 166.9 161.0 168.8
169.7 160.0 168.8 163.4 178.1
158.0 156.7 162.3 147.1 165.8
149.3 176.4 160.9 172.7 165.4
161.9 167.2 167.7 158.1 174.2
164.6 166.7 147.9 158.8 159.8
162.6 174.4 166.1 173.7 164.1
156.9 163.6 161.0 168.5 166.3
160.0 150.0 165.9 159.4 154.5
176.7 168.2 155.9 169.1 155.0
171.6 152.8 174.8 170.9 167.0
169.8 167.8 168.5 164.6 169.1
168.9 161.3 168.8 160.6 159.7
174.6 169.7 173.7 168.7 167.4
164.1 169.1 159.6 153.6 163.1
167.1 156.8 159.9 156.1 174.3
151.0 159.2 158.8 172.5 162.6
158.4 173.7 156.5 165.6 146.2
161.1 165.0 156.4 159.2 172.6
167.6 153.4 167.4 169.7 153.5
168.7 156.2 164.0 163.4 176.1
149.0 161.1 172.1 165.1 166.7
166.1 158.4 156.9 165.5 163.4
178.9 160.4 161.7 165.4 150.6
158.4 158.8 172.7 162.3 173.8
165.2 154.5 173.0 155.7 156.7
167.1 176.7 151.6 169.6 161.4
151.6 166.1 172.9 172.1 158.8
172.7 165.8 170.7 162.1 166.6
158.8 168.0 164.9 175.9 163.5
158.8 162.2 168.9 166.9 171.1
159.5 145.9 167.8 159.7 167.5
159.0 171.9 168.0 180.3 156.0
157.2 160.6 162.9 167.8 155.2
152.1 179.6 180.8 165.5 167.8
167.3 174.8 169.3 167.2 155.0
165.3 157.9 146.0 165.9 171.6
160.0 156.5 154.8 150.2 171.4
170.7 165.8 174.8 157.1 150.5
166.9 158.9 157.5 161.1 157.0
170.1 172.0 169.9 158.8 152.8
161.3 182.1 171.6 160.9 168.3
145.7 162.3 162.7 164.1 161.0
169.7 168.9 164.8 167.3 168.9
168.1 165.9 157.5 164.8 173.8
158.9 165.5 154.9 160.7 157.8
160.3 179.6 152.2 163.0 161.3
161.6 170.4 159.2 171.8 159.1
155.0 165.8 171.5 162.5 172.9
167.8 165.8 169.8 170.3 166.2
167.7 167.3 147.3 175.0 166.7
156.5 169.7 157.4 159.1 158.8
160.3 160.6 164.3 170.4 169.1
167.0 168.6 157.5 163.8 173.6
168.2 167.3 160.6 161.9 172.5
175.0 157.0 163.0 166.6 160.4
172.4 178.3 176.0 162.7 156.2
164.9 169.9 170.1 176.4 160.3
167.4 166.9 162.8 160.0 181.2
164.7 171.1 174.6 159.9 154.9
166.7 164.1 175.6 165.1 168.4
171.5 158.4 156.9 173.9 168.4
173.8 175.8 161.9 154.1 160.6
150.4 174.5 157.4 161.8 152.9
158.4 171.0 163.4 180.0 159.4
169.3 169.7 168.6 155.3 158.8
157.3 170.6 149.3 164.6 164.6
150.8 172.3 157.0 165.7 178.3
147.9 167.3 162.2 163.9 161.5
171.3 167.1 159.3 163.1 163.1
172.5 172.6 159.0 155.9 164.1
164.9 172.3 176.8 167.4 164.9
155.7 167.3 160.8 165.8 153.1
172.2 170.1 149.8 153.2 172.9
161.8 163.3 158.7 186.4 162.6
162.5 155.5 162.8 160.1 179.2
156.6 167.8 176.5 162.1 172.2
157.4 157.3 167.0 163.1 173.2
154.1 167.4 167.0 158.2 165.4
171.7 166.4 169.0 171.1 156.0
164.7 164.8 160.5 168.8 163.6
168.5 168.6 173.2 174.3 155.7
172.0 175.3 161.5 164.6 168.4
175.1 158.5 150.7 162.3 174.0
175.2 167.6 156.1 176.3 160.2
170.0 167.7 154.7 153.0 161.0
164.4 159.0 157.8 152.2 156.6
170.9 159.4 166.6 159.8 163.4
156.6 163.7 160.4 158.9 172.0
163.3 159.6 169.6 159.1 178.5
167.6 166.3 168.8 167.7 147.0
160.1 151.5 169.5 169.7 160.7
142.1 154.4 149.2 161.8 165.5
162.9 165.4 171.8 163.2 163.0
168.0 156.2 170.1 162.0 156.3
159.2 174.3 154.1 157.3 168.6
158.4 173.1 163.6 152.5 164.5
163.8 162.9 149.1 160.5 165.4
182.1 165.7 163.2 167.2 168.0
151.6 177.4 157.8 160.9 167.2
160.1 159.4 174.9 170.4 164.4
154.1 173.7 173.5 166.9 174.0
153.1 161.0 162.7 164.9 166.8
161.4 158.2 146.3 158.1 180.2
167.2 165.3 169.4 172.4 156.5
160.1 179.2 174.0 157.7 151.2
174.2 177.2 145.9 168.9 166.6
165.3 163.8 173.2 169.5 158.0
149.7 161.3 156.0 151.8 153.9
169.6 167.2 168.8 156.9 172.8
159.4 168.6 165.2 169.8 154.6
181.4 154.7 177.2 173.6 164.1
158.1 153.3 157.4 166.5 159.7
158.0 174.9 163.6 161.2 165.7
162.7 167.8 173.2 169.0 185.0
155.7 172.3 165.3 173.6 159.0
162.2 161.6 167.9 166.8 167.9
163.9 169.7 170.9 158.8 153.1
165.4 161.0 169.1 162.1 151.5
177.9 158.3 152.4 163.2 168.2
163.0 167.4 166.0 157.6 163.9
147.4 173.1 163.7 163.5 162.3
168.1 152.5 167.3 153.0 168.3
168.2 167.6 172.6 176.5 166.3
166.7 168.3 163.1 164.5 168.9
169.2 154.7 165.5 177.8 174.9
174.2 167.6 156.9 165.2 174.6
170.7 156.5 145.9 156.4 162.2
150.9 169.6 168.4 152.0 167.7
162.9 157.6 153.0 156.2 170.8
165.3 167.4 166.3 154.6 167.0
156.4 179.2 169.7 167.4 173.5
162.9 156.2 162.1 165.5 156.7
165.1 158.2 158.0 156.1 163.3
165.7 173.4 161.5 162.9 162.5
169.1 171.2 161.8 152.9 169.4
165.1 173.1 159.4 162.2 181.4
168.4 166.5 155.2 170.7 157.8
173.2 173.1 167.1 148.3 170.2
167.8 173.5 166.8 156.1 155.5
156.1 156.0 170.0 163.0 160.4
173.1 161.4 158.4 155.4 164.3
158.8 165.5 174.4 166.9 161.9
173.1 166.3 160.5 157.6 164.0
164.9 165.2 161.9 163.8 159.1
152.9 165.9 152.2 157.6 180.8
144.7 157.5 167.9 175.5 156.6
166.9 154.0 153.4 164.6 166.2
154.3 171.5 160.6 155.8 170.6
166.2 169.8 169.0 164.8 167.3
162.5 177.9 150.1 165.6 175.4
168.4 151.9 164.0 167.2 160.0
169.8 167.2 145.6 159.2 159.7
167.7 161.8 167.5 171.0 153.0
165.1 147.4 151.6 159.3 173.8
175.5 177.1 152.1 172.7 170.7
154.4 163.8 175.5 162.0 156.7
165.0 157.8 179.5 164.2 177.4
160.1 157.6 169.0 155.9 160.9
157.3 164.7 158.2 165.3 173.5
160.8 163.5 152.1 160.8 173.3
