#iRMS=2.821826456e-05 0
#    lk   ukf_a5v   uks_a5v        fh        fse
#
  3700  1.39238e+02
  3701  1.13258e+02
  3702  9.20792e+01
  3704  1.37327e+02
  3705  1.47622e+02
  3706  1.41444e+02
  3707  1.32604e+02
  3708  1.09654e+02
  3710  1.79009e+02
  3711  1.19623e+02
  3712  9.47494e+01
  3713  1.28185e+02
  3714  1.39321e+02
  3716  2.22111e+02
  3717  2.86443e+02
  3718  3.81080e+02
  3719  4.91026e+02
  3720  5.14936e+02
  3722  5.59843e+02
  3723  4.51609e+02
  3724  3.25607e+02
  3725  2.11485e+02
  3726  1.64973e+02
  3728  1.49710e+02
  3729  1.59018e+02
  3730  1.95529e+02
  3731  1.64013e+02
  3732  1.49879e+02
  3734  1.92710e+02
  3735  1.33340e+02
  3736  1.62413e+02
  3737  1.20810e+02
  3738  1.50924e+02
  3740  2.21061e+02
  3741  1.89271e+02
  3742  1.33911e+02
  3743  1.77449e+02
  3744  2.03557e+02
  3746  1.79385e+02
  3747  1.68031e+02
  3748  1.73077e+02
  3749  1.80023e+02
  3750  1.37406e+02
  3752  1.53635e+02
  3753  1.55508e+02
  3754  1.97840e+02
  3755  1.49747e+02
  3756  2.15806e+02
  3758  1.65258e+02
  3759  1.94557e+02
  3760  1.66201e+02
  3761  1.83806e+02
  3762  2.24736e+02
  3764  2.28080e+02
  3765  2.15760e+02
  3766  1.75151e+02
  3767  1.31640e+02
  3768  1.44126e+02
  3770  1.71712e+02
  3771  1.70302e+02
  3772  1.26995e+02
  3773  1.46460e+02
  3774  1.23033e+02
  3776  1.30355e+02
  3777  1.81666e+02
  3778  1.92704e+02
  3779  1.82673e+02
  3780  1.76623e+02
  3782  1.74359e+02
  3783  2.22372e+02
  3784  1.59453e+02
  3785  1.86696e+02
  3786  1.83294e+02
  3788  1.75631e+02
  3789  2.03160e+02
  3790  2.15144e+02
  3791  1.78591e+02
  3792  1.72023e+02
  3794  1.51657e+02
  3795  1.55008e+02
  3796  1.69564e+02
  3797  1.61244e+02
  3798  1.43358e+02
  3800  1.23256e+02
  3801  1.70419e+02
  3802  2.03294e+02
  3803  1.28643e+02
  3804  1.85534e+02
  3806  1.64642e+02
  3807  1.97898e+02
  3808  1.75679e+02
  3809  2.07503e+02
  3810  2.03551e+02
  3812  2.36635e+02
  3813  2.44725e+02
  3814  2.09752e+02
  3815  2.10304e+02
  3816  1.95794e+02
  3818  1.70557e+02
  3819  1.95999e+02
  3820  2.00251e+02
  3821  1.75506e+02
  3822  1.60383e+02
  3824  2.05115e+02
  3825  2.56947e+02
  3826  2.06518e+02
  3827  3.39707e+02
  3828  2.80805e+02
  3830  2.12279e+02
  3831  2.40087e+02
  3832  2.38918e+02
  3833  1.85451e+02
  3834  1.82231e+02
  3836  1.76078e+02
  3837  1.91876e+02
  3838  2.02846e+02
  3839  1.80759e+02
  3840  1.63408e+02
  3842  1.36557e+02
  3843  1.47963e+02
  3844  1.72292e+02
  3845  1.69691e+02
  3846  2.06129e+02
  3848  1.86702e+02
  3849  2.09796e+02
  3850  2.13521e+02
  3851  1.88417e+02
  3852  2.68859e+02
  3854  1.82550e+02
  3855  2.39339e+02
  3856  2.07543e+02
  3857  2.64092e+02
  3858  3.51714e+02
  3860  5.49425e+02
  3861  7.00262e+02
  3862  7.47374e+02
  3863  5.76147e+02
  3864  3.66637e+02
  3866  2.44420e+02
  3867  1.81660e+02
  3868  1.61674e+02
  3869  1.51327e+02
  3870  1.71410e+02
  3872  2.29548e+02
  3873  2.16249e+02
  3874  2.12441e+02
  3875  2.51976e+02
  3876  2.37401e+02
  3878  2.49631e+02
  3879  3.73779e+02
  3880  5.01541e+02
  3881  5.34674e+02
  3882  5.31984e+02
  3884  4.44922e+02
  3885  3.25091e+02
  3886  2.85696e+02
  3887  2.39172e+02
  3888  2.19741e+02
  3890  1.88350e+02
  3891  2.03026e+02
  3892  2.24823e+02
  3893  2.47978e+02
  3894  2.39357e+02
  3896  2.12646e+02
  3897  1.89210e+02
  3898  1.97277e+02
  3899  2.16768e+02
  3900  1.82772e+02
  3902  1.70259e+02
  3903  2.04843e+02
  3904  2.52147e+02
  3905  2.30100e+02
  3906  2.07082e+02
  3908  1.40710e+02
  3909  2.06980e+02
  3910  2.16411e+02
  3911  2.44284e+02
  3912  2.53973e+02
  3914  2.11645e+02
  3915  2.65161e+02
  3916  2.46761e+02
  3917  2.38907e+02
  3918  2.57006e+02
  3920  2.52871e+02
  3921  2.56766e+02
  3922  3.03300e+02
  3923  2.53770e+02
  3924  2.22606e+02
  3926  2.30410e+02
  3927  2.58732e+02
  3928  2.03516e+02
  3929  1.85615e+02
  3930  1.98843e+02
  3932  2.00413e+02
  3933  1.67056e+02
  3934  2.47674e+02
  3935  2.64032e+02
  3936  2.55280e+02
  3938  2.16560e+02
  3939  2.24263e+02
  3940  2.12482e+02
  3941  2.38467e+02
  3942  2.15791e+02
  3944  2.50651e+02
  3945  2.43572e+02
  3946  2.70835e+02
  3947  2.65602e+02
  3948  2.14815e+02
  3950  2.28358e+02
  3951  2.27271e+02
  3952  2.58739e+02
  3953  2.88029e+02
  3954  2.97079e+02
  3956  2.64146e+02
  3957  3.60982e+02
  3958  5.37315e+02
  3959  6.12566e+02
  3960  7.09834e+02
  3962  6.80566e+02
  3963  6.27476e+02
  3964  4.90301e+02
  3965  4.74300e+02
  3966  3.75986e+02
  3968  3.05231e+02
  3969  3.08405e+02
  3970  2.81368e+02
  3971  2.30201e+02
  3972  2.56234e+02
  3974  2.57859e+02
  3975  2.73181e+02
  3976  2.61695e+02
  3977  3.08008e+02
  3978  3.22114e+02
  3980  2.51338e+02
  3981  3.05351e+02
  3982  2.72095e+02
  3983  2.66444e+02
  3984  2.19664e+02
  3986  2.46577e+02
  3987  2.93246e+02
  3988  2.88335e+02
  3989  3.07244e+02
  3990  2.56554e+02
  3992  2.76077e+02
  3993  2.01713e+02
  3994  2.87673e+02
  3995  2.90716e+02
  3996  2.67736e+02
  3998  2.42522e+02
  3999  2.79310e+02
  4000  2.78414e+02
  4001  2.60543e+02
  4002  2.66378e+02
  4004  2.71329e+02
  4005  2.63721e+02
  4006  2.83406e+02
  4007  2.85573e+02
  4008  2.80138e+02
  4010  2.11320e+02
  4011  2.86562e+02
  4012  2.77494e+02
  4013  3.26829e+02
  4014  3.35535e+02
  4016  3.29046e+02
  4017  3.77542e+02
  4018  4.10927e+02
  4019  3.70502e+02
  4020  3.52192e+02
  4022  4.88384e+02
  4023  4.14005e+02
  4024  3.61940e+02
  4025  3.48423e+02
  4026  3.33362e+02
  4028  3.26077e+02
  4029  2.80790e+02
  4030  3.35962e+02
  4031  3.39552e+02
  4032  3.54237e+02
  4034  3.16933e+02
  4035  3.49272e+02
  4036  3.78913e+02
  4037  3.54535e+02
  4038  4.08930e+02
  4040  4.63880e+02
  4041  4.66796e+02
  4042  5.49586e+02
  4043  5.90037e+02
  4044  6.72205e+02
  4046  7.39416e+02
  4047  7.63597e+02
  4048  7.63439e+02
  4049  8.91330e+02
  4050  8.71514e+02
  4052  8.91260e+02
  4053  7.85837e+02
  4054  7.52258e+02
  4055  6.11083e+02
  4056  5.83709e+02
  4058  5.27731e+02
  4059  4.84089e+02
  4060  4.49383e+02
  4061  3.99891e+02
  4062  3.32954e+02
  4064  3.91902e+02
  4065  3.55274e+02
  4066  3.53691e+02
  4067  3.48660e+02
  4068  3.26937e+02
  4070  3.18956e+02
  4071  3.57559e+02
  4072  3.92054e+02
  4073  4.01031e+02
  4074  4.17238e+02
  4076  4.25343e+02
  4077  4.29523e+02
  4078  4.41547e+02
  4079  4.57645e+02
  4080  5.73596e+02
  4082  5.96648e+02
  4083  5.70927e+02
  4084  6.73157e+02
  4085  7.05682e+02
  4086  6.87302e+02
  4088  7.07463e+02
  4089  8.06406e+02
  4090  8.55085e+02
  4091  1.04808e+03
  4092  1.30472e+03
  4094  1.45086e+03
  4095  1.43877e+03
  4096  1.23949e+03
  4097  1.02364e+03
  4098  7.86495e+02
  4100  7.42897e+02
  4101  6.46625e+02
  4102  5.45318e+02
  4103  5.20440e+02
  4104  5.29695e+02
  4106  4.85288e+02
  4107  4.82964e+02
  4108  4.58627e+02
  4109  4.00805e+02
  4110  3.89376e+02
  4112  4.34012e+02
  4113  3.85316e+02
  4114  3.99776e+02
  4115  3.55124e+02
  4116  3.44113e+02
  4118  3.60881e+02
  4119  3.52588e+02
  4120  3.56915e+02
  4121  2.99240e+02
  4122  3.07714e+02
  4124  3.73665e+02
  4125  3.98415e+02
  4126  3.17470e+02
  4127  3.10220e+02
  4128  3.06467e+02
  4130  2.87526e+02
  4131  3.33489e+02
  4132  3.51251e+02
  4133  2.99135e+02
  4134  3.14900e+02
  4136  3.35524e+02
  4137  3.80550e+02
  4138  3.53438e+02
  4139  3.07291e+02
  4140  2.95550e+02
  4142  3.36266e+02
  4143  3.36912e+02
  4144  3.01310e+02
  4145  3.25816e+02
  4146  3.33354e+02
  4148  3.34461e+02
  4149  3.38815e+02
  4150  2.96734e+02
  4151  3.04310e+02
  4152  2.82544e+02
  4154  2.82550e+02
  4155  3.29761e+02
  4156  3.31339e+02
  4157  3.77711e+02
  4158  2.84847e+02
  4160  3.15076e+02
  4161  2.72052e+02
  4162  3.69369e+02
  4163  3.26967e+02
  4164  2.90685e+02
  4166  2.74597e+02
  4167  2.68531e+02
  4168  3.10079e+02
  4169  2.60969e+02
  4170  3.00385e+02
  4172  3.62700e+02
  4173  3.78557e+02
  4174  3.91787e+02
  4175  3.86313e+02
  4176  3.75827e+02
  4178  3.60945e+02
  4179  4.06099e+02
  4180  3.84047e+02
  4181  4.10119e+02
  4182  4.68730e+02
  4184  4.71849e+02
  4185  4.70671e+02
  4186  4.68186e+02
  4187  5.26024e+02
  4188  5.84327e+02
  4190  5.91424e+02
  4191  6.39248e+02
  4192  5.90598e+02
  4193  6.18175e+02
  4194  5.65376e+02
  4196  5.74669e+02
  4197  5.52510e+02
  4198  5.00818e+02
  4199  4.92467e+02
  4200  4.43789e+02
  4202  5.25679e+02
  4203  4.30276e+02
  4204  4.66942e+02
  4205  4.72157e+02
  4206  4.15008e+02
  4208  3.81267e+02
  4209  3.84917e+02
  4210  3.73160e+02
  4211  3.93546e+02
  4212  3.43551e+02
  4214  3.41440e+02
  4215  3.68927e+02
  4216  3.92345e+02
  4217  3.53432e+02
  4218  3.24376e+02
  4220  3.36158e+02
  4221  3.68596e+02
  4222  3.37859e+02
  4223  3.56490e+02
  4224  4.05173e+02
  4226  3.85546e+02
  4227  3.74818e+02
  4228  3.48088e+02
  4229  3.58972e+02
  4230  3.47606e+02
  4232  3.32542e+02
  4233  3.38724e+02
  4234  2.97939e+02
  4235  3.62734e+02
  4236  3.90749e+02
  4238  3.38694e+02
  4239  4.22722e+02
  4240  3.34936e+02
  4241  3.44792e+02
  4242  3.66686e+02
  4244  2.94165e+02
  4245  2.98498e+02
  4246  2.84545e+02
  4247  3.48742e+02
  4248  3.56660e+02
  4250  3.10004e+02
  4251  3.16691e+02
  4252  3.22707e+02
  4253  3.33756e+02
  4254  3.55038e+02
  4256  3.27877e+02
  4257  3.69661e+02
  4258  3.68450e+02
  4259  3.68985e+02
  4260  3.82743e+02
  4262  3.63010e+02
  4263  3.56721e+02
  4264  3.50529e+02
  4265  3.23536e+02
  4266  3.34733e+02
  4268  3.85096e+02
  4269  4.19934e+02
  4270  3.61781e+02
  4271  3.47176e+02
  4272  3.58462e+02
  4274  3.13739e+02
  4275  2.97041e+02
  4276  3.54692e+02
  4277  3.61772e+02
  4278  3.71284e+02
  4280  3.45019e+02
  4281  2.97632e+02
  4282  3.61043e+02
  4283  3.08191e+02
  4284  3.71758e+02
  4286  4.19740e+02
  4287  4.28401e+02
  4288  3.63459e+02
  4289  2.88769e+02
  4290  3.39060e+02
  4292  4.24805e+02
  4293  3.34383e+02
  4294  3.64790e+02
  4295  3.91896e+02
  4296  4.28325e+02
  4298  3.64571e+02
  4299  3.30600e+02
  4300  4.01763e+02
  4301  3.78826e+02
  4302  3.34726e+02
  4304  3.14657e+02
  4305  3.34554e+02
  4306  4.43136e+02
  4307  4.19283e+02
  4308  4.18407e+02
  4310  4.41676e+02
  4311  4.63671e+02
  4312  4.06337e+02
  4313  4.93008e+02
  4314  4.84689e+02
  4316  4.18071e+02
  4317  3.87126e+02
  4318  4.27759e+02
  4319  5.05978e+02
  4320  4.68666e+02
  4322  4.45297e+02
  4323  5.82027e+02
  4324  5.88028e+02
  4325  5.67112e+02
  4326  5.64936e+02
  4328  6.18356e+02
  4329  9.54207e+02
  4330  1.48816e+03
  4331  2.10837e+03
  4332  2.34138e+03
  4334  2.18318e+03
  4335  1.70267e+03
  4336  1.07368e+03
  4337  6.51070e+02
  4338  5.95094e+02
  4340  5.45334e+02
  4341  4.55438e+02
  4342  4.49257e+02
  4343  5.23293e+02
  4344  4.78240e+02
  4346  4.41494e+02
  4347  4.13815e+02
  4348  4.68461e+02
  4349  4.94336e+02
  4350  4.84460e+02
  4352  4.48234e+02
  4353  5.49732e+02
  4354  5.34300e+02
  4355  4.93821e+02
  4356  4.66164e+02
  4358  4.23600e+02
  4359  3.47967e+02
  4360  3.40833e+02
  4361  4.43084e+02
  4362  4.72486e+02
  4364  4.13100e+02
  4365  3.92940e+02
  4366  4.12215e+02
  4367  4.43971e+02
  4368  4.88037e+02
  4370  4.57680e+02
  4371  4.91355e+02
  4372  4.94360e+02
  4373  4.51938e+02
  4374  4.34536e+02
  4376  4.55228e+02
  4377  4.73968e+02
  4378  4.65829e+02
  4379  4.98360e+02
  4380  4.65845e+02
  4382  4.86365e+02
  4383  4.02979e+02
  4384  4.29992e+02
  4385  4.53434e+02
  4386  4.51284e+02
  4388  3.93676e+02
  4389  4.81683e+02
  4390  3.43902e+02
  4391  4.16830e+02
  4392  4.54394e+02
  4394  4.31478e+02
  4395  5.51466e+02
  4396  3.46761e+02
  4397  4.01336e+02
  4398  4.06774e+02
  4400  3.76931e+02
  4401  4.46219e+02
  4402  3.92696e+02
  4403  3.93487e+02
  4404  4.57672e+02
  4406  3.59169e+02
  4407  3.55474e+02
  4408  5.01116e+02
  4409  3.68512e+02
  4410  3.56181e+02
  4412  3.48529e+02
  4413  3.86001e+02
  4414  3.93665e+02
  4415  4.00505e+02
  4416  4.04838e+02
  4418  3.71185e+02
  4419  3.65900e+02
  4420  3.77530e+02
  4421  3.56645e+02
  4422  3.82540e+02
  4424  4.20570e+02
  4425  4.16385e+02
  4426  3.60915e+02
  4427  3.96378e+02
  4428  4.24056e+02
  4430  4.49747e+02
  4431  4.15743e+02
  4432  4.00821e+02
  4433  4.05354e+02
  4434  3.75759e+02
  4436  3.79176e+02
  4437  4.06610e+02
  4438  3.52406e+02
  4439  3.55510e+02
  4440  3.79943e+02
  4442  3.53485e+02
  4443  3.58644e+02
  4444  3.65295e+02
  4445  3.97157e+02
  4446  3.37374e+02
  4448  4.34233e+02
  4449  3.51728e+02
  4450  4.36262e+02
  4451  4.52658e+02
  4452  4.14051e+02
  4454  4.23157e+02
  4455  4.15045e+02
  4456  4.90602e+02
  4457  4.36021e+02
  4458  5.08365e+02
  4460  4.26041e+02
  4461  5.81543e+02
  4462  5.40715e+02
  4463  5.90424e+02
  4464  5.97993e+02
  4466  5.92481e+02
  4467  4.60856e+02
  4468  4.48298e+02
  4469  4.68783e+02
  4470  4.32899e+02
  4472  4.46689e+02
  4473  3.79138e+02
  4474  4.26595e+02
  4475  4.69961e+02
  4476  4.35618e+02
  4478  4.40984e+02
  4479  4.09970e+02
  4480  4.29818e+02
  4481  4.70146e+02
  4482  4.64438e+02
  4484  4.16347e+02
  4485  4.19999e+02
  4486  4.48984e+02
  4487  4.29805e+02
  4488  4.73426e+02
  4490  4.59707e+02
  4491  4.41180e+02
  4492  4.26652e+02
  4493  4.37161e+02
  4494  4.13474e+02
  4496  4.65109e+02
  4497  5.52349e+02
  4498  5.57080e+02
  4499  5.39974e+02
  4500  5.16541e+02
  4502  6.02790e+02
  4503  6.15177e+02
  4504  5.84846e+02
  4505  5.55336e+02
  4506  5.52029e+02
  4508  5.80458e+02
  4509  6.37576e+02
  4510  5.78948e+02
  4511  5.79472e+02
  4512  6.33204e+02
  4514  5.64024e+02
  4515  5.34279e+02
  4516  5.13823e+02
  4517  5.80356e+02
  4518  6.68910e+02
  4520  5.89384e+02
  4521  5.99693e+02
  4522  6.04401e+02
  4523  6.70678e+02
  4524  6.77583e+02
  4526  7.00867e+02
  4527  7.48812e+02
  4528  6.72522e+02
  4529  7.13238e+02
  4530  8.12764e+02
  4532  8.70896e+02
  4533  9.43862e+02
  4534  8.93217e+02
  4535  8.79782e+02
  4536  8.86299e+02
  4538  8.88084e+02
  4539  8.99066e+02
  4540  8.04602e+02
  4541  7.34749e+02
  4542  6.69740e+02
  4544  6.87511e+02
  4545  5.39001e+02
  4546  5.57653e+02
  4547  5.74815e+02
  4548  5.50170e+02
  4550  5.08829e+02
  4551  5.35430e+02
  4552  4.65611e+02
  4553  4.41131e+02
  4554  4.26083e+02
  4556  4.48333e+02
  4557  4.34867e+02
  4558  5.35965e+02
  4559  5.11172e+02
  4560  3.84401e+02
  4562  4.34220e+02
  4563  5.13930e+02
  4564  4.73658e+02
  4565  4.45113e+02
  4566  4.29576e+02
  4568  4.69403e+02
  4569  5.09530e+02
  4570  4.73561e+02
  4571  4.49181e+02
  4572  4.65406e+02
  4574  4.95879e+02
  4575  5.11130e+02
  4576  4.74035e+02
  4577  4.53271e+02
  4578  4.26000e+02
  4580  4.19984e+02
  4581  4.57147e+02
  4582  4.75770e+02
  4583  4.03737e+02
  4584  3.52934e+02
  4586  4.21248e+02
  4587  4.48973e+02
  4588  4.75268e+02
  4589  4.88653e+02
  4590  5.24424e+02
  4592  6.55648e+02
  4593  6.67984e+02
  4594  7.07731e+02
  4595  8.45836e+02
  4596  8.51362e+02
  4598  8.24134e+02
  4599  7.82262e+02
  4600  7.05262e+02
  4601  6.70584e+02
  4602  5.70216e+02
  4604  6.01483e+02
  4605  6.40568e+02
  4606  5.60881e+02
  4607  5.03465e+02
  4608  6.66259e+02
  4610  6.97417e+02
  4611  7.88989e+02
  4612  8.48229e+02
  4613  8.12299e+02
  4614  7.98920e+02
  4616  8.26532e+02
  4617  8.48578e+02
  4618  7.63130e+02
  4619  7.77571e+02
  4620  8.14760e+02
  4622  8.47011e+02
  4623  9.17288e+02
  4624  8.48327e+02
  4625  8.63071e+02
  4626  8.46691e+02
  4628  8.96103e+02
  4629  8.71015e+02
  4630  8.92686e+02
  4631  8.47810e+02
  4632  8.24973e+02
  4634  9.45143e+02
  4635  9.30935e+02
  4636  7.57066e+02
  4637  7.98010e+02
  4638  7.98156e+02
  4640  7.91365e+02
  4641  7.66973e+02
  4642  7.16493e+02
  4643  6.94214e+02
  4644  6.76843e+02
  4646  6.35320e+02
  4647  5.99111e+02
  4648  6.01543e+02
  4649  6.43760e+02
  4650  5.71080e+02
  4652  6.35296e+02
  4653  5.74112e+02
  4654  6.14230e+02
  4655  6.08314e+02
  4656  6.69963e+02
  4658  6.67892e+02
  4659  7.34841e+02
  4660  8.75093e+02
  4661  1.01545e+03
  4662  1.16386e+03
  4664  1.37238e+03
  4665  1.59389e+03
  4666  1.82807e+03
  4667  2.15569e+03
  4668  2.56872e+03
  4670  3.01976e+03
  4671  3.31176e+03
  4672  3.69010e+03
  4673  3.93460e+03
  4674  4.03262e+03
  4676  4.15692e+03
  4677  4.26310e+03
  4678  4.34959e+03
  4679  4.35475e+03
  4680  4.23026e+03
  4682  4.12107e+03
  4683  3.91317e+03
  4684  3.58746e+03
  4685  3.38560e+03
  4686  3.05171e+03
  4688  2.79568e+03
  4689  2.54828e+03
  4690  2.23094e+03
  4691  1.96867e+03
  4692  1.77573e+03
  4694  1.53961e+03
  4695  1.30609e+03
  4696  1.09787e+03
  4697  1.01633e+03
  4698  9.03338e+02
  4700  8.58881e+02
  4701  7.86519e+02
  4702  7.08144e+02
  4703  7.29249e+02
  4704  7.10230e+02
  4706  6.29206e+02
  4707  6.13483e+02
  4708  5.93403e+02
  4709  6.05495e+02
  4710  6.24102e+02
  4712  5.62348e+02
  4713  5.55377e+02
  4714  6.38291e+02
  4715  5.12159e+02
  4716  5.52275e+02
  4718  5.22854e+02
  4719  4.85478e+02
  4720  4.91665e+02
  4721  4.77379e+02
  4722  5.39811e+02
  4724  5.13115e+02
  4725  4.61356e+02
  4726  5.40820e+02
  4727  4.46197e+02
  4728  4.91039e+02
  4730  5.71007e+02
  4731  4.85439e+02
  4732  5.91779e+02
  4733  5.36812e+02
  4734  4.32729e+02
  4736  4.44749e+02
  4737  4.43021e+02
  4738  4.63097e+02
  4739  4.64754e+02
  4740  4.61606e+02
  4742  5.03475e+02
  4743  4.55924e+02
  4744  3.95320e+02
  4745  4.80822e+02
  4746  4.72886e+02
  4748  4.93208e+02
  4749  4.74905e+02
  4750  4.44869e+02
  4751  3.80548e+02
  4752  4.95826e+02
  4754  4.91124e+02
  4755  5.46489e+02
  4756  3.96649e+02
  4757  4.00858e+02
  4758  4.84933e+02
  4760  4.34551e+02
  4761  4.85705e+02
  4762  4.77219e+02
  4763  5.11342e+02
  4764  4.93556e+02
  4766  5.10834e+02
  4767  4.66473e+02
  4768  4.51687e+02
  4769  4.58862e+02
  4770  4.53598e+02
  4772  4.37757e+02
  4773  4.58338e+02
  4774  4.66597e+02
  4775  4.53959e+02
  4776  4.61598e+02
  4778  5.36951e+02
  4779  5.12182e+02
  4780  4.61345e+02
  4781  4.92874e+02
  4782  4.45446e+02
  4784  5.11960e+02
  4785  4.04093e+02
  4786  4.59936e+02
  4787  4.36027e+02
  4788  3.92190e+02
  4790  4.02075e+02
  4791  4.58438e+02
  4792  4.91091e+02
  4793  4.31964e+02
  4794  4.33584e+02
  4796  4.97828e+02
  4797  4.65141e+02
  4798  4.18207e+02
  4799  5.29288e+02
  4800  5.30902e+02
  4802  4.96488e+02
  4803  4.81940e+02
  4804  3.78950e+02
  4805  3.99000e+02
  4806  4.64140e+02
  4808  4.70430e+02
  4809  4.79391e+02
  4810  4.28008e+02
  4811  4.22470e+02
  4812  4.64827e+02
  4814  4.70634e+02
  4815  4.45892e+02
  4816  4.31143e+02
  4817  4.59414e+02
  4818  4.18135e+02
  4820  4.28300e+02
  4821  4.02369e+02
  4822  4.19763e+02
  4823  4.88241e+02
  4824  4.50184e+02
  4826  4.34006e+02
  4827  4.59623e+02
  4828  4.40428e+02
  4829  4.28104e+02
  4830  4.21125e+02
  4832  5.00269e+02
  4833  4.63451e+02
  4834  5.17817e+02
  4835  5.72486e+02
  4836  5.60011e+02
  4838  5.12760e+02
  4839  5.44054e+02
  4840  6.52353e+02
  4841  7.53010e+02
  4842  7.96120e+02
  4844  8.39157e+02
  4845  8.87000e+02
  4846  9.64155e+02
  4847  1.09860e+03
  4848  1.65303e+03
  4850  3.12260e+03
  4851  4.83765e+03
  4852  5.77390e+03
  4853  5.51181e+03
  4854  4.28413e+03
  4856  2.65113e+03
  4857  1.53586e+03
  4858  1.08406e+03
  4859  9.19166e+02
  4860  8.91793e+02
  4862  8.04323e+02
  4863  7.31032e+02
  4864  6.52936e+02
  4865  6.62276e+02
  4866  6.59834e+02
  4868  5.75713e+02
  4869  5.30496e+02
  4870  5.32983e+02
  4871  5.27562e+02
  4872  5.16489e+02
  4874  5.12766e+02
  4875  4.93695e+02
  4876  5.02368e+02
  4877  5.15202e+02
  4878  5.07348e+02
  4880  4.91296e+02
  4881  4.25010e+02
  4882  4.46443e+02
  4883  5.17852e+02
  4884  4.68748e+02
  4886  5.03540e+02
  4887  4.72449e+02
  4888  4.81929e+02
  4889  4.55568e+02
  4890  4.45798e+02
  4892  4.48839e+02
  4893  4.75720e+02
  4894  5.39761e+02
  4895  5.47154e+02
  4896  5.22245e+02
  4898  5.31812e+02
  4899  5.29684e+02
  4900  5.66895e+02
  4901  5.39610e+02
  4902  4.75436e+02
  4904  5.16622e+02
  4905  5.34933e+02
  4906  4.89301e+02
  4907  4.86732e+02
  4908  5.33930e+02
  4910  5.37808e+02
  4911  5.93541e+02
  4912  5.80696e+02
  4913  5.63365e+02
  4914  5.60274e+02
  4916  5.49704e+02
  4917  5.26899e+02
  4918  5.53724e+02
  4919  5.49337e+02
  4920  5.10573e+02
  4922  5.08788e+02
  4923  5.38792e+02
  4924  5.69476e+02
  4925  6.05437e+02
  4926  5.64469e+02
  4928  5.43707e+02
  4929  5.35783e+02
  4930  5.42875e+02
  4931  5.65234e+02
  4932  6.49165e+02
  4934  6.34078e+02
  4935  5.69331e+02
  4936  5.52582e+02
  4937  5.83872e+02
  4938  5.88584e+02
  4940  5.24575e+02
  4941  4.84252e+02
  4942  5.68582e+02
  4943  5.79133e+02
  4944  7.57937e+02
  4946  1.72594e+03
  4947  4.29325e+03
  4948  7.94162e+03
  4949  1.03876e+04
  4950  1.05451e+04
  4952  8.47475e+03
  4953  4.99902e+03
  4954  2.14764e+03
  4955  8.26045e+02
  4956  5.48600e+02
  4958  5.24034e+02
  4959  4.80610e+02
  4960  5.04574e+02
  4961  5.38593e+02
  4962  4.92430e+02
  4964  4.89810e+02
  4965  4.76792e+02
  4966  4.58048e+02
  4967  4.50635e+02
  4968  4.60427e+02
  4970  4.59027e+02
  4971  4.31787e+02
  4972  4.81102e+02
  4973  4.91149e+02
  4974  4.21490e+02
  4976  4.39901e+02
  4977  4.51203e+02
  4978  4.41347e+02
  4979  4.78535e+02
  4980  4.94938e+02
  4982  5.51407e+02
  4983  4.69888e+02
  4984  4.11442e+02
  4985  3.97164e+02
  4986  4.48033e+02
  4988  5.08914e+02
  4989  5.17317e+02
  4990  4.96306e+02
  4991  5.89924e+02
  4992  1.34722e+03
  4994  4.75574e+03
  4995  1.34804e+04
  4996  2.45126e+04
  4997  3.13376e+04
  4998  3.12495e+04
  5000  2.39746e+04
  5001  1.30607e+04
  5002  5.02418e+03
  5003  1.62427e+03
  5004  8.09438e+02
  5006  6.85983e+02
  5007  6.06628e+02
  5008  5.75338e+02
  5009  5.31514e+02
  5010  4.74706e+02
  5012  4.78379e+02
  5013  4.75537e+02
  5014  4.77244e+02
  5015  4.92241e+02
  5016  4.79870e+02
  5018  4.21817e+02
  5019  4.30018e+02
  5020  4.67393e+02
  5021  4.60979e+02
  5022  5.10577e+02
  5024  5.05721e+02
  5025  4.50566e+02
  5026  4.66726e+02
  5027  4.67220e+02
  5028  4.48091e+02
  5030  4.17265e+02
  5031  4.60443e+02
  5032  5.16477e+02
  5033  4.96332e+02
  5034  4.73186e+02
  5036  4.80740e+02
  5037  4.66516e+02
  5038  5.20128e+02
  5039  4.40368e+02
  5040  3.97552e+02
  5042  4.90520e+02
  5043  4.82296e+02
  5044  4.91379e+02
  5045  4.80445e+02
  5046  5.11766e+02
  5048  4.99390e+02
  5049  4.68181e+02
  5050  5.02517e+02
  5051  4.72774e+02
  5052  4.64567e+02
  5054  4.76255e+02
  5055  4.70191e+02
  5056  5.03574e+02
  5057  5.01993e+02
  5058  4.56039e+02
  5060  5.25055e+02
  5061  4.99197e+02
  5062  4.87258e+02
  5063  4.83340e+02
  5064  4.82163e+02
  5065  4.92021e+02
  5067  4.78742e+02
  5068  4.84839e+02
  5069  4.98462e+02
  5070  4.96733e+02
  5071  4.72008e+02
  5073  4.90803e+02
  5074  4.50792e+02
  5075  4.35170e+02
  5076  4.65627e+02
  5077  3.41877e+02
  5079  3.40784e+02
  5080  3.97219e+02
  5081  5.35070e+02
  5082  4.54565e+02
  5083  4.64265e+02
  5085  4.70103e+02
  5086  4.16742e+02
  5087  4.63931e+02
  5088  4.94661e+02
  5089  4.66411e+02
  5091  5.01948e+02
  5092  4.36681e+02
  5093  4.55093e+02
  5094  4.94477e+02
  5095  5.04919e+02
  5097  4.80318e+02
  5098  4.13867e+02
  5099  4.05815e+02
  5100  4.74233e+02
  5101  4.93788e+02
  5103  4.89862e+02
  5104  5.04332e+02
  5105  4.63804e+02
  5106  4.43701e+02
  5107  5.01041e+02
  5109  4.48216e+02
  5110  4.70345e+02
  5111  4.75097e+02
  5112  3.65853e+02
  5113  4.86161e+02
  5115  4.91895e+02
  5116  5.08432e+02
  5117  4.73818e+02
  5118  4.64011e+02
  5119  4.72564e+02
  5121  4.12693e+02
  5122  4.89283e+02
  5123  5.13366e+02
  5124  4.89891e+02
  5125  4.76312e+02
  5127  3.62986e+02
  5128  4.86042e+02
  5129  4.74073e+02
  5130  4.45110e+02
  5131  5.02484e+02
  5133  4.55391e+02
  5134  4.77413e+02
  5135  4.80007e+02
  5136  4.77103e+02
  5137  4.78431e+02
  5139  4.96665e+02
  5140  5.03158e+02
  5141  4.92300e+02
  5142  5.08650e+02
  5143  4.90623e+02
  5145  4.94379e+02
  5146  5.38387e+02
  5147  4.14039e+02
  5148  4.64350e+02
  5149  4.88302e+02
  5151  4.02857e+02
  5152  4.56224e+02
  5153  5.30063e+02
  5154  4.87483e+02
  5155  4.87642e+02
  5157  4.63901e+02
  5158  4.11832e+02
  5159  4.51119e+02
  5160  4.59058e+02
  5161  5.14637e+02
  5163  5.06338e+02
  5164  5.95536e+02
  5165  4.89873e+02
  5166  4.87287e+02
  5167  4.59215e+02
  5169  4.66360e+02
  5170  5.36776e+02
  5171  5.24603e+02
  5172  4.61529e+02
  5173  4.75259e+02
  5175  5.10525e+02
  5176  4.50181e+02
  5177  5.56180e+02
  5178  4.72085e+02
  5179  5.19540e+02
  5181  5.18630e+02
  5182  5.41229e+02
  5183  4.88930e+02
  5184  5.04718e+02
  5185  5.65982e+02
  5187  6.45551e+02
  5188  7.04439e+02
  5189  5.68396e+02
  5190  6.06293e+02
  5191  5.93182e+02
  5193  5.93898e+02
  5194  5.83286e+02
  5195  5.76598e+02
  5196  5.63529e+02
  5197  5.99599e+02
  5199  5.49182e+02
  5200  4.83103e+02
  5201  4.69906e+02
  5202  5.01325e+02
  5203  5.38297e+02
  5205  5.08951e+02
  5206  4.97186e+02
  5207  5.02299e+02
  5208  5.44768e+02
  5209  5.00636e+02
  5211  5.61529e+02
  5212  5.14073e+02
  5213  5.18656e+02
  5214  4.71247e+02
  5215  4.98831e+02
  5217  5.30476e+02
  5218  4.88864e+02
  5219  4.67808e+02
  5220  5.08172e+02
  5221  5.14518e+02
  5223  5.00090e+02
  5224  4.51064e+02
  5225  4.95516e+02
  5226  5.08398e+02
  5227  4.94516e+02
  5229  5.16728e+02
  5230  5.56570e+02
  5231  5.61350e+02
  5232  4.79007e+02
  5233  6.08591e+02
  5235  5.49311e+02
  5236  4.65309e+02
  5237  4.67127e+02
  5238  4.85498e+02
  5239  5.33006e+02
  5241  5.09502e+02
  5242  5.03337e+02
  5243  5.55092e+02
  5244  5.44655e+02
  5245  4.81392e+02
  5247  4.86545e+02
  5248  4.27425e+02
  5249  4.73353e+02
  5250  5.59368e+02
  5251  5.37960e+02
  5253  6.33684e+02
  5254  5.59112e+02
  5255  5.33146e+02
  5256  5.53734e+02
  5257  4.63151e+02
  5259  4.58377e+02
  5260  5.08947e+02
  5261  4.65999e+02
  5262  4.91480e+02
  5263  4.83374e+02
  5265  5.11047e+02
  5266  5.11512e+02
  5267  4.48167e+02
  5268  5.28306e+02
  5269  4.97553e+02
  5271  5.44171e+02
  5272  4.84133e+02
  5273  5.13531e+02
  5274  4.91481e+02
  5275  5.21957e+02
  5277  4.63428e+02
  5278  4.53806e+02
  5279  5.01337e+02
  5280  5.01176e+02
  5281  5.87809e+02
  5283  5.35478e+02
  5284  4.83665e+02
  5285  5.13079e+02
  5286  5.38712e+02
  5287  4.44984e+02
  5289  5.05586e+02
  5290  5.03070e+02
  5291  4.97046e+02
  5292  4.83384e+02
  5293  4.30790e+02
  5295  4.91866e+02
  5296  4.94383e+02
  5297  5.30827e+02
  5298  4.94162e+02
  5299  4.48049e+02
  5301  4.39886e+02
  5302  4.82847e+02
  5303  5.56142e+02
  5304  4.44747e+02
  5305  5.02250e+02
  5307  5.01222e+02
  5308  4.60590e+02
  5309  4.71765e+02
  5310  4.56575e+02
  5311  3.86971e+02
  5313  4.45272e+02
  5314  4.22346e+02
  5315  4.90528e+02
  5316  4.94829e+02
  5317  5.75650e+02
  5319  4.90715e+02
  5320  5.12412e+02
  5321  4.93684e+02
  5322  4.62111e+02
  5323  4.75510e+02
  5325  4.73030e+02
  5326  4.58684e+02
  5327  4.51788e+02
  5328  4.28877e+02
  5329  4.66808e+02
  5331  4.99842e+02
  5332  5.02117e+02
  5333  4.97766e+02
  5334  4.77401e+02
  5335  4.56919e+02
  5337  4.91065e+02
  5338  4.72589e+02
  5339  5.32226e+02
  5340  4.67688e+02
  5341  4.39154e+02
  5343  5.14176e+02
  5344  5.42354e+02
  5345  5.62834e+02
  5346  5.15530e+02
  5347  5.21072e+02
  5349  6.21909e+02
  5350  5.36114e+02
  5351  5.10579e+02
  5352  5.08084e+02
  5353  4.20808e+02
  5355  4.31938e+02
  5356  4.86887e+02
  5357  4.85200e+02
  5358  4.49304e+02
  5359  4.05377e+02
  5361  4.28626e+02
  5362  4.56474e+02
  5363  5.41508e+02
  5364  5.37510e+02
  5365  4.55062e+02
  5367  4.70519e+02
  5368  4.82848e+02
  5369  5.07948e+02
  5370  5.29227e+02
  5371  4.94673e+02
  5373  5.69256e+02
  5374  4.56955e+02
  5375  4.93570e+02
  5376  5.45500e+02
  5377  5.49614e+02
  5379  5.78706e+02
  5380  4.77905e+02
  5381  5.46471e+02
  5382  5.53280e+02
  5383  6.89580e+02
  5385  5.33333e+02
  5386  6.58874e+02
  5387  7.25032e+02
  5388  6.80992e+02
  5389  7.99235e+02
  5391  8.83068e+02
  5392  9.24247e+02
  5393  9.54884e+02
  5394  1.06768e+03
  5395  1.04637e+03
  5397  1.16763e+03
  5398  1.31620e+03
  5399  1.17405e+03
  5400  1.34530e+03
  5401  1.40267e+03
  5403  1.39805e+03
  5404  1.38004e+03
  5405  1.44025e+03
  5406  1.35498e+03
  5407  1.37218e+03
  5409  1.29139e+03
  5410  1.22694e+03
  5411  1.11837e+03
  5412  9.86562e+02
  5413  9.43964e+02
  5415  9.73083e+02
  5416  8.69230e+02
  5417  8.33147e+02
  5418  7.91206e+02
  5419  7.24457e+02
  5421  7.19416e+02
  5422  6.75710e+02
  5423  5.59497e+02
  5424  5.34742e+02
  5425  5.33736e+02
  5427  5.23539e+02
  5428  4.98979e+02
  5429  5.33332e+02
  5430  5.45440e+02
  5431  5.77875e+02
  5433  5.36844e+02
  5434  4.80052e+02
  5435  4.35069e+02
  5436  5.39071e+02
  5437  6.10378e+02
  5439  5.85752e+02
  5440  5.31596e+02
  5441  5.59943e+02
  5442  5.27523e+02
  5443  4.71428e+02
  5445  4.90657e+02
  5446  4.94423e+02
  5447  5.20025e+02
  5448  5.64873e+02
  5449  5.18720e+02
  5451  5.18020e+02
  5452  5.23206e+02
  5453  6.00192e+02
  5454  6.56513e+02
  5455  5.96350e+02
  5457  5.32077e+02
  5458  4.42061e+02
  5459  4.15163e+02
  5460  4.79430e+02
  5461  5.09423e+02
  5463  5.75866e+02
  5464  5.04434e+02
  5465  5.54213e+02
  5466  4.84639e+02
  5467  4.63717e+02
  5469  5.19203e+02
  5470  4.96948e+02
  5471  5.10413e+02
  5472  5.89862e+02
  5473  5.12497e+02
  5475  5.76582e+02
  5476  5.38104e+02
  5477  6.12190e+02
  5478  4.64931e+02
  5479  5.40650e+02
  5481  4.91097e+02
  5482  5.42070e+02
  5483  5.40910e+02
  5484  4.73150e+02
  5485  4.08057e+02
  5487  6.09820e+02
  5488  5.15459e+02
  5489  5.38871e+02
  5490  5.47630e+02
  5491  6.09282e+02
  5493  5.48052e+02
  5494  5.68935e+02
  5495  5.28972e+02
  5496  5.36819e+02
  5497  4.71879e+02
  5499  4.88644e+02
  5500  4.88816e+02
  5501  4.26518e+02
  5502  5.28030e+02
  5503  5.12905e+02
  5505  5.07939e+02
  5506  4.83691e+02
  5507  5.31361e+02
  5508  5.83431e+02
  5509  4.94073e+02
  5511  4.62115e+02
  5512  4.86571e+02
  5513  5.29986e+02
  5514  5.48075e+02
  5515  5.15251e+02
  5517  5.59830e+02
  5518  5.61118e+02
  5519  4.86426e+02
  5520  4.86725e+02
  5521  4.50711e+02
  5523  4.87184e+02
  5524  4.83118e+02
  5525  4.82030e+02
  5526  5.12313e+02
  5527  5.65661e+02
  5529  5.18546e+02
  5530  4.63714e+02
  5531  4.40257e+02
  5532  4.90625e+02
  5533  6.08739e+02
  5535  5.37270e+02
  5536  4.95283e+02
  5537  4.68043e+02
  5538  5.10530e+02
  5539  5.16305e+02
  5541  4.68041e+02
  5542  5.26587e+02
  5543  3.93210e+02
  5544  4.76946e+02
  5545  4.43552e+02
  5547  5.41137e+02
  5548  5.11766e+02
  5549  4.16795e+02
  5550  5.86702e+02
  5551  5.18274e+02
  5553  4.43524e+02
  5554  5.00272e+02
  5555  5.38510e+02
  5556  4.83310e+02
  5557  5.66829e+02
  5559  5.57586e+02
  5560  5.45850e+02
  5561  4.98406e+02
  5562  4.86112e+02
  5563  4.10825e+02
  5565  5.56751e+02
  5566  5.84997e+02
  5567  5.15817e+02
  5568  4.81273e+02
  5569  4.53446e+02
  5571  5.62941e+02
  5572  3.45996e+02
  5573 -3.19165e+02
  5574  1.14046e+03
  5575  6.91253e+02
  5577  8.15126e+02
  5578 -1.46275e+02
  5579 -1.43806e+03
  5580  4.55522e+02
  5581  2.53945e+03
  5583  1.27259e+03
  5584  6.98184e+02
  5585  5.30782e+02
  5586  4.35780e+02
  5587  4.56374e+02
  5589  4.67299e+02
  5590  4.91523e+02
  5591  4.73228e+02
  5592  4.67231e+02
  5593  4.89304e+02
  5595  5.11277e+02
  5596  4.96735e+02
  5597  4.82618e+02
  5598  4.38809e+02
  5599  4.56284e+02
  5601  5.12573e+02
  5602  4.94205e+02
  5603  4.90348e+02
  5604  5.21066e+02
  5605  4.23715e+02
  5607  4.84439e+02
  5608  5.42912e+02
  5609  5.33158e+02
  5610  4.52462e+02
  5611  5.13180e+02
  5613  5.36079e+02
  5614  4.97267e+02
  5615  5.19091e+02
  5616  4.26220e+02
  5617  5.19170e+02
  5619  4.56934e+02
  5620  5.23954e+02
  5621  5.57759e+02
  5622  4.85644e+02
  5623  5.80093e+02
  5625  5.40480e+02
  5626  4.87101e+02
  5627  5.30363e+02
  5628  5.20459e+02
  5629  4.39513e+02
  5631  5.29628e+02
  5632  5.48830e+02
  5633  4.54136e+02
  5634  4.68405e+02
  5635  5.73924e+02
  5637  4.79805e+02
  5638  4.94445e+02
  5639  5.01854e+02
  5640  4.77001e+02
  5641  4.36959e+02
  5643  4.93460e+02
  5644  5.14877e+02
  5645  5.31640e+02
  5646  5.19905e+02
  5647  4.55612e+02
  5649  4.87182e+02
  5650  5.17964e+02
  5651  4.57796e+02
  5652  5.06479e+02
  5653  5.22468e+02
  5655  5.37999e+02
  5656  5.12146e+02
  5657  4.51992e+02
  5658  5.29849e+02
  5659  5.33633e+02
  5661  5.00390e+02
  5662  4.59390e+02
  5663  4.20258e+02
  5664  4.48744e+02
  5665  5.29780e+02
  5667  5.34631e+02
  5668  5.39014e+02
  5669  5.28893e+02
  5670  4.87972e+02
  5671  4.79524e+02
  5673  4.98215e+02
  5674  5.04066e+02
  5675  5.07802e+02
  5676  5.20060e+02
  5677  4.91075e+02
  5679  4.10201e+02
  5680  3.89153e+02
  5681  3.93235e+02
  5682  5.27723e+02
  5683  4.77167e+02
  5685  5.95070e+02
  5686  4.63833e+02
  5687  5.38596e+02
  5688  4.50267e+02
  5689  5.52029e+02
  5691  4.79875e+02
  5692  4.64021e+02
  5693  4.19887e+02
  5694  4.95348e+02
  5695  4.75931e+02
  5697  5.02518e+02
  5698  4.50598e+02
  5699  5.01528e+02
  5700  4.83222e+02
  5701  5.24800e+02
  5703  5.21509e+02
  5704  5.63777e+02
  5705  4.86608e+02
  5706  4.80178e+02
  5707  4.90009e+02
  5709  4.83514e+02
  5710  4.77694e+02
  5711  4.93080e+02
  5712  4.91318e+02
  5713  4.46955e+02
  5715  4.93718e+02
  5716  5.52156e+02
  5717  5.20653e+02
  5718  4.51247e+02
  5719  4.69451e+02
  5721  4.78877e+02
  5722  4.73022e+02
  5723  5.20810e+02
  5724  5.66415e+02
  5725  5.17469e+02
  5727  5.47416e+02
  5728  5.48321e+02
  5729  5.19048e+02
  5730  4.90626e+02
  5731  4.64969e+02
  5733  4.50191e+02
  5734  4.54355e+02
  5735  4.59360e+02
  5736  5.20003e+02
  5737  4.69183e+02
  5739  4.44315e+02
  5740  5.12158e+02
  5741  4.74571e+02
  5742  4.57473e+02
  5743  5.07356e+02
  5745  5.83703e+02
  5746  4.87597e+02
  5747  4.72694e+02
  5748  4.94680e+02
  5749  5.02721e+02
  5751  5.10394e+02
  5752  4.93910e+02
  5753  4.90633e+02
  5754  3.86610e+02
  5755  4.09305e+02
  5757  4.39026e+02
  5758  4.59637e+02
  5759  4.70654e+02
  5760  5.25856e+02
  5761  5.28746e+02
  5763  4.78569e+02
  5764  4.78777e+02
  5765  5.21845e+02
  5766  5.31529e+02
  5767  4.82469e+02
  5769  5.85425e+02
  5770  6.18612e+02
  5771  6.32811e+02
  5772  6.76901e+02
  5773  7.38885e+02
  5775  7.68542e+02
  5776  7.65256e+02
  5777  7.64193e+02
  5778  7.62856e+02
  5779  7.73518e+02
  5781  6.74821e+02
  5782  6.93043e+02
  5783  8.61201e+02
  5784  7.71884e+02
  5785  1.02496e+03
  5787  1.30771e+03
  5788  1.25724e+03
  5789  1.16682e+03
  5790  1.27016e+03
  5791  1.31732e+03
  5793  1.27434e+03
  5794  1.37888e+03
  5795  1.26210e+03
  5796  1.24084e+03
  5797  1.31719e+03
  5799  1.21721e+03
  5800  1.05971e+03
  5801  1.06194e+03
  5802  9.08222e+02
  5803  1.12363e+03
  5805  9.92530e+02
  5806  9.38698e+02
  5807  1.02528e+03
  5808  1.02592e+03
  5809  8.55865e+02
  5811  8.39877e+02
  5812  7.39480e+02
  5813  6.83531e+02
  5814  6.44022e+02
  5815  6.12050e+02
  5817  5.93022e+02
  5818  5.22545e+02
  5819  5.91032e+02
  5820  5.71365e+02
  5821  5.60874e+02
  5823  4.73957e+02
  5824  5.32183e+02
  5825  6.07856e+02
  5826  5.86484e+02
  5827  5.70654e+02
  5829  4.85000e+02
  5830  5.06528e+02
  5831  5.54378e+02
  5832  5.89733e+02
  5833  5.42264e+02
  5835  5.66642e+02
  5836  5.11705e+02
  5837  5.85068e+02
  5838  4.43508e+02
  5839  4.00638e+02
  5841  4.37023e+02
  5842  4.04328e+02
  5843  3.51145e+02
  5844  3.48896e+02
  5845  3.84517e+02
  5847  4.01838e+02
  5848  5.45159e+02
  5849  4.54136e+02
  5850  5.60718e+02
  5851  6.73768e+02
  5853  6.59061e+02
  5854  7.10470e+02
  5855  6.25767e+02
  5856  5.57802e+02
  5857  6.76190e+02
  5859  6.97208e+02
  5860  6.67138e+02
  5861  7.60453e+02
  5862  9.47730e+02
  5863  1.52736e+03
  5865  1.59067e+03
  5866  1.25985e+03
  5867  1.16833e+03
  5868  8.66259e+02
  5869  7.36629e+02
  5871  6.48459e+02
  5872  5.54631e+02
  5873  4.77756e+02
  5874  6.01171e+02
  5875  5.90787e+02
  5877  6.01281e+02
  5878  5.85289e+02
  5879  5.71684e+02
  5880  5.77050e+02
  5881  5.38943e+02
  5883  5.36199e+02
  5884  5.57003e+02
  5885  5.98656e+02
  5886  6.16162e+02
  5887  2.80037e+02
  5889  2.67468e+02
  5890  3.60405e+02
  5891  2.52838e+02
  5892  2.38594e+02
  5893  4.00705e+02
  5895  4.29967e+02
  5896  4.48290e+02
  5897  4.26420e+02
  5898  5.95697e+02
  5899  4.98492e+02
  5901  3.66691e+02
  5902  4.31564e+02
  5903  5.14375e+02
  5904  5.24567e+02
  5905  4.95386e+02
  5907  4.70725e+02
  5908  4.12210e+02
  5909  4.37000e+02
  5910  5.19334e+02
  5911  3.10109e+02
  5913  4.42595e+02
  5914  4.84839e+02
  5915  5.42235e+02
  5916  4.32225e+02
  5917  4.87535e+02
  5919  3.40845e+02
  5920  3.92765e+02
  5921  4.44094e+02
  5922  4.17821e+02
  5923  4.89828e+02
  5925  5.09173e+02
  5926  5.27542e+02
  5927  5.43301e+02
  5928  5.01854e+02
  5929  4.22091e+02
  5931  4.09265e+02
  5932  4.39836e+02
  5933  4.98108e+02
  5934  4.11952e+02
  5935  4.04891e+02
  5937  4.15812e+02
  5938  4.84980e+02
  5939  5.56917e+02
  5940  5.16154e+02
  5941  5.21523e+02
  5943  5.24560e+02
  5944  4.70182e+02
  5945  4.37660e+02
  5946  3.97357e+02
  5947  4.73314e+02
  5949  4.77593e+02
  5950  4.95533e+02
  5951  5.02384e+02
  5952  5.33581e+02
  5953  5.26785e+02
  5955  4.52936e+02
  5956  5.10574e+02
  5957  5.17190e+02
  5958  4.52186e+02
  5959  5.12530e+02
  5961  5.35216e+02
  5962  3.98868e+02
  5963  4.13222e+02
  5964  4.32940e+02
  5965  5.54733e+02
  5967  5.49908e+02
  5968  5.30646e+02
  5969  4.45996e+02
  5970  4.29463e+02
  5971  4.23503e+02
  5973  5.11424e+02
  5974  4.59111e+02
  5975  4.75593e+02
  5976  5.35556e+02
  5977  4.23785e+02
  5979  4.07860e+02
  5980  4.17214e+02
  5981  4.92452e+02
  5982  5.08975e+02
  5983  4.50352e+02
  5985  6.47842e+02
  5986  5.86148e+02
  5987  4.53710e+02
  5988  5.07427e+02
  5989  4.97014e+02
  5991  4.83636e+02
  5992  4.93099e+02
  5993  4.44632e+02
  5994  4.44505e+02
  5995  4.80581e+02
  5997  5.04741e+02
  5998  4.60761e+02
  5999  4.92970e+02
  6000  4.41607e+02
  6001  5.22972e+02
  6003  5.26391e+02
  6004  4.52116e+02
  6005  4.18742e+02
  6006  3.81485e+02
  6007  4.76752e+02
  6009  4.64899e+02
  6010  5.36559e+02
  6011  5.17614e+02
  6012  5.40503e+02
  6013  3.97068e+02
  6015  5.03588e+02
  6016  4.15666e+02
  6017  4.70518e+02
  6018  3.58662e+02
  6019  4.48321e+02
  6021  5.22881e+02
  6022  5.68851e+02
  6023  5.02940e+02
  6024  4.66307e+02
  6025  4.65332e+02
  6027  4.29340e+02
  6028  4.55361e+02
  6029  5.47570e+02
  6030  5.46154e+02
  6031  4.77610e+02
  6033  4.52332e+02
  6034  4.80276e+02
  6035  5.30365e+02
  6036  5.19594e+02
  6037  4.85478e+02
  6039  5.25245e+02
  6040  4.25086e+02
  6041  4.65955e+02
  6042  4.25901e+02
  6043  3.42523e+02
  6045  3.71491e+02
  6046  5.23796e+02
  6047  5.31980e+02
  6048  4.56876e+02
  6049  4.72847e+02
  6051  4.74787e+02
  6052  4.53790e+02
  6053  4.29440e+02
  6054  4.46246e+02
  6055  4.93549e+02
  6057  5.08861e+02
  6058  4.21439e+02
  6059  4.39766e+02
  6060  4.39574e+02
  6061  4.09117e+02
  6063  5.61734e+02
  6064  5.31657e+02
  6065  5.29317e+02
  6066  4.94815e+02
  6067  4.86894e+02
  6069  5.33342e+02
  6070  4.81081e+02
  6071  5.28634e+02
  6072  5.31941e+02
  6073  5.09799e+02
  6075  5.31092e+02
  6076  5.13134e+02
  6077  4.61461e+02
  6078  4.07787e+02
  6079  5.35122e+02
  6081  4.96243e+02
  6082  5.29602e+02
  6083  5.14093e+02
  6084  4.83678e+02
  6085  4.42291e+02
  6087  4.44087e+02
  6088  4.55294e+02
  6089  4.74869e+02
  6090  4.77431e+02
  6091  3.99229e+02
  6093  4.53490e+02
  6094  4.26036e+02
  6095  4.11038e+02
  6096  4.72620e+02
  6097  5.11950e+02
  6099  5.62690e+02
  6100  4.99137e+02
  6101  5.24742e+02
  6102  5.99773e+02
  6103  5.98686e+02
  6105  5.00332e+02
  6106  4.78306e+02
  6107  5.75389e+02
  6108  4.61103e+02
  6109  5.49198e+02
  6111  5.02585e+02
  6112  4.80721e+02
  6113  4.31940e+02
  6114  4.32778e+02
  6115  4.57136e+02
  6117  4.36228e+02
  6118  3.58919e+02
  6119  4.21805e+02
  6120  5.03855e+02
  6121  4.96200e+02
  6123  4.66380e+02
  6124  4.03270e+02
  6125  5.07107e+02
  6126  5.55900e+02
  6127  4.25351e+02
  6129  4.29261e+02
  6130  4.64278e+02
  6131  4.06236e+02
  6132  3.90203e+02
  6133  4.69148e+02
  6135  5.35935e+02
  6136  4.47826e+02
  6137  4.53105e+02
  6138  4.82768e+02
  6139  5.23631e+02
  6141  4.20859e+02
  6142  3.83086e+02
  6143  4.21095e+02
  6144  3.71178e+02
  6145  3.91368e+02
  6147  3.78054e+02
  6148  5.06697e+02
  6149  4.54445e+02
  6150  4.66415e+02
  6151  4.61231e+02
  6153  4.65703e+02
  6154  5.00430e+02
  6155  4.38956e+02
  6156  4.08677e+02
  6157  4.46084e+02
  6159  5.32270e+02
  6160  5.23125e+02
  6161  4.83977e+02
  6162  5.71790e+02
  6163  5.02679e+02
  6165  5.53557e+02
  6166  4.94250e+02
  6167  4.63171e+02
  6168  4.23645e+02
  6169  3.90298e+02
  6171  4.00028e+02
  6172  4.33763e+02
  6173  4.49387e+02
  6174  4.74800e+02
  6175  5.00788e+02
  6177  5.27245e+02
  6178  4.71907e+02
  6179  4.43765e+02
  6180  4.95765e+02
  6181  4.85709e+02
  6183  4.18384e+02
  6184  4.68856e+02
  6185  4.52122e+02
  6186  4.53050e+02
  6187  5.15812e+02
  6189  3.55197e+02
  6190  4.93545e+02
  6191  4.47123e+02
  6192  4.81406e+02
  6193  4.59036e+02
  6195  4.79762e+02
  6196  5.03144e+02
  6197  5.40984e+02
  6198  4.32200e+02
  6199  6.17090e+02
  6201  5.90773e+02
  6202  6.02194e+02
  6203  5.72142e+02
  6204  5.21496e+02
  6205  4.31863e+02
  6207  4.59918e+02
  6208  5.09026e+02
  6209  5.13714e+02
  6210  5.14563e+02
  6211  5.38911e+02
  6213  5.14210e+02
  6214  4.86961e+02
  6215  5.26607e+02
  6216  5.62901e+02
  6217  5.11488e+02
  6219  5.11102e+02
  6220  5.13109e+02
  6221  4.92476e+02
  6222  6.22401e+02
  6223  6.08905e+02
  6225  5.20573e+02
  6226  5.19844e+02
  6227  5.09250e+02
  6228  4.88349e+02
  6229  5.15420e+02
  6231  5.69011e+02
  6232  4.47034e+02
  6233  4.05357e+02
  6234  3.74540e+02
  6235  5.15740e+02
  6237  5.97531e+02
  6238  4.44713e+02
  6239  3.87532e+02
  6240  3.91383e+02
  6241  3.78693e+02
  6243  4.27515e+02
  6244  4.28395e+02
  6245  4.82397e+02
  6246  4.22690e+02
  6247  4.45194e+02
  6249  4.64221e+02
  6250  4.30779e+02
  6251  4.73294e+02
  6252  4.60757e+02
  6253  4.32540e+02
  6255  4.81396e+02
  6256  4.20065e+02
  6257  4.37367e+02
  6258  4.02622e+02
  6259  3.16084e+02
  6261  3.20633e+02
  6262  3.70176e+02
  6263  3.65976e+02
  6264  4.33937e+02
  6265  3.90846e+02
  6267  4.11808e+02
  6268  4.05621e+02
  6269  3.78719e+02
  6270  4.24544e+02
  6271  3.93019e+02
  6273  3.99218e+02
  6274  4.38084e+02
  6275  3.74644e+02
  6276  3.81771e+02
  6277  4.16218e+02
  6279  3.65125e+02
  6280  3.14939e+02
  6281  4.09366e+02
  6282  2.82608e+02
  6283  4.42690e+02
  6285  4.56238e+02
  6286  5.01145e+02
  6287  4.04243e+02
  6288  5.18885e+02
  6289  5.60278e+02
  6291  5.97310e+02
  6292  5.72493e+02
  6293  4.81851e+02
  6294  4.74674e+02
  6295  5.13819e+02
  6297  7.15781e+02
  6298  5.96137e+02
  6299  4.20615e+02
  6300  4.26279e+02
  6301  3.39009e+02
  6303  5.83123e+02
  6304  7.71772e+02
  6305  5.86926e+02
  6306  4.32092e+02
  6307  4.38067e+02
  6309  4.66968e+02
  6310  4.63602e+02
  6311  4.60753e+02
  6312  4.44506e+02
  6313  4.62615e+02
  6315  4.35981e+02
  6316  4.02744e+02
  6317  3.85481e+02
  6318  4.32935e+02
  6319  4.09531e+02
  6321  4.11360e+02
  6322  3.08702e+02
  6323  4.42231e+02
  6324  4.05342e+02
  6325  3.62861e+02
  6327  3.89962e+02
  6328  3.62706e+02
  6329  4.21533e+02
  6330  3.41091e+02
  6331  3.40346e+02
  6333  3.69245e+02
  6334  4.13482e+02
  6335  4.10740e+02
  6336  4.68419e+02
  6337  4.12377e+02
  6339  4.49201e+02
  6340  4.67986e+02
  6341  4.30660e+02
  6342  3.97863e+02
  6343  3.80246e+02
  6345  3.99439e+02
  6346  3.88213e+02
  6347  4.47725e+02
  6348  4.30289e+02
  6349  3.87450e+02
  6351  4.20040e+02
  6352  3.98916e+02
  6353  4.40079e+02
  6354  4.96553e+02
  6355  4.85909e+02
  6357  4.22599e+02
  6358  4.90661e+02
  6359  5.07105e+02
  6360  4.11557e+02
  6361  4.76471e+02
  6363  4.32688e+02
  6364  4.74520e+02
  6365  4.14818e+02
  6366  5.43286e+02
  6367  4.34304e+02
  6369  5.30008e+02
  6370  4.44853e+02
  6371  4.27230e+02
  6372  5.25179e+02
  6373  4.90545e+02
  6375  4.74628e+02
  6376  3.51819e+02
  6377  4.45161e+02
  6378  4.62657e+02
  6379  4.72230e+02
  6381  5.07815e+02
  6382  4.79930e+02
  6383  4.38222e+02
  6384  4.20712e+02
  6385  4.44861e+02
  6387  4.62385e+02
  6388  4.86986e+02
  6389  5.35135e+02
  6390  4.45007e+02
  6391  5.43201e+02
  6393  5.61706e+02
  6394  5.81683e+02
  6395  5.45037e+02
  6396  5.77027e+02
  6397  5.93610e+02
  6399  4.74403e+02
  6400  6.05284e+02
  6401  5.51883e+02
  6402  4.77535e+02
  6403  4.93751e+02
  6405  4.56146e+02
  6406  4.29430e+02
  6407  4.46007e+02
  6408  4.00839e+02
  6409  4.84500e+02
  6411  4.35271e+02
  6412  4.81233e+02
  6413  4.84263e+02
  6414  4.61374e+02
  6415  4.93684e+02
  6417  4.60734e+02
  6418  4.74199e+02
  6419  5.01601e+02
  6420  4.78552e+02
  6421  4.75427e+02
  6423  4.64900e+02
  6424  3.48259e+02
  6425  4.13286e+02
  6426  4.69143e+02
  6427  4.38714e+02
  6429  4.36781e+02
  6430  5.11277e+02
  6431  4.59962e+02
  6432  3.86910e+02
  6433  3.13871e+02
  6435  3.22594e+02
  6436  3.32117e+02
  6437  3.93961e+02
  6438  4.14840e+02
  6439  4.67486e+02
  6441  4.20943e+02
  6442  4.11993e+02
  6443  3.87677e+02
  6444  3.62674e+02
  6445  4.99501e+02
  6447  4.33673e+02
  6448  5.06051e+02
  6449  4.89179e+02
  6450  4.76582e+02
  6451  4.34157e+02
  6453  4.00548e+02
  6454  3.68745e+02
  6455  3.64813e+02
  6456  5.11834e+02
  6457  4.44893e+02
  6459  4.28579e+02
  6460  4.02883e+02
  6461  4.32479e+02
  6462  4.66283e+02
  6463  3.90308e+02
  6465  4.32513e+02
  6466  5.40294e+02
  6467  4.82860e+02
  6468  4.27014e+02
  6469  4.10409e+02
  6471  4.05300e+02
  6472  3.55217e+02
  6473  3.90554e+02
  6474  3.79089e+02
  6475  4.51419e+02
  6477  4.25821e+02
  6478  4.08675e+02
  6479  4.32704e+02
  6480  3.62734e+02
  6481  3.36068e+02
  6483  3.74132e+02
  6484  4.25097e+02
  6485  3.93323e+02
  6486  3.85453e+02
  6487  6.03214e+02
  6489  5.76158e+02
  6490  5.55599e+02
  6491  5.18650e+02
  6492  5.53264e+02
  6493  5.17691e+02
  6495  4.68197e+02
  6496  5.04099e+02
  6497  4.49096e+02
  6498  4.67904e+02
  6499  5.17443e+02
  6501  3.89053e+02
  6502  4.71436e+02
  6503  4.51874e+02
  6504  4.80364e+02
  6505  5.38180e+02
  6507  4.77810e+02
  6508  4.79877e+02
  6509  5.51971e+02
  6510  5.72233e+02
  6511  4.83444e+02
  6513  5.12913e+02
  6514  5.54158e+02
  6515  6.10867e+02
  6516  6.03432e+02
  6517  6.22904e+02
  6519  6.26366e+02
  6520  5.49815e+02
  6521  5.43158e+02
  6522  5.87486e+02
  6523  4.91225e+02
  6525  4.74455e+02
  6526  5.52429e+02
  6527  6.13678e+02
  6528  6.19398e+02
  6529  6.45608e+02
  6531  7.26533e+02
  6532  6.60322e+02
  6533  9.49137e+02
  6534  1.17639e+03
  6535  1.39013e+03
  6537  1.60385e+03
  6538  1.42880e+03
  6539  1.26748e+03
  6540  1.14893e+03
  6541  1.23499e+03
  6543  1.38222e+03
  6544  1.48702e+03
  6545  1.76624e+03
  6546  3.64713e+03
  6547  9.77632e+03
  6549  1.89839e+04
  6550  2.62835e+04
  6551  2.76732e+04
  6552  2.27548e+04
  6553  1.38773e+04
  6555  5.91355e+03
  6556  2.32451e+03
  6557  1.63731e+03
  6558  1.39781e+03
  6559  1.19557e+03
  6561  1.13729e+03
  6562  1.03954e+03
  6563  1.05937e+03
  6564  9.80320e+02
  6565  8.49889e+02
  6567  8.91520e+02
  6568  1.09801e+03
  6569  1.71456e+03
  6570  2.13033e+03
  6571  2.22717e+03
  6573  1.94349e+03
  6574  1.40591e+03
  6575  8.23952e+02
  6576  5.50454e+02
  6577  4.09771e+02
  6579  4.55783e+02
  6580  4.60065e+02
  6581  5.21815e+02
  6582  5.12917e+02
  6583  4.49385e+02
  6585  4.36312e+02
  6586  4.67276e+02
  6587  4.70497e+02
  6588  5.10798e+02
  6589  4.89844e+02
  6591  4.28995e+02
  6592  4.88406e+02
  6593  4.60732e+02
  6594  3.01833e+02
  6595  3.58616e+02
  6597  3.63605e+02
  6598  4.39421e+02
  6599  4.67983e+02
  6600  4.68976e+02
  6601  4.40280e+02
  6603  4.54303e+02
  6604  4.47974e+02
  6605  3.64327e+02
  6606  4.37844e+02
  6607  4.37235e+02
  6609  3.40708e+02
  6610  3.74341e+02
  6611  3.62738e+02
  6612  3.55407e+02
  6613  3.45380e+02
  6615  3.72723e+02
  6616  3.27908e+02
  6617  4.17586e+02
  6618  4.15236e+02
  6619  4.20829e+02
  6621  4.87177e+02
  6622  4.37574e+02
  6623  4.08964e+02
  6624  3.65495e+02
  6625  3.82081e+02
  6627  3.79039e+02
  6628  4.41256e+02
  6629  4.12183e+02
  6630  4.69972e+02
  6631  3.89274e+02
  6633  4.42689e+02
  6634  4.43335e+02
  6635  3.73846e+02
  6636  3.99698e+02
  6637  3.90426e+02
  6639  3.42880e+02
  6640  4.21228e+02
  6641  4.33301e+02
  6642  3.99361e+02
  6643  4.19188e+02
  6645  4.59192e+02
  6646  3.97201e+02
  6647  5.21956e+02
  6648  4.57395e+02
  6649  5.15049e+02
  6651  4.63689e+02
  6652  4.33048e+02
  6653  3.90913e+02
  6654  5.32334e+02
  6655  5.29971e+02
  6657  5.81066e+02
  6658  5.06314e+02
  6659  5.95003e+02
  6660  5.41851e+02
  6661  5.68823e+02
  6663  7.30100e+02
  6664  8.85541e+02
  6665  8.84671e+02
  6666  9.00821e+02
  6667  8.68692e+02
  6669  8.06777e+02
  6670  6.52535e+02
  6671  5.77639e+02
  6672  5.54314e+02
  6673  6.84232e+02
  6675  6.12532e+02
  6676  5.47258e+02
  6677  5.90790e+02
  6678  5.64238e+02
  6679  5.60361e+02
  6681  4.93467e+02
  6682  6.17122e+02
  6683  5.63761e+02
  6684  6.08599e+02
  6685  5.09872e+02
  6687  5.31400e+02
  6688  5.54931e+02
  6689  5.06868e+02
  6690  5.21623e+02
  6691  4.43393e+02
  6693  4.89253e+02
  6694  4.44973e+02
  6695  4.70179e+02
  6696  4.47280e+02
  6697  4.17767e+02
  6699  4.43585e+02
  6700  5.32480e+02
  6701  6.66538e+02
  6702  8.98491e+02
  6703  9.27648e+02
  6705  8.97019e+02
  6706  8.20575e+02
  6707  5.94085e+02
  6708  4.75775e+02
  6709  4.27073e+02
  6711  4.56623e+02
  6712  4.26530e+02
  6713  4.52717e+02
  6714  4.76080e+02
  6715  4.93387e+02
  6717  7.64870e+02
  6718  7.84492e+02
  6719  8.68125e+02
  6720  7.44185e+02
  6721  6.27285e+02
  6723  4.84604e+02
  6724  3.49564e+02
  6725  3.79258e+02
  6726  4.12147e+02
  6727  3.85176e+02
  6729  3.79371e+02
  6730  3.31612e+02
  6731  3.82605e+02
  6732  3.80400e+02
  6733  4.54570e+02
  6735  4.42940e+02
  6736  4.55802e+02
  6737  4.63346e+02
  6738  4.34110e+02
  6739  3.68837e+02
  6741  3.75675e+02
  6742  4.61867e+02
  6743  4.35900e+02
  6744  4.00999e+02
  6745  4.54448e+02
  6747  3.40315e+02
  6748  3.54323e+02
  6749  2.99057e+02
  6750  3.23101e+02
  6751  3.24433e+02
  6753  3.28605e+02
  6754  2.92870e+02
  6755  3.54162e+02
  6756  3.57880e+02
  6757  3.63746e+02
  6759  3.83221e+02
  6760  4.45465e+02
  6761  4.37025e+02
  6762  4.73315e+02
  6763  3.74535e+02
  6765  3.93873e+02
  6766  3.77013e+02
  6767  3.88114e+02
  6768  3.44927e+02
  6769  4.50638e+02
  6771  4.55709e+02
  6772  4.61693e+02
  6773  4.03077e+02
  6774  3.19113e+02
  6775  3.27616e+02
  6777  3.65460e+02
  6778  3.99968e+02
  6779  3.44216e+02
  6780  3.69085e+02
  6781  3.92946e+02
  6783  3.85716e+02
  6784  4.52753e+02
  6785  4.36523e+02
  6786  3.89400e+02
  6787  3.90219e+02
  6789  3.26077e+02
  6790  3.19805e+02
  6791  3.47500e+02
  6792  4.19700e+02
  6793  3.71857e+02
  6795  4.14836e+02
  6796  3.71238e+02
  6797  4.34274e+02
  6798  4.28570e+02
  6799  3.92197e+02
  6801  3.80455e+02
  6802  3.78709e+02
  6803  3.76621e+02
  6804  3.59972e+02
  6805  3.68131e+02
  6807  3.13802e+02
  6808  3.15575e+02
  6809  3.53594e+02
  6810  3.70927e+02
  6811  3.49245e+02
  6813  4.39205e+02
  6814  3.88285e+02
  6815  4.04176e+02
  6816  3.75301e+02
  6817  3.83682e+02
  6819  4.24758e+02
  6820  3.97545e+02
  6821  4.15935e+02
  6822  3.67473e+02
  6823  3.51691e+02
  6825  3.41589e+02
  6826  3.40240e+02
  6827  2.85647e+02
  6828  3.98098e+02
  6829  3.15016e+02
  6831  4.26320e+02
  6832  4.08567e+02
  6833  4.44789e+02
  6834  3.58709e+02
  6835  3.37368e+02
  6837  3.05331e+02
  6838  3.74265e+02
  6839  3.40641e+02
  6840  3.82206e+02
  6841  4.49780e+02
  6843  4.12362e+02
  6844  3.11828e+02
  6845  3.64394e+02
  6846  3.16523e+02
  6847  3.26717e+02
  6849  3.45057e+02
  6850  3.38645e+02
  6851  3.03338e+02
  6852  3.45846e+02
  6853  3.69251e+02
  6855  4.09450e+02
  6856  4.67290e+02
  6857  4.55982e+02
  6858  4.50932e+02
  6859  4.61050e+02
  6861  4.53572e+02
  6862  3.66761e+02
  6863  3.98970e+02
  6864  3.49074e+02
  6865  4.01310e+02
  6867  4.50579e+02
  6868  5.06345e+02
  6869  3.69746e+02
  6870  4.16922e+02
  6871  5.38000e+02
  6873  4.79270e+02
  6874  5.05108e+02
  6875  4.92813e+02
  6876  5.38413e+02
  6877  5.14900e+02
  6879  5.09694e+02
  6880  6.42091e+02
  6881  7.01695e+02
  6882  5.58571e+02
  6883  6.61964e+02
  6885  5.67142e+02
  6886  5.42958e+02
  6887  5.33699e+02
  6888  4.29795e+02
  6889  4.67865e+02
  6891  4.24083e+02
  6892  3.75323e+02
  6893  5.39502e+02
  6894  5.43875e+02
  6895  5.14692e+02
  6897  4.21173e+02
  6898  3.65503e+02
  6899  3.25964e+02
  6900  3.37044e+02
  6901  4.04926e+02
  6903  3.71705e+02
  6904  4.14677e+02
  6905  3.59246e+02
  6906  3.65832e+02
  6907  4.66414e+02
  6909  4.05384e+02
  6910  3.07546e+02
  6911  3.33904e+02
  6912  2.96609e+02
  6913  3.31142e+02
  6915  4.01922e+02
  6916  3.41471e+02
  6917  4.35201e+02
  6918  2.99112e+02
  6919  2.89986e+02
  6921  3.96540e+02
  6922  3.68078e+02
  6923  2.92921e+02
  6924  2.92622e+02
  6925  3.33398e+02
  6927  3.26666e+02
  6928  4.03440e+02
  6929  3.72982e+02
  6930  3.51092e+02
  6931  3.78036e+02
  6933  3.08662e+02
  6934  3.34145e+02
  6935  4.11313e+02
  6936  4.10941e+02
  6937  3.61671e+02
  6939  3.74477e+02
  6940  4.03642e+02
  6941  2.99482e+02
  6942  3.24197e+02
  6943  3.84909e+02
  6945  3.56212e+02
  6946  2.84325e+02
  6947  2.90141e+02
  6948  3.56287e+02
  6949  3.67571e+02
  6951  3.71027e+02
  6952  4.88430e+02
  6953  4.83241e+02
  6954  3.90843e+02
  6955  4.20021e+02
  6957  4.29745e+02
  6958  3.64204e+02
  6959  3.24566e+02
  6960  4.63693e+02
  6961  4.14095e+02
  6963  4.16417e+02
  6964  4.34896e+02
  6965  4.19180e+02
  6966  4.48048e+02
  6967  4.32385e+02
  6969  4.02016e+02
  6970  4.22425e+02
  6971  3.62908e+02
  6972  4.47021e+02
  6973  4.01181e+02
  6975  3.31726e+02
  6976  2.98322e+02
  6977  3.21722e+02
  6978  3.76461e+02
  6979  3.08032e+02
  6981  2.86856e+02
  6982  3.51547e+02
  6983  4.23025e+02
  6984  3.77136e+02
  6985  3.61296e+02
  6987  3.38854e+02
  6988  3.67280e+02
  6989  3.58488e+02
  6990  3.63778e+02
  6991  2.91166e+02
  6993  4.05319e+02
  6994  4.37773e+02
  6995  4.02943e+02
  6996  3.82046e+02
  6997  2.87110e+02
  6999  4.44613e+02
  7000  3.75022e+02
  7001  3.08275e+02
  7002  4.60645e+02
  7003  4.32624e+02
  7005  3.81723e+02
  7006  3.45636e+02
  7007  3.07393e+02
  7008  3.53446e+02
  7009  3.12505e+02
  7011  3.04205e+02
  7012  3.80344e+02
  7013  3.76608e+02
  7014  4.25196e+02
  7015  3.16018e+02
  7017  3.56433e+02
  7018  4.29353e+02
  7019  3.45223e+02
  7020  3.41747e+02
  7021  3.92715e+02
  7023  4.17637e+02
  7024  3.71661e+02
  7025  3.43091e+02
  7026  3.64098e+02
  7027  3.99713e+02
  7029  2.94507e+02
  7030  3.99546e+02
  7031  4.38977e+02
  7032  3.70336e+02
  7033  3.79976e+02
  7035  3.50610e+02
  7036  4.03549e+02
  7037  4.79182e+02
  7038  3.99737e+02
  7039  3.74065e+02
  7041  4.44368e+02
  7042  4.12902e+02
  7043  4.29526e+02
  7044  4.38120e+02
  7045  3.90462e+02
  7047  3.61669e+02
  7048  3.89219e+02
  7049  4.23603e+02
  7050  4.91560e+02
  7051  5.46555e+02
  7053  5.41382e+02
  7054  5.68890e+02
  7055  4.74144e+02
  7056  4.06958e+02
  7057  3.90355e+02
  7059  4.14280e+02
  7060  3.89611e+02
  7061  3.78164e+02
  7062  4.57401e+02
  7063  5.04341e+02
  7065  4.35062e+02
  7066  4.22378e+02
  7067  4.40976e+02
  7068  4.18749e+02
  7069  4.61479e+02
  7071  4.83719e+02
  7072  4.06812e+02
  7073  5.10543e+02
  7074  4.57351e+02
  7075  4.85382e+02
  7077  5.63352e+02
  7078  5.46697e+02
  7079  6.01460e+02
  7080  5.95424e+02
  7081  6.74166e+02
  7083  6.88763e+02
  7084  7.33727e+02
  7085  7.84976e+02
  7086  8.87478e+02
  7087  9.76260e+02
  7089  9.92249e+02
  7090  9.91359e+02
  7091  9.58158e+02
  7092  9.86190e+02
  7093  1.07051e+03
  7095  1.24893e+03
  7096  1.30485e+03
  7097  1.30082e+03
  7098  1.34380e+03
  7099  1.37993e+03
  7101  1.31953e+03
  7102  1.33593e+03
  7103  1.26512e+03
  7104  1.19452e+03
  7105  1.22610e+03
  7107  1.21898e+03
  7108  1.14125e+03
  7109  1.19179e+03
  7110  1.20992e+03
  7111  1.17093e+03
  7113  1.07189e+03
  7114  1.07791e+03
  7115  9.96499e+02
  7116  9.49153e+02
  7117  9.94603e+02
  7119  1.06241e+03
  7120  1.37955e+03
  7121  1.71058e+03
  7122  1.94656e+03
  7123  1.84156e+03
  7125  1.47153e+03
  7126  1.03889e+03
  7127  7.12646e+02
  7128  5.74471e+02
  7129  5.52636e+02
  7131  5.13233e+02
  7132  5.29107e+02
  7133  5.10362e+02
  7134  4.61729e+02
  7135  4.72039e+02
  7137  4.61208e+02
  7138  4.07396e+02
  7139  3.16966e+02
  7140  3.65851e+02
  7141  3.88666e+02
  7143  3.67710e+02
  7144  3.35952e+02
  7145  3.92026e+02
  7146  3.83105e+02
  7147  4.51520e+02
  7149  4.25391e+02
  7150  4.77658e+02
  7151  3.73908e+02
  7152  4.31907e+02
  7153  3.86162e+02
  7155  3.75195e+02
  7156  4.42844e+02
  7157  5.34471e+02
  7158  4.56137e+02
  7159  4.82002e+02
  7161  4.49964e+02
  7162  4.44153e+02
  7163  4.54371e+02
  7164  5.10998e+02
  7165  5.23403e+02
  7167  5.19996e+02
  7168  5.19650e+02
  7169  4.99235e+02
  7170  5.01504e+02
  7171  5.06765e+02
  7173  4.64288e+02
  7174  4.38002e+02
  7175  4.32058e+02
  7176  3.42717e+02
  7177  3.65910e+02
  7179  3.44431e+02
  7180  4.25088e+02
  7181  3.48559e+02
  7182  2.72940e+02
  7183  3.81027e+02
  7185  4.57035e+02
  7186  3.20059e+02
  7187  2.72273e+02
  7188  2.84505e+02
  7189  3.59766e+02
  7191  3.67554e+02
  7192  2.67333e+02
  7193  2.67752e+02
  7194  3.01247e+02
  7195  3.37957e+02
  7197  3.32999e+02
  7198  2.53170e+02
  7199  2.44276e+02
  7200  2.30804e+02
  7201  2.66058e+02
  7203  2.85747e+02
  7204  2.72519e+02
  7205  2.95919e+02
  7206  2.90611e+02
  7207  2.57497e+02
  7209  2.48408e+02
  7210  2.75293e+02
  7211  3.33181e+02
  7212  4.08247e+02
  7213  2.82316e+02
  7215  3.06029e+02
  7216  2.76179e+02
  7217  2.61719e+02
  7218  2.88354e+02
  7219  4.03975e+02
  7221  2.67827e+02
  7222  2.36213e+02
  7223  3.03037e+02
  7224  2.79238e+02
  7225  2.79514e+02
  7227  2.22339e+02
  7228  2.11498e+02
  7229  2.34294e+02
  7230  2.24069e+02
  7231  2.21687e+02
  7233  3.05807e+02
  7234  2.70833e+02
  7235  2.10563e+02
  7236  2.59808e+02
  7237  2.39021e+02
  7239  1.48982e+02
  7240  1.21655e+02
  7241  1.97378e+02
  7242  2.51892e+02
  7243  3.29196e+02
  7245  1.96151e+02
  7246  1.63376e+02
  7247  3.39705e+02
  7248  3.99884e+02
  7249  3.15306e+02
  7251  2.65187e+02
  7252  2.48401e+02
  7253  2.93550e+02
  7254  2.23336e+02
  7255  2.41445e+02
  7257  1.74508e+02
  7258  2.49337e+02
  7259  3.42732e+02
  7260  2.40645e+02
  7261  3.19045e+02
  7263  2.17853e+02
  7264  2.68469e+02
  7265  2.99827e+02
  7266  3.43861e+02
  7267  3.52376e+02
  7269  3.26389e+02
  7270  2.81684e+02
  7271  2.42018e+02
  7272  2.92003e+02
  7273  7.94771e+01
  7275  1.05273e+02
  7276  8.57975e+01
  7277 -1.65224e+01
  7278  2.26345e+02
  7279  3.82015e+02
  7281  3.70266e+02
  7282  2.00191e+02
  7283  2.09721e+02
  7284  2.74246e+02
  7285  2.50945e+02
  7287  3.24024e+02
  7288  3.62339e+02
  7289  2.66000e+02
  7290  2.29324e+02
  7291  1.52839e+02
  7293  2.22289e+02
  7294  2.31571e+02
  7295  1.94916e+02
  7296  2.59108e+02
  7297  2.81855e+02
  7299  2.36182e+02
  7300  1.52612e+02
  7301  2.56685e+02
  7302  2.47811e+02
  7303  3.21951e+02
  7305  3.07016e+02
  7306  2.16820e+02
  7307  3.22759e+02
  7308  2.79787e+02
  7309  3.03788e+02
  7311  2.30154e+02
  7312  2.40483e+02
  7313  3.12103e+02
  7314  1.57035e+02
  7315  1.24922e+02
  7317  2.03843e+02
  7318  4.27823e+02
  7319  4.55994e+02
  7320  3.90773e+02
  7321  2.94382e+02
  7323  3.16911e+02
  7324  2.53551e+02
  7325  2.59195e+02
  7326  2.58138e+02
  7327  2.34295e+02
  7329  2.42820e+02
  7330  2.23975e+02
  7331  2.21011e+02
  7332  2.25983e+02
  7333  3.13237e+02
  7335  2.56443e+02
  7336  3.16223e+02
  7337  2.37694e+02
  7338  1.22119e+02
  7339  3.91065e+02
  7341  2.93458e+02
  7342  3.82115e+02
  7343  4.48813e+02
  7344  4.81518e+01
  7345  1.28465e+02
  7347  2.78279e+02
  7348  2.71380e+02
  7349  2.68052e+02
  7350  2.94250e+02
  7351  2.66904e+02
  7353  2.21544e+02
  7354  2.40338e+02
  7355  2.60973e+02
  7356  2.31957e+02
  7357  1.75088e+02
  7359  1.81566e+02
  7360  2.16569e+02
  7361  2.20138e+02
  7362  3.30655e+02
  7363  3.74603e+02
  7365  3.60284e+02
  7366  2.95720e+02
  7367  3.75185e+02
  7368  3.38738e+02
  7369 -1.88904e+02
  7371 -2.28381e+02
  7372  5.15455e+01
  7373  3.11127e+02
  7374  2.41712e+02
  7375  3.17817e+02
  7377  3.68245e+02
  7378  3.34974e+02
  7379  2.60335e+02
  7380  3.39048e+02
  7381  3.68548e+02
  7383  3.00861e+02
  7384  3.91118e+02
  7385  2.04411e+02
  7386  2.87790e+02
  7387  2.41521e+02
  7389  2.27694e+02
  7390  2.63888e+02
  7391  2.33171e+02
  7392  2.27477e+02
  7393  2.31500e+02
  7395  2.79174e+02
  7396  3.11823e+02
  7397  3.27229e+02
  7398  2.68019e+02
  7399  2.72641e+02
  7401  8.11798e+01
  7402  7.94422e+01
  7403  1.16950e+02
  7404  2.28100e+02
  7405  3.00433e+02
  7407  2.09958e+02
  7408  2.86022e+02
  7409  3.26826e+02
  7410  2.22255e+02
  7411  2.83862e+02
  7413  3.40401e+02
  7414  3.62329e+02
  7415  3.87063e+02
  7416  2.43380e+02
  7417  3.31300e+02
  7419  3.13804e+02
  7420  2.74376e+02
  7421  3.06226e+02
  7422  3.28994e+02
  7423  2.47591e+02
  7425  3.35222e+02
  7426  2.78207e+02
  7427  2.77289e+02
  7428  2.20944e+02
  7429  2.72478e+02
  7431  1.59387e+02
  7432  2.89034e+02
  7433  2.55528e+02
  7434  2.40803e+02
  7435  2.71427e+02
  7437  2.43421e+02
  7438  2.02822e+02
  7439  2.09502e+02
  7440  2.66355e+02
  7441  2.93434e+02
  7443  3.63252e+02
  7444  3.83690e+02
  7445  2.46090e+02
  7446  3.15897e+02
  7447  3.48721e+02
  7449  3.15143e+02
  7450  3.39397e+02
  7451  3.54912e+02
  7452  3.35194e+02
  7453  3.02641e+02
  7455  2.86550e+02
  7456  2.69622e+02
  7457  3.21219e+02
  7458  3.55217e+02
  7459  2.47893e+02
  7461  1.62185e+02
  7462  2.13160e+02
  7463  2.49027e+02
  7464  1.98650e+02
  7465  2.14496e+02
  7467  1.80313e+02
  7468  2.84470e+02
  7469  3.29006e+02
  7470  2.76750e+02
  7471  1.69179e+02
  7473  2.05901e+02
  7474  2.73566e+02
  7475  2.05802e+02
  7476  2.36280e+02
  7477  2.02011e+02
  7479  1.93212e+02
  7480  2.60878e+02
  7481  2.20557e+02
  7482  1.72178e+02
  7483  2.24759e+02
  7485  2.19710e+02
  7486  2.86474e+02
  7487  2.83241e+02
  7488  3.26215e+02
  7489  3.26464e+02
  7491  2.78629e+02
  7492  2.90526e+02
  7493  1.79750e+02
  7494  2.30874e+02
  7495  2.49860e+02
  7497  3.49859e+02
  7498  2.86310e+02
  7499  2.87035e+02
  7500  2.50967e+02
  7501  1.91154e+02
  7503  2.79705e+02
  7504  2.55107e+02
  7505  3.32281e+02
  7506  3.62711e+02
  7507  1.98133e+02
  7509  2.60577e+02
  7510  3.04238e+02
  7511  2.43450e+02
  7512  2.05733e+02
  7513  2.14209e+02
  7515  1.86795e+02
  7516  2.37400e+02
  7517  2.50340e+02
  7518  3.06275e+02
  7519  2.90662e+02
  7521  2.46848e+02
  7522  2.16911e+02
  7523  2.56130e+02
  7524  1.46639e+02
  7525  1.83430e+02
  7527  2.68415e+02
  7528  3.00709e+02
  7529  2.51221e+02
  7530  3.00410e+02
  7531  2.64777e+02
  7533  2.30728e+02
  7534  2.22292e+02
  7535  2.98207e+02
  7536  2.61358e+02
  7537  2.80853e+02
  7539  2.94069e+02
  7540  1.47924e+02
  7541  2.17509e+02
  7542  2.48846e+02
  7543  2.43540e+02
  7545  1.84206e+02
  7546  2.36152e+02
  7547  3.05205e+02
  7548  2.40053e+02
  7549  3.29872e+02
  7551  3.67435e+02
  7552  2.79914e+02
  7553  3.35864e+02
  7554  2.59163e+02
  7555  2.56646e+02
  7557  2.80131e+02
  7558  2.45040e+02
  7559  3.18727e+02
  7560  2.75499e+02
  7561  2.67678e+02
  7563  3.35768e+02
  7564  2.86060e+02
  7565  2.90052e+02
  7566  3.45036e+02
  7567  3.67229e+02
  7569  3.55465e+02
  7570  3.81227e+02
  7571  3.08573e+02
  7572  3.14806e+02
  7573  3.63916e+02
  7575  4.68214e+02
  7576  4.50055e+02
  7577  3.81492e+02
  7578  3.92302e+02
  7579  4.42518e+02
  7581  4.13208e+02
  7582  4.40094e+02
  7583  4.33739e+02
  7584  4.05131e+02
  7585  3.63212e+02
  7587  3.24763e+02
  7588  3.14388e+02
  7589  3.44719e+02
  7590  4.25656e+02
  7591  3.17303e+02
  7593  3.36431e+02
  7594  3.66258e+02
  7595  3.27835e+02
  7596  3.06494e+02
  7597  1.63888e+02
  7599  1.85196e+02
  7600  4.06439e+02
  7601  4.19240e+02
  7602  3.69049e+02
  7603  2.90063e+02
  7605  3.75257e+02
  7606  3.81347e+02
  7607  2.41418e+02
  7608  3.44954e+02
  7609  2.89037e+02
  7611  2.18947e+02
  7612  3.89405e+02
  7613  3.56766e+02
  7614  2.92634e+02
  7615  2.51328e+02
  7617  2.98429e+02
  7618  2.40497e+02
  7619  2.40463e+02
  7620  2.01521e+02
  7621  1.17753e+02
  7623  2.49241e+02
  7624  2.02552e+02
  7625  2.33874e+02
  7626  1.53173e+02
  7627  1.85479e+02
  7629  2.65988e+02
  7630  2.07565e+02
  7631  2.80141e+02
  7632  2.57376e+02
  7633  3.07202e+02
  7635  1.89685e+02
  7636  2.47226e+02
  7637  1.69451e+02
  7638  2.65338e+02
  7639  2.07396e+02
  7641  2.35426e+02
  7642  2.37013e+02
  7643  2.32543e+02
  7644  2.60289e+02
  7645  2.99339e+02
  7647  3.05417e+02
  7648  2.33623e+02
  7649  2.16362e+02
  7650  1.70882e+02
  7651  2.39328e+02
  7653  2.56584e+02
  7654  2.63747e+02
  7655  2.55194e+02
  7656  2.62983e+02
  7657  2.39416e+02
  7659  2.26569e+02
  7660  2.50526e+02
  7661  2.20663e+02
  7662  3.16629e+02
  7663  2.94219e+02
  7665  2.78609e+02
  7666  3.00863e+02
  7667  2.15191e+02
  7668  1.70489e+02
  7669  2.11658e+02
  7671  2.64454e+02
  7672  2.68836e+02
  7673  1.71341e+02
  7674  1.96865e+02
  7675  2.24840e+02
  7677  1.45806e+02
  7678  2.74997e+02
  7679  2.13551e+02
  7680  1.95010e+02
  7681  1.63318e+02
  7683  2.38623e+02
  7684  1.77092e+02
  7685  2.86163e+02
  7686  2.20820e+02
  7687  1.94491e+02
  7689  1.91597e+02
  7690  1.66649e+02
  7691  2.10235e+02
  7692  2.30789e+02
  7693  2.48226e+02
  7695  1.54207e+02
  7696  1.81494e+02
  7697  2.38959e+02
  7698  2.71414e+02
  7699  2.29412e+02
  7701  1.98031e+02
  7702  1.68721e+02
  7703  2.11883e+02
  7704  2.50992e+02
  7705  2.11005e+02
  7707  2.17023e+02
  7708  2.75473e+02
  7709  2.06461e+02
  7710  1.14856e+02
  7711  2.28050e+02
  7713  1.75062e+02
  7714  3.07692e+01
  7715  1.19958e+02
  7716  1.98238e+02
  7717  1.07949e+02
  7719  1.22054e+02
  7720  3.16106e+02
  7721  2.18272e+02
  7722  1.71141e+02
  7723  1.95935e+02
  7725  2.17110e+02
  7726  1.55284e+02
  7727  2.28017e+02
  7728  1.51974e+02
  7729  1.44857e+02
  7731  2.17803e+02
  7732  2.62575e+02
  7733  2.76168e+02
  7734  2.24486e+02
  7735  2.97648e+02
  7737  3.83631e+02
  7738  4.62485e+02
  7739  3.62882e+02
  7740  2.86086e+02
  7741  1.90145e+02
  7743  1.33346e+02
  7744  1.84964e+02
  7745  2.26595e+02
  7746  1.28584e+02
  7747  9.93589e+01
  7749 -3.50671e+01
  7750 -7.47452e+00
  7751  2.75930e+02
  7752  4.46523e+02
  7753  2.66675e+02
  7755  2.89766e+02
  7756  1.64447e+02
  7757  1.43953e+02
  7758  1.26144e+02
  7759  8.28939e+01
  7761  1.78789e+02
  7762  2.73827e+02
  7763  2.11855e+02
  7764  1.58448e+02
  7765  2.73898e+02
  7767  1.77035e+02
  7768  1.61936e+02
  7769  1.72390e+02
  7770  1.59908e+02
  7771  2.26145e+02
  7773  2.72876e+02
  7774  1.53875e+02
  7775  1.80233e+02
  7776  1.65729e+02
  7777  1.81366e+02
  7779  1.91773e+02
  7780  1.34273e+02
  7781  1.88189e+02
  7782  2.14623e+02
  7783  1.67067e+02
  7785  2.27437e+02
  7786  2.22578e+02
  7787  2.21828e+02
  7788  2.53299e+02
  7789  2.75166e+02
  7790  3.09124e+02
  7792  1.95358e+02
  7793  9.02854e+01
  7794  6.30649e+01
  7795  1.46971e+02
  7796  2.73050e+02
  7798  3.32984e+02
  7799  2.31949e+02
  7800  2.10031e+02
  7801  2.52052e+02
  7802  1.84267e+02
  7804  1.72398e+02
  7805  1.64204e+02
  7806  1.05648e+02
  7807  9.85017e+01
  7808  1.46527e+02
  7810  2.07631e+02
  7811  2.20147e+02
  7812  2.20122e+02
  7813  1.57943e+02
  7814  1.10872e+02
  7816  1.26825e+02
  7817  5.91218e+01
  7818  7.48873e+01
  7819  9.69831e+01
  7820  2.18326e+02
  7822  8.81094e+01
  7823  7.97455e+01
  7824  1.93900e+02
  7825  2.06135e+02
  7826  2.09000e+02
  7828  1.85871e+02
  7829  1.52837e+02
  7830  2.01072e+02
  7831  2.02148e+02
  7832  1.90077e+02
  7834  2.48649e+02
  7835  2.49306e+02
  7836  2.18684e+02
  7837  1.92998e+02
  7838  1.73180e+02
  7840  4.06459e+01
  7841  1.28126e+02
  7842  2.48491e+02
  7843  2.67891e+02
  7844  2.90097e+02
  7846  1.79147e+02
  7847  1.55532e+02
  7848  1.64363e+02
  7849  2.50801e+02
  7850  1.09937e+02
  7852  6.31436e+01
  7853  1.76090e+02
  7854  2.71735e+02
  7855  2.72600e+02
  7856  2.27481e+02
  7858  1.10671e+02
  7859  2.06668e+02
  7860  2.24718e+02
  7861  1.41732e+02
  7862  5.48658e+01
  7864  2.06836e+02
  7865  1.22032e+02
  7866  1.28882e+02
  7867  2.24468e+01
  7868  1.84038e+02
  7870  2.36494e+02
  7871  1.29165e+02
  7872  2.77860e+02
  7873  2.01248e+02
  7874  1.64669e+02
  7876  1.55137e+02
  7877  1.50103e+02
  7878  1.91158e+02
  7879  1.30246e+02
  7880  1.26243e+02
  7882  1.34163e+02
  7883  9.76068e+01
  7884  1.76267e+02
  7885  2.14962e+02
  7886  1.26498e+02
  7888  1.69023e+02
  7889  1.41555e+02
  7890  1.74357e+02
  7891  1.41521e+02
  7892  1.81954e+02
  7894  2.26376e+02
  7895  1.27781e+02
  7896  9.93344e+01
  7897  1.50567e+02
  7898  1.42969e+02
  7900  1.55804e+02
  7901  1.61704e+02
  7902  2.13389e+02
  7903  2.48834e+02
  7904  1.97097e+02
  7906  1.45639e+02
  7907  1.92567e+02
  7908  1.89849e+02
  7909  1.45418e+02
  7910 -3.84573e+01
  7912 -1.56501e+02
  7913  1.17147e+02
  7914  6.88642e+01
  7915  1.89440e+02
  7916  2.24857e+02
  7918  8.33309e+01
  7919  2.25392e+02
  7920  1.09524e+02
  7921  1.18394e+02
  7922  2.23313e+02
  7924  2.34934e+02
  7925  2.17639e+02
  7926  1.75809e+02
  7927  1.95027e+02
  7928  1.61442e+02
  7930  1.38003e+02
  7931  6.28584e+01
  7932  1.02506e+02
  7933  1.25123e+02
  7934  1.56175e+02
  7936  1.49456e+02
  7937  1.68536e+02
  7938  1.76277e+02
  7939  1.40413e+02
  7940  2.09026e+02
  7942  1.81928e+02
  7943  1.67817e+02
  7944  1.52368e+02
  7945  1.35121e+02
  7946  1.50196e+02
  7948  1.12726e+02
  7949  7.02599e+01
  7950  1.32541e+02
  7951  1.25705e+02
  7952  1.35202e+02
  7954  1.07128e+02
  7955  1.76361e+02
  7956  1.43863e+02
  7957  1.34146e+02
  7958  1.79536e+02
  7960  1.86845e+02
  7961  1.87478e+02
  7962  3.54669e+01
  7963  8.49944e+01
  7964  2.56674e+02
  7966  1.81500e+02
  7967  2.70812e+02
  7968  1.57937e+02
  7969  1.09583e+02
  7970  1.40426e+02
  7972  1.44471e+02
  7973  1.63937e+02
  7974  1.89575e+02
  7975  1.27195e+02
  7976  6.95430e+01
  7978  1.13569e+02
  7979  1.06736e+02
  7980  1.42772e+02
  7981  1.06717e+02
  7982  1.50814e+02
  7984  1.75861e+02
  7985  1.31681e+02
  7986  1.79279e+02
  7987  1.98000e+02
  7988  2.57739e+02
  7990  2.65031e+02
  7991  1.80639e+02
  7992 -6.01088e+01
  7993 -2.63576e+02
  7994 -3.98982e+02
  7996 -2.72547e+02
  7997  7.10026e+01
  7998  2.60977e+02
  7999  2.13550e+02
  8000  1.60888e+02
  8002  9.13029e+01
  8003  8.89911e+01
  8004  1.76019e+02
  8005  1.47503e+02
  8006  9.82682e+01
  8008  1.06287e+02
  8009  8.36427e+01
  8010  1.31473e+02
  8011  1.05360e+02
  8012  9.17985e+01
  8014  1.35714e+02
  8015  1.04039e+02
  8016  7.51333e+01
  8017  1.55008e+02
  8018  9.25736e+01
  8020  7.17745e+01
  8021  1.40664e+02
  8022  6.50216e+01
  8023  1.04012e+02
  8024 -3.09774e+01
  8026  1.48194e+02
  8027  9.30083e+00
  8028  1.77407e+02
  8029  1.70752e+02
  8030  1.54344e+02
  8032  1.65928e+02
  8033  1.33773e+02
  8034  9.96891e+01
  8035  1.02807e+02
  8036  1.09389e+02
  8038  1.61213e+02
  8039  1.75362e+02
  8040  1.65556e+02
  8041  1.34159e+02
  8042  1.41961e+02
  8044  2.14238e+02
  8045  1.65610e+02
  8046  1.47635e+02
  8047  1.76711e+02
  8048  1.23983e+02
  8050  7.72069e+01
  8051  8.58247e+01
  8052  9.56440e+01
  8053  1.84116e+02
  8054  1.63355e+02
  8056  1.33942e+02
  8057  1.26513e+02
  8058  1.70573e+02
  8059  1.38447e+02
  8060  1.11772e+02
  8062  1.23545e+02
  8063  1.65385e+02
  8064  8.01856e+01
  8065  1.53107e+02
  8066  1.31491e+02
  8068  2.12503e+02
  8069  2.31085e+02
  8070  1.96407e+02
  8071  1.79040e+02
  8072  1.04487e+02
  8074  9.41270e+01
  8075  1.59862e+02
  8076  1.15239e+02
  8077  2.12960e+02
  8078  1.46385e+02
  8080  1.27715e+02
  8081  7.84435e+01
  8082  1.14662e+02
  8083  1.65376e+02
  8084  1.27215e+02
  8086  1.55411e+02
  8087  1.80748e+02
  8088  1.63045e+02
  8089  1.46832e+02
  8090  1.20269e+02
  8092  1.27914e+02
  8093  1.47684e+02
  8094  1.43177e+02
  8095  1.54082e+02
  8096  1.60996e+02
  8098  1.82297e+02
  8099  1.44825e+02
  8100  4.71776e+01
  8101  6.34591e+01
  8102  1.03702e+02
  8104  1.54252e+02
  8105  1.63320e+02
  8106  2.20668e+02
  8107  2.09494e+02
  8108  1.32745e+02
  8110  1.33015e+02
  8111  1.58190e+02
  8112  1.59136e+02
  8113  1.51403e+02
  8114  1.61250e+02
  8116  1.87413e+02
  8117  1.83944e+02
  8118  1.96557e+02
  8119  2.07956e+02
  8120  1.27265e+02
  8122  1.68210e+02
  8123  1.65488e+02
  8124  1.21353e+02
  8125  1.49684e+02
  8126  6.20459e+01
  8128  1.13296e+02
  8129  1.83757e+02
  8130  1.17295e+02
  8131  1.56772e+02
  8132  1.66596e+02
  8134  1.55609e+02
  8135  1.17669e+02
  8136  1.23480e+02
  8137  1.12886e+02
  8138  8.19908e+01
  8140  1.47836e+02
  8141  4.12955e+01
  8142  1.04548e+02
  8143  9.85499e+01
  8144  1.32127e+02
  8146  2.09685e+01
  8147  8.62945e+01
  8148  1.14478e+02
  8149  1.14607e+02
  8150  1.55046e+02
  8152  1.38104e+02
  8153  9.95786e+01
  8154  1.06822e+02
  8155  1.47789e+02
  8156  1.60880e+02
  8158  1.58620e+02
  8159  1.30757e+02
  8160  1.17835e+02
  8161  1.13593e+02
  8162  1.35714e+02
  8164  2.00134e+02
  8165  1.46040e+02
  8166  1.03801e+02
  8167  1.01958e+02
  8168  1.25529e+02
  8170  1.33418e+02
  8171  1.19824e+02
  8172  9.63378e+01
  8173  1.12660e+02
  8174  1.72137e+02
  8176  1.39889e+02
  8177  1.23003e+02
  8178  1.28610e+02
  8179  1.57228e+02
  8180  1.33661e+02
  8182  9.45821e+01
  8183  1.37106e+02
  8184  1.55346e+02
  8185  2.03229e+02
  8186  1.65765e+02
  8188  1.68107e+02
  8189  1.99429e+02
  8190  2.11396e+02
  8191  1.65007e+02
  8192  1.19814e+02
  8194  1.42773e+02
  8195  2.01211e+02
  8196  2.11855e+02
  8197  1.40080e+02
  8198  1.34958e+02
  8200  1.33392e+02
  8201  1.29153e+02
  8202  1.68023e+02
  8203  2.01166e+02
  8204  1.46334e+02
  8206  2.39501e+02
  8207  1.52354e+02
  8208  1.35644e+02
  8209  2.33434e+02
  8210  2.06385e+02
  8212  2.41142e+02
  8213  2.43223e+02
  8214  2.28554e+02
  8215  2.40354e+02
  8216  2.24041e+02
  8218  2.48411e+02
  8219  2.71479e+02
  8220  2.48350e+02
  8221  2.09871e+02
  8222  2.05438e+02
  8224  2.04002e+02
  8225  1.84977e+02
  8226  2.29436e+02
  8227  2.36347e+02
  8228  2.33254e+02
  8230  2.11981e+02
  8231  1.73536e+02
  8232  1.91242e+02
  8233  1.60067e+02
  8234  1.57821e+02
  8236  1.87887e+02
  8237  1.86043e+02
  8238  1.46754e+02
  8239  1.81954e+02
  8240  1.76669e+02
  8242  1.95603e+02
  8243  2.15262e+02
  8244  2.10719e+02
  8245  1.24333e+02
  8246  1.26792e+02
  8248  1.79178e+02
  8249  1.53062e+02
  8250  1.66087e+02
  8251  1.42718e+02
  8252  1.34768e+02
  8254  1.39553e+02
  8255  1.82350e+02
  8256  1.33847e+02
  8257  1.30549e+02
  8258  1.26587e+02
  8260  1.36783e+02
  8261  1.21856e+02
  8262  1.17203e+02
  8263  1.69789e+02
  8264  1.25527e+02
  8266  1.53232e+02
  8267  1.42429e+02
  8268  9.40994e+01
  8269  1.41490e+02
  8270  1.50139e+02
  8272  1.82235e+02
  8273  1.54742e+02
  8274  8.07966e+01
  8275  9.88238e+01
  8276  1.08993e+02
  8278  9.45961e+01
  8279 -1.78067e+01
  8280  4.10625e+01
  8281  1.46175e+01
  8282  1.07357e+02
  8284  1.24657e+02
  8285  7.24790e+01
  8286  8.31359e+01
  8287  4.24177e+01
  8288  2.87007e+01
  8290  1.86530e+02
  8291  1.15919e+02
  8292  1.42136e+02
  8293  1.27948e+02
  8294  9.78889e+01
  8296  1.29085e+02
  8297  4.53903e-01
  8298  5.37639e+01
  8299  7.30780e+01
  8300  7.74189e+01
  8302  1.80845e+02
  8303  2.29112e+02
  8304  1.64109e+02
  8305  1.58235e+02
  8306  1.53366e+02
  8308  1.48648e+02
  8309  1.21199e+02
  8310  1.55508e+02
  8311  1.13034e+02
  8312  6.64106e+01
  8314  1.28381e+02
  8315  1.58784e+02
  8316  1.33361e+02
  8317  7.06345e+01
  8318  1.15399e+02
  8320  8.77182e+01
  8321  7.49889e+01
  8322  9.44810e+01
  8323  1.17761e+02
  8324  9.12110e+01
  8326  1.21884e+02
  8327  1.23619e+02
  8328  1.18113e+02
  8329  9.64153e+01
  8330  9.77514e+01
  8332  8.20318e+01
  8333  1.48491e+02
  8334  1.29655e+02
  8335  1.14112e+02
  8336  6.50343e+01
  8338  5.25827e+01
  8339  6.89269e+01
  8340  1.25051e+02
  8341  9.15588e+01
  8342 -3.10178e+01
  8344  5.73064e+01
  8345  3.22884e+02
  8346  7.90579e+01
  8347  1.54955e+02
  8348  1.74616e+02
  8350  1.36619e+02
  8351  1.42855e+02
  8352  1.09564e+02
  8353  6.23049e+01
  8354  6.08824e+01
  8356  7.74765e+01
  8357  1.57840e+02
  8358  1.33591e+02
  8359  1.53529e+02
  8360  1.17802e+02
  8362  7.96000e+01
  8363  7.96673e+01
  8364  1.46271e+02
  8365  8.62909e+01
  8366  1.12296e+02
  8368  1.17206e+02
  8369  1.48747e+02
  8370  1.18309e+02
  8371  1.53726e+02
  8372  1.25661e+02
  8374  1.29818e+02
  8375  1.09720e+02
  8376  1.49416e+02
  8377  1.34154e+02
  8378  1.32565e+02
  8380  1.58872e+02
  8381  1.35998e+02
  8382  1.66711e+02
  8383  1.10370e+02
  8384  1.31972e+02
  8386  1.56600e+02
  8387  1.43221e+02
  8388  1.43220e+02
  8389  1.29717e+02
  8390  8.96552e+01
  8392  1.62422e+02
  8393  1.37613e+02
  8394  4.64141e+01
  8395 -2.00213e+01
  8396  6.57374e+01
  8398  7.17554e+01
  8399  1.72625e+02
  8400  2.77806e+02
  8401  2.08063e+02
  8402  1.91288e+02
  8404  8.17755e+01
  8405  1.06544e+02
  8406  1.34303e+02
  8407  1.19401e+02
  8408  1.04487e+02
  8410  7.45317e+01
  8411  6.86611e+01
  8412 -4.19418e+01
  8413  7.43950e+01
  8414  2.08960e+02
  8416  2.30174e+01
  8417  1.46410e+02
  8418  1.46205e+02
  8419  3.58288e+01
  8420  8.37512e+01
  8422  1.38080e+02
  8423  1.21683e+02
  8424  1.28801e+02
  8425  1.73490e+02
  8426  1.52711e+01
  8428  6.12117e+01
  8429  1.94013e+02
  8430  2.00538e+02
  8431  7.43796e+01
  8432  1.21050e+02
  8434  1.21786e+02
  8435  1.93870e+02
  8436  1.17336e+02
  8437  6.55411e+01
  8438  8.44169e+01
  8440  1.39739e+02
  8441  1.10092e+02
  8442  7.29740e+01
  8443  6.01080e+01
  8444  7.65416e+01
  8446  1.38118e+02
  8447  1.23441e+02
  8448  1.18018e+02
  8449  1.29420e+02
  8450  6.43726e+01
  8452 -3.37977e+01
  8453  1.83466e+02
  8454  1.44304e+02
  8455  1.51056e+02
  8456  1.48597e+02
  8458  1.16626e+02
  8459  1.44216e+02
  8460  1.23910e+02
  8461  1.03805e+02
  8462  9.02069e+01
  8464 -4.30872e+01
  8465 -9.65843e+00
  8466  1.52478e+02
  8467  1.58267e+02
  8468  7.69404e+01
  8470  1.53441e+02
  8471  8.94324e+01
  8472  1.09113e+02
  8473  9.89062e+01
  8474  1.09099e+02
  8476  8.11749e+01
  8477  1.12735e+02
  8478  1.16820e+02
  8479  1.24330e+02
  8480  1.14464e+02
  8482  1.29573e+02
  8483  1.28456e+02
  8484  1.40205e+02
  8485  1.17799e+02
  8486  7.13607e+01
  8488  1.07909e+02
  8489  7.37630e+01
  8490  7.00193e+01
  8491  2.39823e+01
  8492  2.10902e+01
  8494  1.16567e+01
  8495  8.88162e+01
  8496  1.39143e+02
  8497  1.08955e+02
  8498  1.67717e+02
  8500  8.21700e+01
  8501  6.03172e+01
  8502  4.26422e+00
  8503 -2.24950e+01
  8504  1.29392e+02
  8506  2.11593e+02
  8507  1.25191e+02
  8508  1.61627e+02
  8509  7.07569e+01
  8510  1.49785e+02
  8512  1.18639e+02
  8513  1.25609e+02
  8514  9.35035e+01
  8515  6.80731e+01
  8516  1.48274e+02
  8518  1.19728e+02
  8519  1.04365e+02
  8520  6.49206e+01
  8521  1.31123e+02
  8522  1.32953e+02
  8524  1.24665e+02
  8525  9.05434e+01
  8526  8.03226e+01
  8527  1.28584e+02
  8528  8.76248e+01
  8530  1.54858e+02
  8531  9.24671e+01
  8532  1.69366e+02
  8533  9.42744e+01
  8534  7.31976e+01
  8536  1.15904e+02
  8537  8.21099e+01
  8538  8.11719e+01
  8539  1.41700e+02
  8540  6.83157e+01
  8542  5.34997e+01
  8543  7.85583e+01
  8544  9.73241e+01
  8545  4.78505e+01
  8546  9.25095e+01
  8548  1.25600e+02
  8549  3.41279e+01
  8550  8.75893e+01
  8551  6.51981e+01
  8552  9.91818e+01
  8554  1.16825e+02
  8555  7.73257e+01
  8556  8.70102e+01
  8557  1.00486e+02
  8558  1.36277e+02
  8560  1.55589e+02
  8561  1.41563e+02
  8562  1.01840e+02
  8563  1.40434e+02
  8564  9.67242e+01
  8566  1.11126e+02
  8567  1.11105e+02
  8568  9.45663e+01
  8569  4.01788e+01
  8570  7.02549e+01
  8572  8.30244e+01
  8573  8.84563e+01
  8574  9.51510e+01
  8575  1.00223e+02
  8576  6.99310e+01
  8578  6.24417e+01
  8579  1.07123e+02
  8580  1.00158e+02
  8581  1.31774e+02
  8582  1.80285e+02
  8584  7.83452e+01
  8585  6.18984e+01
  8586  1.17202e+02
  8587  1.14242e+02
  8588  4.69995e+01
  8590  7.44328e+01
  8591  4.61832e+01
  8592  4.10530e+01
  8593  2.55265e+01
  8594  4.15180e+01
  8596  1.75362e+01
  8597  6.35565e+01
  8598  7.97065e+01
  8599  6.40541e+01
  8600  8.97420e+01
  8602  1.02321e+02
  8603  8.10121e+01
  8604  9.83387e+01
  8605  7.19373e+01
  8606  9.19536e+01
  8608  4.65395e+01
  8609  4.58836e+01
  8610  3.64846e+01
  8611  4.42433e+01
  8612  5.15869e+01
  8614  2.70191e+01
  8615  6.45111e+01
  8616  3.76414e+01
  8617 -2.77553e+01
  8618  8.47091e+01
  8620  5.82215e+00
  8621  2.01556e+01
  8622 -6.86453e+01
  8623 -4.00912e+01
  8624 -1.43763e+02
  8626 -6.86143e+01
  8627 -7.22868e+00
  8628 -9.76075e+01
  8629  5.68287e+01
  8630 -1.06267e+01
  8632  1.26410e+01
  8633 -7.66804e+01
  8634  1.93433e+02
  8635  2.14693e+02
  8636  1.45355e+02
  8638  4.86309e+01
  8639  3.31247e+01
  8640  6.86297e+01
  8641  1.32644e+02
  8642  3.24574e+01
  8644  1.04143e+02
  8645  3.53247e+01
  8646  6.73104e+01
  8647 -1.99005e-01
  8648  4.32078e+01
  8650  4.77090e+01
  8651  8.01146e+01
  8652 -2.66151e+01
  8653  7.12144e+01
  8654  4.49654e+01
  8656  1.21384e+02
  8657  6.99703e+00
  8658  6.23359e+01
  8659 -2.29595e+01
  8660  1.03530e+01
  8662  6.47557e+01
  8663  6.74562e+01
  8664  4.74055e+01
  8665  4.33937e+01
  8666  1.12761e+02
  8668  3.08305e+01
  8669  6.52101e+01
  8670 -1.57236e+00
  8671 -4.25380e+01
  8672  8.11878e+01
  8674  7.28217e+01
  8675  1.15150e+02
  8676  5.30589e+01
  8677  9.01697e+01
  8678  1.22028e+02
  8680  9.10647e+01
  8681 -4.48454e+01
  8682  2.01641e+01
  8683  1.18536e+02
  8684  1.09623e+02
  8686  1.30202e+02
  8687  1.58741e+02
  8688  1.11418e+02
  8689  5.31272e+01
  8690  6.47827e+01
  8692  9.59536e+01
  8693  1.08244e+02
  8694  6.86200e+01
  8695  6.37677e+01
  8696  1.13208e+02
  8698  1.04433e+02
  8699  6.02167e+01
  8700  5.42967e+01
  8701  8.93746e+01
  8702  6.98920e+01
  8704  1.08889e+02
  8705  6.25602e+01
  8706  3.27577e+01
  8707  1.12540e+02
  8708  8.28984e+01
  8710  9.52581e+01
  8711  1.13894e+02
  8712  7.70041e+01
  8713  7.83520e+01
  8714  5.60145e+01
  8716  7.02672e+01
  8717  1.31582e+02
  8718  1.29835e+02
  8719  1.03830e+02
  8720  8.57987e+01
  8722  1.11815e+02
  8723  8.35720e+01
  8724  7.71034e+01
  8725  8.23701e+01
  8726  1.29794e+02
  8728  1.15494e+02
  8729  1.03075e+02
  8730  9.43673e+01
  8731  1.56786e+02
  8732  1.73866e+02
  8734  2.02150e+02
  8735  1.45760e+02
  8736  1.15229e+02
  8737  1.23980e+02
  8738  1.20932e+02
  8740  1.10734e+02
  8741  7.80117e+01
  8742  7.70012e+01
  8743  6.09032e+01
  8744  1.22129e+02
  8746  1.23078e+02
  8747  1.01144e+02
  8748  1.05538e+02
  8749  1.15287e+02
  8750  1.17376e+02
  8752  1.29306e+02
  8753  8.23390e+01
  8754  8.39387e+01
  8755  9.94711e+01
  8756  5.66938e+01
  8758 -1.68927e+01
  8759 -1.51983e+02
  8760 -1.82185e+02
  8761 -6.89635e+01
  8762  1.69731e+02
  8764  1.58140e+02
  8765  6.87476e+01
  8766 -2.78308e+02
  8767 -2.43228e+02
  8768  4.54491e+01
  8770  1.89901e+02
  8771  2.44417e+02
  8772  1.59488e+02
  8773  9.99964e+01
  8774 -6.64407e+01
  8776 -1.02472e+02
  8777 -7.49145e+01
  8778  8.20065e+01
  8779  6.66390e+01
  8780  1.80054e+01
  8782  1.82764e+02
  8783  1.62385e+02
  8784  1.23877e+02
  8785  1.12269e+02
  8786  7.24099e+01
  8788  8.35401e+01
  8789  3.54283e+01
  8790  6.03334e+01
  8791  1.37642e+02
  8792  1.21368e+02
  8794  1.28356e+02
  8795  1.59310e+02
  8796  1.44192e+02
  8797  1.65978e+02
  8798  1.45738e+02
  8800  6.24285e+01
  8801  1.16145e+02
  8802  6.66182e+01
  8803  7.85293e+01
  8804  1.25771e+02
  8806  1.18857e+02
  8807  9.08585e+01
  8808  6.54620e+01
  8809  6.28293e+01
  8810  9.35102e+01
  8812  1.30409e+02
  8813  1.30096e+02
  8814  1.37446e+02
  8815  1.16309e+02
  8816  1.18840e+02
  8818  8.78530e+01
  8819  5.28680e+01
  8820  1.27467e+02
  8821  1.16399e+02
  8822  1.76507e+02
  8824  7.76088e+01
  8825 -1.59416e+02
  8826  5.66854e+01
  8827  2.36146e+02
  8828  3.22506e+02
  8830  2.64266e+02
  8831 -2.07028e+00
  8832 -7.00451e+01
  8833 -7.50055e+01
  8834  1.10046e+02
  8836  7.39266e+01
  8837  1.33613e+02
  8838  1.82083e+02
  8839  2.90506e+02
  8840  1.71968e+02
  8842  8.27348e+01
  8843  9.22495e+01
  8844  1.01878e+02
  8845  1.88194e+02
  8846  1.37315e+02
  8848  8.90328e+01
  8849  1.05539e+02
  8850  4.70903e+01
  8851  1.72238e+02
  8852  1.12794e+02
  8854  1.52493e+02
  8855  1.51498e+02
  8856  1.19612e+02
  8857  8.42465e+01
  8858  1.63397e+02
  8860  1.13799e+02
  8861  1.11135e+02
  8862  5.87733e+01
  8863  7.54581e+00
  8864  9.57661e+00
  8866  1.75452e+02
  8867  1.93170e+02
  8868  1.96943e+02
  8869  1.82736e+02
  8870  5.16473e+01
  8872  6.36043e+01
  8873  8.85181e+01
  8874  1.41489e+02
  8875  1.18467e+02
  8876  1.17277e+02
  8878  8.24860e+01
  8879  1.18552e+02
  8880  1.41364e+02
  8881  1.41263e+02
  8882 -5.49384e+01
  8884 -2.25686e+02
  8885 -9.72593e+01
  8886  1.83142e+02
  8887  2.75386e+02
  8888  2.24368e+02
  8890  1.01124e+02
  8891  8.77142e+01
  8892  1.40591e+02
  8893  1.06248e+02
  8894  1.30741e+02
  8896  1.12035e+02
  8897  1.43621e+02
  8898  1.05960e+02
  8899  9.88349e+01
  8900  1.76919e+01
  8902  1.87123e+02
  8903  2.69728e+02
  8904  2.72166e+02
  8905  1.39899e+02
  8906  2.03875e+02
  8908  7.38153e+01
  8909  1.36895e+02
  8910  1.40939e+02
  8911  1.62093e+02
  8912  1.11695e+02
  8914  1.18424e+02
  8915  1.20611e+02
  8916 -6.05134e+00
  8917 -1.48554e+02
  8918  2.66770e+02
  8920  2.26490e+02
  8921  2.77577e+02
  8922  3.82561e+02
  8923  6.88416e+01
  8924  7.85838e+01
  8926  1.27938e+02
  8927  1.32242e+02
  8928  2.14393e+02
  8929  1.56789e+02
  8930  1.31337e+02
  8932  1.03854e+02
  8933  1.01874e+02
  8934  1.22429e+02
  8935  8.16801e+01
  8936  1.08712e+02
  8938  1.18892e+02
  8939  1.23414e+02
  8940  7.14243e+01
  8941 -2.68224e+01
  8942 -6.36959e+01
  8944  1.19243e+02
  8945  2.54125e+02
  8946  2.84418e+02
  8947  1.55515e+02
  8948  9.10837e+01
  8950  1.10684e+02
  8951  1.65081e+02
  8952  1.10507e+02
  8953  4.94084e+01
  8954  5.29595e+01
  8956 -4.44458e+01
  8957  3.41705e-01
  8958  1.03825e+02
  8959  1.33058e+02
  8960  2.31740e+02
  8962  2.26304e+02
  8963  1.11472e+02
  8964  1.32258e+02
  8965  1.26560e+02
  8966  1.44764e+02
  8968  1.14899e+02
  8969  1.33823e+02
  8970  1.25750e+02
  8971  1.62435e+02
  8972  1.02762e+02
  8974  1.43807e+02
  8975  1.66221e+02
  8976  1.28320e+02
  8977  9.80739e+01
  8978  1.86400e+02
  8980  1.58410e+02
  8981  1.58604e+02
  8982  9.52483e+01
  8983  1.09269e+02
  8984  9.46565e+01
  8986  1.12195e+02
  8987 -3.21828e+01
  8988  8.73656e+01
  8989  7.97799e+01
  8990  1.14311e+02
  8992  1.72732e+02
  8993  1.02541e+02
  8994  1.53974e+02
  8995  2.19536e+02
  8996  2.55700e+02
  8998  2.70536e+02
  8999  8.27134e+01
  9000  1.55475e+02
  9001  3.29696e+01
  9002  2.90550e+01
  9004  1.18891e+02
  9005  2.16463e+02
  9006  9.62559e+01
  9007  1.35693e+02
  9008  1.44849e+02
  9010  1.22534e+02
  9011  9.36641e+01
  9012  1.41059e+02
  9013  1.51833e+02
  9014  1.66394e+02
  9016  9.44206e+01
  9017  9.29159e+01
  9018  1.39139e+02
  9019  9.03261e+01
  9020  1.29616e+02
  9022  9.43962e+01
  9023  1.08149e+02
  9024  1.09642e+02
  9025  9.65007e+01
  9026  1.26678e+02
  9028  7.41663e+01
  9029  6.32698e+01
  9030  1.01092e+02
  9031  1.65616e+02
  9032  1.78958e+02
  9034  1.87796e+02
  9035  1.80291e+02
  9036  1.37621e+02
  9037  8.54351e+01
  9038  8.73041e+01
  9040  1.37416e+02
  9041  1.75114e+02
  9042  1.63966e+02
  9043  1.64364e+02
  9044  1.45861e+02
  9046  1.69190e+02
  9047  1.89669e+02
  9048  2.29910e+02
  9049  4.90762e+02
  9050  8.10750e+02
  9052  9.51907e+02
  9053  9.32552e+02
  9054  7.79328e+02
  9055  4.18121e+02
  9056  2.01581e+02
  9058  1.76677e+02
  9059  1.69926e+02
  9060  1.66249e+02
  9061  1.60867e+02
  9062  1.60735e+02
  9064  1.37426e+02
  9065  1.79232e+02
  9066  1.52509e+02
  9067  2.08251e+02
  9068  1.47912e+02
  9070  1.54234e+02
  9071  1.83502e+02
  9072  1.31010e+02
  9073  1.12520e+02
  9074  1.24636e+02
  9076  1.43621e+02
  9077  1.47798e+02
  9078  1.54364e+02
  9079  1.71569e+02
  9080  9.89643e+01
  9082  9.99824e+01
  9083  1.15694e+02
  9084  1.26547e+02
  9085  1.14231e+02
  9086  1.27811e+02
  9088  1.66926e+02
  9089  1.34575e+02
  9090  1.47635e+02
  9091  1.12816e+02
  9092  7.57282e+01
  9094  4.04807e+01
  9095  1.03572e+02
  9096  1.82722e+02
  9097  1.69492e+02
  9098  7.24964e+01
  9100  1.20012e+02
  9101  1.28242e+02
  9102  1.23263e+02
  9103  1.47360e+02
  9104  1.74795e+02
  9106  1.61785e+02
  9107  1.47160e+02
  9108  1.65207e+02
  9109  1.46898e+02
  9110  1.13773e+02
  9112  1.56637e+02
  9113  1.33672e+02
  9114  1.10420e+02
  9115  8.99442e+01
  9116  5.56222e+01
  9118  1.10535e+02
  9119  1.23104e+02
  9120  8.19965e+01
  9121  8.28414e+01
  9122  1.03751e+02
  9124  1.22312e+02
  9125  1.67693e+02
  9126  1.10650e+02
  9127  8.43189e+01
  9128  9.49185e+01
  9130  1.24014e+02
  9131  7.55847e+01
  9132  1.18817e+02
  9133  1.52350e+02
  9134  1.55332e+02
  9136  8.33173e+01
  9137  8.82809e+01
  9138  1.26952e+02
  9139  1.67441e+02
  9140  1.10701e+02
  9142  9.70946e+01
  9143  5.42330e+01
  9144  9.10373e+01
  9145  1.24934e+02
  9146  1.48432e+02
  9148  1.57187e+02
  9149  2.33222e+02
  9150  1.13097e+02