  0.800  0.014000  0.000    0.800   -0.4208    3.7026    3.7026    5.8021    6.1401    0.4171    0.8830    0.5504  5.630E+10  1.0000   4.525  0.000E+00      0.00      0.00      0.00  0.0000   0.000   0.000  0.0000  0.767E+00  0.220E+00  0.198E-02  0.236E-04  0.574E-03  0.502E-02  0.197E-05  0.111E-04  0.166E-02  0.132E-03  0.000E+00
  0.804  0.014000  0.000    0.804   -0.4074    3.7043    3.7043    5.7684    6.1006    0.4087    0.8749    0.5452  5.674E+10  1.0000   4.520  0.000E+00      0.00      0.00      0.00  0.0000   0.000   0.000  0.0000  0.768E+00  0.220E+00  0.197E-02  0.236E-04  0.574E-03  0.501E-02  0.197E-05  0.111E-04  0.166E-02  0.132E-03  0.000E+00
  0.807  0.014000  0.000    0.807   -0.3939    3.7059    3.7059    5.7347    6.0612    0.4003    0.8669    0.5401  5.718E+10  1.0000   4.516  0.000E+00      0.00      0.00      0.00  0.0000   0.000   0.000  0.0000  0.768E+00  0.219E+00  0.197E-02  0.235E-04  0.573E-03  0.500E-02  0.196E-05  0.111E-04  0.166E-02  0.132E-03  0.000E+00
  0.811  0.014000  0.000    0.811   -0.3803    3.7076    3.7076    5.7008    6.0216    0.3920    0.8590    0.5350  5.764E+10  1.0000   4.511  0.000E+00      0.00      0.00      0.00  0.0000   0.000   0.000  0.0000  0.768E+00  0.219E+00  0.197E-02  0.235E-04  0.572E-03  0.500E-02  0.196E-05  0.110E-04  0.166E-02  0.132E-03  0.000E+00
  0.815  0.014000  0.000    0.815   -0.3668    3.7093    3.7093    5.6669    5.9821    0.3837    0.8512    0.5299  5.810E+10  1.0000   4.506  0.000E+00      0.00      0.00      0.00  0.0000   0.000   0.000  0.0000  0.769E+00  0.218E+00  0.196E-02  0.235E-04  0.571E-03  0.499E-02  0.196E-05  0.110E-04  0.165E-02  0.132E-03  0.000E+00
  0.819  0.014000  0.000    0.819   -0.3531    3.7109    3.7109    5.6329    5.9425    0.3756    0.8435    0.5249  5.858E+10  1.0000   4.501  0.000E+00      0.00      0.00      0.00  0.0000   0.000   0.000  0.0000  0.769E+00  0.218E+00  0.196E-02  0.234E-04  0.570E-03  0.498E-02  0.195E-05  0.110E-04  0.165E-02  0.132E-03  0.000E+00
  0.822  0.014000  0.000    0.822   -0.3395    3.7125    3.7125    5.5988    5.9029    0.3676    0.8358    0.5199  5.907E+10  1.0000   4.495  0.000E+00      0.00      0.00      0.00  0.0000   0.000   0.000  0.0000  0.770E+00  0.218E+00  0.196E-02  0.234E-04  0.570E-03  0.498E-02  0.195E-05  0.110E-04  0.165E-02  0.131E-03  0.000E+00
  0.826  0.014000  0.000    0.826   -0.3258    3.7141    3.7141    5.5646    5.8633    0.3597    0.8283    0.5149  5.957E+10  1.0000   4.490  0.000E+00      0.00      0.00      0.00  0.0000   0.000   0.000  0.0000  0.770E+00  0.217E+00  0.195E-02  0.233E-04  0.569E-03  0.497E-02  0.195E-05  0.110E-04  0.165E-02  0.131E-03  0.000E+00
  0.830  0.014000  0.000    0.830   -0.3121    3.7156    3.7156    5.5303    5.8236    0.3519    0.8208    0.5101  6.009E+10  1.0000   4.484  0.000E+00      0.00      0.00      0.00  0.0000   0.000   0.000  0.0000  0.771E+00  0.217E+00  0.195E-02  0.233E-04  0.568E-03  0.496E-02  0.195E-05  0.110E-04  0.165E-02  0.131E-03  0.000E+00
  0.834  0.014000  0.000    0.834   -0.2983    3.7172    3.7172    5.4958    5.7839    0.3441    0.8134    0.5052  6.061E+10  1.0000   4.479  0.000E+00      0.00      0.00      0.00  0.0000   0.000   0.000  0.0000  0.771E+00  0.216E+00  0.195E-02  0.233E-04  0.567E-03  0.496E-02  0.194E-05  0.109E-04  0.165E-02  0.131E-03  0.000E+00
  0.837  0.014000  0.000    0.837   -0.2845    3.7187    3.7187    5.4613    5.7441    0.3364    0.8061    0.5003  6.115E+10  1.0000   4.473  0.000E+00      0.00      0.00      0.00  0.0000   0.000   0.000  0.0000  0.772E+00  0.216E+00  0.195E-02  0.232E-04  0.566E-03  0.495E-02  0.194E-05  0.109E-04  0.164E-02  0.131E-03  0.000E+00
  0.841  0.014000  0.000    0.841   -0.2706    3.7203    3.7203    5.4265    5.7041    0.3287    0.7987    0.4954  6.170E+10  1.0000   4.467  0.000E+00      0.00      0.00      0.00  0.0000   0.000   0.000  0.0000  0.772E+00  0.215E+00  0.194E-02  0.232E-04  0.566E-03  0.494E-02  0.194E-05  0.109E-04  0.164E-02  0.131E-03  0.000E+00
  0.845  0.014000  0.000    0.845   -0.2567    3.7218    3.7218    5.3916    5.6640    0.3211    0.7911    0.4903  6.226E+10  1.0000   4.461  0.000E+00      0.00      0.00      0.00  0.0000   0.000   0.000  0.0000  0.773E+00  0.215E+00  0.194E-02  0.232E-04  0.565E-03  0.494E-02  0.194E-05  0.109E-04  0.164E-02  0.130E-03  0.000E+00
  0.848  0.014000  0.000    0.848   -0.2426    3.7233    3.7233    5.3566    5.6238    0.3136    0.7836    0.4853  6.284E+10  1.0000   4.455  0.000E+00      0.00      0.00      0.00  0.0000   0.000   0.000  0.0000  0.773E+00  0.214E+00  0.194E-02  0.231E-04  0.564E-03  0.493E-02  0.193E-05  0.109E-04  0.164E-02  0.130E-03  0.000E+00
  0.852  0.014000  0.000    0.852   -0.2286    3.7248    3.7248    5.3214    5.5836    0.3062    0.7762    0.4803  6.343E+10  1.0000   4.449  0.000E+00      0.00      0.00      0.00  0.0000   0.000   0.000  0.0000  0.774E+00  0.214E+00  0.193E-02  0.231E-04  0.563E-03  0.492E-02  0.193E-05  0.109E-04  0.164E-02  0.130E-03  0.000E+00
  0.856  0.014000  0.000    0.856   -0.2144    3.7262    3.7262    5.2860    5.5432    0.2989    0.7689    0.4754  6.404E+10  1.0000   4.443  0.000E+00      0.00      0.00      0.00  0.0000   0.000   0.000  0.0000  0.774E+00  0.214E+00  0.193E-02  0.230E-04  0.563E-03  0.492E-02  0.193E-05  0.108E-04  0.163E-02  0.130E-03  0.000E+00
  0.860  0.014000  0.000    0.860   -0.2002    3.7277    3.7277    5.2505    5.5026    0.2916    0.7616    0.4704  6.466E+10  1.0000   4.436  0.000E+00      0.00      0.00      0.00  0.0000   0.000   0.000  0.0000  0.774E+00  0.213E+00  0.193E-02  0.230E-04  0.562E-03  0.491E-02  0.192E-05  0.108E-04  0.163E-02  0.130E-03  0.000E+00
  0.863  0.014000  0.000    0.863   -0.1859    3.7291    3.7291    5.2147    5.4619    0.2844    0.7544    0.4655  6.530E+10  1.0000   4.429  0.000E+00      0.00      0.00      0.00  0.0000   0.000   0.000  0.0000  0.775E+00  0.213E+00  0.193E-02  0.230E-04  0.561E-03  0.491E-02  0.192E-05  0.108E-04  0.163E-02  0.130E-03  0.000E+00
  0.867  0.014000  0.000    0.867   -0.1714    3.7306    3.7306    5.1786    5.4209    0.2772    0.7472    0.4606  6.596E+10  1.0000   4.423  0.000E+00      0.00      0.00      0.00  0.0000   0.000   0.000  0.0000  0.775E+00  0.212E+00  0.192E-02  0.229E-04  0.560E-03  0.490E-02  0.192E-05  0.108E-04  0.163E-02  0.129E-03  0.000E+00
  0.871  0.014000  0.000    0.871   -0.1570    3.7319    3.7319    5.1424    5.3800    0.2703    0.7403    0.4558  6.664E+10  1.0000   4.415  0.000E+00      0.00      0.00      0.00  0.0000   0.000   0.000  0.0000  0.776E+00  0.212E+00  0.192E-02  0.229E-04  0.560E-03  0.489E-02  0.192E-05  0.108E-04  0.163E-02  0.129E-03  0.000E+00
  0.874  0.014000  0.000    0.874   -0.1424    3.7333    3.7333    5.1060    5.3389    0.2635    0.7335    0.4511  6.735E+10  1.0000   4.408  0.000E+00      0.00      0.00      0.00  0.0000   0.000   0.000  0.0000  0.776E+00  0.211E+00  0.192E-02  0.229E-04  0.559E-03  0.489E-02  0.191E-05  0.108E-04  0.162E-02  0.129E-03  0.000E+00
  0.878  0.014000  0.000    0.878   -0.1277    3.7346    3.7346    5.0693    5.2977    0.2569    0.7269    0.4464  6.807E+10  1.0000   4.401  0.000E+00      0.00      0.00      0.00  0.0000   0.000   0.000  0.0000  0.777E+00  0.211E+00  0.192E-02  0.228E-04  0.558E-03  0.488E-02  0.191E-05  0.108E-04  0.162E-02  0.129E-03  0.000E+00
  0.882  0.014000  0.000    0.882   -0.1130    3.7359    3.7359    5.0325    5.2564    0.2504    0.7204    0.4419  6.883E+10  1.0000   4.393  0.000E+00      0.00      0.00      0.00  0.0000   0.000   0.000  0.0000  0.777E+00  0.211E+00  0.191E-02  0.228E-04  0.557E-03  0.488E-02  0.191E-05  0.107E-04  0.162E-02  0.129E-03  0.000E+00
  0.886  0.014000  0.000    0.886   -0.0982    3.7372    3.7372    4.9954    5.2150    0.2440    0.7140    0.4374  6.960E+10  1.0000   4.385  0.000E+00      0.00      0.00      0.00  0.0000   0.000   0.000  0.0000  0.778E+00  0.210E+00  0.191E-02  0.228E-04  0.557E-03  0.487E-02  0.191E-05  0.107E-04  0.162E-02  0.129E-03  0.000E+00
  0.889  0.014000  0.000    0.889   -0.0833    3.7384    3.7384    4.9584    5.1739    0.2381    0.7081    0.4332  7.041E+10  1.0000   4.377  0.000E+00      0.00      0.00      0.00  0.0000   0.000   0.000  0.0000  0.778E+00  0.210E+00  0.191E-02  0.227E-04  0.556E-03  0.487E-02  0.191E-05  0.107E-04  0.162E-02  0.129E-03  0.000E+00
  0.893  0.014000  0.000    0.893   -0.0685    3.7395    3.7395    4.9213    5.1330    0.2325    0.7025    0.4293  7.126E+10  1.0000   4.368  0.000E+00      0.00      0.00      0.00  0.0000   0.000   0.000  0.0000  0.778E+00  0.209E+00  0.191E-02  0.227E-04  0.555E-03  0.486E-02  0.190E-05  0.107E-04  0.162E-02  0.128E-03  0.000E+00
  0.901  0.014000  0.000    0.901   -0.0389    3.7415    3.7415    4.8471    5.0519    0.2223    0.6939    0.4231  7.304E+10  1.0000   4.350  0.000E+00      0.00      0.00      0.00  0.0000   0.000   0.000  0.0000  0.779E+00  0.209E+00  0.190E-02  0.226E-04  0.554E-03  0.485E-02  0.190E-05  0.107E-04  0.161E-02  0.128E-03  0.000E+00
  0.908  0.014000  0.000    0.908   -0.0084    3.7431    3.7431    4.7711    4.9705    0.2145    0.6877    0.4187  7.510E+10  1.0000   4.330  0.000E+00      0.00      0.00      0.00  0.0000   0.000   0.000  0.0000  0.780E+00  0.208E+00  0.189E-02  0.226E-04  0.552E-03  0.483E-02  0.189E-05  0.106E-04  0.161E-02  0.128E-03  0.000E+00
  0.915  0.014000  0.000    0.915    0.0235    3.7445    3.7445    4.6913    4.8858    0.2073    0.6821    0.4146  7.740E+10  1.0000   4.307  0.000E+00      0.00      0.00      0.00  0.0000   0.000   0.000  0.0000  0.781E+00  0.207E+00  0.189E-02  0.225E-04  0.551E-03  0.483E-02  0.189E-05  0.106E-04  0.161E-02  0.127E-03  0.000E+00
  0.930  0.014000  0.000    0.930    0.0901    3.7467    3.7467    4.5247    4.7118    0.1964    0.6735    0.4084  8.274E+10  1.0000   4.256  0.000E+00      0.00      0.00      0.00  0.0000   0.000   0.000  0.0000  0.780E+00  0.208E+00  0.190E-02  0.226E-04  0.554E-03  0.485E-02  0.190E-05  0.107E-04  0.161E-02  0.128E-03  0.000E+00
  0.945  0.014000  0.000    0.945    0.1625    3.7469    3.7469    4.3438    4.5302    0.1955    0.6728    0.4079  8.985E+10  1.0000   4.192  0.000E+00      0.00      0.00      0.00  0.0000   0.000   0.000  0.0000  0.778E+00  0.210E+00  0.192E-02  0.229E-04  0.560E-03  0.490E-02  0.192E-05  0.108E-04  0.162E-02  0.129E-03  0.000E+00
  0.953  0.014000  0.000    0.953    0.2005    3.7452    3.7452    4.2487    4.4408    0.2039    0.6794    0.4127  9.460E+10  1.0000   4.150  0.000E+00      0.00      0.00      0.00  0.0000   0.000   0.000  0.0000  0.775E+00  0.212E+00  0.194E-02  0.231E-04  0.566E-03  0.495E-02  0.194E-05  0.109E-04  0.164E-02  0.130E-03  0.000E+00
  0.956  0.014000  0.000    0.956    0.2197    3.7436    3.7436    4.2008    4.3986    0.2121    0.6858    0.4173  9.744E+10  1.0000   4.126  0.000E+00      0.00      0.00      0.00  0.0000   0.000   0.000  0.0000  0.774E+00  0.214E+00  0.196E-02  0.233E-04  0.570E-03  0.499E-02  0.196E-05  0.110E-04  0.165E-02  0.131E-03  0.000E+00
  0.958  0.014000  0.000    0.958    0.2292    3.7425    3.7425    4.1770    4.3748    0.2218    0.6915    0.4218  9.903E+10  1.0000   4.113  0.000E+00      0.00      0.00      0.00  0.0000   0.000   0.000  0.0000  0.772E+00  0.215E+00  0.197E-02  0.235E-04  0.573E-03  0.501E-02  0.196E-05  0.111E-04  0.166E-02  0.132E-03  0.000E+00
  0.960  0.014000  0.000    0.960    0.2384    3.7411    3.7411    4.1539    4.3521    0.2332    0.6983    0.4271  1.007E+11  1.0000   4.099  0.000E+00      0.00      0.00      0.00  0.0000   0.000   0.000  0.0000  0.771E+00  0.216E+00  0.198E-02  0.236E-04  0.576E-03  0.503E-02  0.197E-05  0.111E-04  0.166E-02  0.133E-03  0.000E+00
  0.962  0.014000  0.000    0.962    0.2474    3.7392    3.7392    4.1314    4.3307    0.2486    0.7081    0.4347  1.026E+11  1.0000   4.084  0.000E+00      0.00      0.00      0.00  0.0000   0.000   0.000  0.0000  0.769E+00  0.218E+00  0.199E-02  0.237E-04  0.579E-03  0.506E-02  0.198E-05  0.112E-04  0.167E-02  0.133E-03  0.000E+00
  0.963  0.014000  0.000    0.963    0.2518    3.7381    3.7381    4.1204    4.3205    0.2579    0.7145    0.4396  1.037E+11  1.0000   4.075  0.000E+00      0.00      0.00      0.00  0.0000   0.000   0.000  0.0000  0.768E+00  0.219E+00  0.199E-02  0.238E-04  0.581E-03  0.507E-02  0.199E-05  0.112E-04  0.168E-02  0.134E-03  0.000E+00
  0.964  0.014000  0.000    0.964    0.2560    3.7369    3.7369    4.1099    4.3109    0.2679    0.7212    0.4449  1.048E+11  1.0000   4.067  0.000E+00      0.00      0.00      0.00  0.0000   0.000   0.000  0.0000  0.767E+00  0.220E+00  0.200E-02  0.239E-04  0.583E-03  0.509E-02  0.200E-05  0.113E-04  0.168E-02  0.134E-03  0.000E+00
  0.965  0.014000  0.000    0.965    0.2601    3.7356    3.7356    4.0997    4.3017    0.2793    0.7288    0.4508  1.059E+11  1.0000   4.057  0.000E+00      0.00      0.00      0.00  0.0000   0.000   0.000  0.0000  0.766E+00  0.221E+00  0.201E-02  0.240E-04  0.585E-03  0.511E-02  0.201E-05  0.113E-04  0.169E-02  0.135E-03  0.000E+00
  0.966  0.014000  0.000    0.966    0.2640    3.7341    3.7341    4.0900    4.2933    0.2922    0.7371    0.4573  1.071E+11  1.0000   4.048  0.000E+00      0.00      0.00      0.00  0.0000   0.000   0.000  0.0000  0.765E+00  0.222E+00  0.202E-02  0.241E-04  0.587E-03  0.513E-02  0.201E-05  0.114E-04  0.170E-02  0.135E-03  0.000E+00
  0.967  0.014000  0.000    0.967    0.2677    3.7324    3.7324    4.0808    4.2855    0.3066    0.7463    0.4645  1.084E+11  1.0000   4.038  0.000E+00      0.00      0.00      0.00  0.0000   0.000   0.000  0.0000  0.763E+00  0.224E+00  0.203E-02  0.243E-04  0.590E-03  0.515E-02  0.202E-05  0.114E-04  0.170E-02  0.136E-03  0.000E+00
  0.968  0.014000  0.000    0.968    0.2711    3.7305    3.7305    4.0722    4.2784    0.3226    0.7561    0.4723  1.098E+11  1.0000   4.028  0.000E+00      0.00      0.00      0.00  0.0000   0.000   0.000  0.0000  0.762E+00  0.225E+00  0.204E-02  0.244E-04  0.592E-03  0.517E-02  0.203E-05  0.115E-04  0.171E-02  0.136E-03  0.000E+00
  0.968  0.014000  0.000    0.968    0.2727    3.7296    3.7296    4.0682    4.2752    0.3313    0.7614    0.4764  1.105E+11  1.0000   4.022  0.000E+00      0.00      0.00      0.00  0.0000   0.000   0.000  0.0000  0.761E+00  0.226E+00  0.204E-02  0.245E-04  0.594E-03  0.518E-02  0.204E-05  0.115E-04  0.171E-02  0.137E-03  0.000E+00
  0.969  0.014000  0.000    0.969    0.2742    3.7285    3.7285    4.0646    4.2724    0.3406    0.7669    0.4808  1.112E+11  1.0000   4.017  0.000E+00      0.00      0.00      0.00  0.0000   0.000   0.000  0.0000  0.760E+00  0.227E+00  0.205E-02  0.245E-04  0.595E-03  0.519E-02  0.204E-05  0.115E-04  0.171E-02  0.137E-03  0.000E+00
  0.969  0.014000  0.000    0.969    0.2756    3.7274    3.7274    4.0610    4.2696    0.3500    0.7724    0.4852  1.119E+11  1.0000   4.011  0.000E+00      0.00      0.00      0.00  0.0000   0.000   0.000  0.0000  0.760E+00  0.227E+00  0.205E-02  0.246E-04  0.596E-03  0.520E-02  0.205E-05  0.116E-04  0.172E-02  0.137E-03  0.000E+00
  0.969  0.014000  0.000    0.969    0.2769    3.7262    3.7262    4.0578    4.2675    0.3608    0.7787    0.4903  1.127E+11  1.0000   4.005  0.000E+00      0.00      0.00      0.00  0.0000   0.000   0.000  0.0000  0.759E+00  0.228E+00  0.206E-02  0.246E-04  0.597E-03  0.521E-02  0.205E-05  0.116E-04  0.172E-02  0.137E-03  0.000E+00
  0.970  0.014000  0.000    0.970    0.2780    3.7250    3.7250    4.0549    4.2656    0.3721    0.7851    0.4955  1.135E+11  1.0000   3.999  0.000E+00      0.00      0.00      0.00  0.0000   0.000   0.000  0.0000  0.758E+00  0.229E+00  0.206E-02  0.247E-04  0.599E-03  0.522E-02  0.205E-05  0.116E-04  0.172E-02  0.138E-03  0.000E+00
  0.970  0.014000  0.000    0.970    0.2792    3.7235    3.7235    4.0521    4.2641    0.3856    0.7926    0.5015  1.144E+11  1.0000   3.993  0.000E+00      0.00      0.00      0.00  0.0000   0.000   0.000  0.0000  0.757E+00  0.230E+00  0.207E-02  0.248E-04  0.600E-03  0.524E-02  0.206E-05  0.116E-04  0.173E-02  0.138E-03  0.000E+00
  0.971  0.014000  0.000    0.971    0.2802    3.7220    3.7220    4.0494    4.2632    0.4000    0.8003    0.5079  1.154E+11  1.0000   3.986  0.000E+00      0.00      0.00      0.00  0.0000   0.000   0.000  0.0000  0.756E+00  0.231E+00  0.207E-02  0.249E-04  0.602E-03  0.525E-02  0.207E-05  0.117E-04  0.173E-02  0.139E-03  0.000E+00
  0.971  0.014000  0.000    0.971    0.2812    3.7203    3.7203    4.0470    4.2628    0.4161    0.8088    0.5149  1.164E+11  1.0000   3.978  0.000E+00      0.00      0.00      0.00  0.0000   0.000   0.000  0.0000  0.755E+00  0.232E+00  0.208E-02  0.249E-04  0.604E-03  0.526E-02  0.207E-05  0.117E-04  0.174E-02  0.139E-03  0.000E+00
  0.972  0.014000  0.000    0.972    0.2820    3.7186    3.7186    4.0449    4.2628    0.4335    0.8175    0.5222  1.175E+11  1.0000   3.971  0.000E+00      0.00      0.00      0.00  0.0000   0.000   0.000  0.0000  0.754E+00  0.233E+00  0.208E-02  0.250E-04  0.605E-03  0.528E-02  0.208E-05  0.117E-04  0.174E-02  0.139E-03  0.000E+00
  0.972  0.014000  0.000    0.972    0.2828    3.7167    3.7167    4.0431    4.2633    0.4525    0.8269    0.5301  1.186E+11  1.0000   3.963  0.000E+00      0.00      0.00      0.00  0.0000   0.000   0.000  0.0000  0.753E+00  0.234E+00  0.209E-02  0.251E-04  0.607E-03  0.529E-02  0.208E-05  0.118E-04  0.174E-02  0.140E-03  0.000E+00
  0.973  0.014000  0.000    0.973    0.2834    3.7146    3.7146    4.0416    4.2643    0.4733    0.8368    0.5386  1.198E+11  1.0000   3.954  0.000E+00      0.00      0.00      0.00  0.0000   0.000   0.000  0.0000  0.751E+00  0.235E+00  0.210E-02  0.252E-04  0.609E-03  0.531E-02  0.209E-05  0.118E-04  0.175E-02  0.140E-03  0.000E+00
  0.973  0.014000  0.000    0.973    0.2839    3.7126    3.7126    4.0402    4.2654    0.4946    0.8467    0.5472  1.210E+11  1.0000   3.945  0.000E+00      0.00      0.00      0.00  0.0000   0.000   0.000  0.0000  0.750E+00  0.237E+00  0.211E-02  0.253E-04  0.611E-03  0.533E-02  0.210E-05  0.119E-04  0.176E-02  0.141E-03  0.000E+00
  0.973  0.014000  0.000    0.973    0.2845    3.7115    3.7115    4.0388    4.2653    0.5064    0.8521    0.5519  1.217E+11  1.0000   3.941  0.000E+00      0.00      0.00      0.00  0.0000   0.000   0.000  0.0000  0.750E+00  0.237E+00  0.211E-02  0.254E-04  0.612E-03  0.533E-02  0.210E-05  0.119E-04  0.176E-02  0.141E-03  0.000E+00
  0.974  0.014000  0.000    0.974    0.2851    3.7104    3.7104    4.0373    4.2650    0.5185    0.8575    0.5567  1.224E+11  1.0000   3.936  0.000E+00      0.00      0.00      0.00  0.0000   0.000   0.000  0.0000  0.749E+00  0.238E+00  0.211E-02  0.254E-04  0.613E-03  0.534E-02  0.210E-05  0.119E-04  0.176E-02  0.141E-03  0.000E+00
  0.974  0.014000  0.000    0.974    0.2857    3.7093    3.7093    4.0358    4.2648    0.5308    0.8629    0.5615  1.231E+11  1.0000   3.931  0.000E+00      0.00      0.00      0.00  0.0000   0.000   0.000  0.0000  0.748E+00  0.238E+00  0.212E-02  0.255E-04  0.614E-03  0.535E-02  0.211E-05  0.119E-04  0.176E-02  0.141E-03  0.000E+00
  0.974  0.014000  0.000    0.974    0.2863    3.7081    3.7081    4.0343    4.2647    0.5432    0.8682    0.5663  1.239E+11  1.0000   3.926  0.000E+00      0.00      0.00      0.00  0.0000   0.000   0.000  0.0000  0.748E+00  0.239E+00  0.212E-02  0.255E-04  0.615E-03  0.536E-02  0.211E-05  0.120E-04  0.177E-02  0.142E-03  0.000E+00
  0.974  0.014000  0.000    0.974    0.2873    3.7070    3.7070    4.0317    4.2632    0.5561    0.8737    0.5713  1.247E+11  1.0000   3.920  0.000E+00      0.00      0.00      0.00  0.0000   0.000   0.000  0.0000  0.747E+00  0.240E+00  0.212E-02  0.256E-04  0.616E-03  0.537E-02  0.211E-05  0.120E-04  0.177E-02  0.142E-03  0.000E+00
  0.975  0.014000  0.000    0.975    0.2885    3.7059    3.7059    4.0287    4.2616    0.5696    0.8792    0.5764  1.255E+11  1.0000   3.915  0.000E+00      0.00      0.00      0.00  0.0000   0.000   0.000  0.0000  0.746E+00  0.240E+00  0.213E-02  0.256E-04  0.617E-03  0.538E-02  0.212E-05  0.120E-04  0.177E-02  0.142E-03  0.000E+00
  0.975  0.014000  0.000    0.975    0.2897    3.7047    3.7047    4.0258    4.2616    0.5840    0.8853    0.5820  1.263E+11  1.0000   3.909  0.000E+00      0.00      0.00      0.00  0.0000   0.000   0.000  0.0000  0.746E+00  0.241E+00  0.213E-02  0.257E-04  0.618E-03  0.538E-02  0.212E-05  0.120E-04  0.177E-02  0.142E-03  0.000E+00
  0.975  0.014000  0.000    0.975    0.2908    3.7036    3.7036    4.0230    4.2617    0.5987    0.8913    0.5876  1.272E+11  1.0000   3.903  0.000E+00      0.00      0.00      0.00  0.0000   0.000   0.000  0.0000  0.745E+00  0.241E+00  0.214E-02  0.257E-04  0.619E-03  0.539E-02  0.213E-05  0.120E-04  0.178E-02  0.143E-03  0.000E+00
  0.975  0.014000  0.000    0.975    0.2924    3.7023    3.7023    4.0190    4.2609    0.6147    0.8978    0.5936  1.281E+11  1.0000   3.897  0.000E+00      0.00      0.00      0.00  0.0000   0.000   0.000  0.0000  0.744E+00  0.242E+00  0.214E-02  0.258E-04  0.620E-03  0.540E-02  0.213E-05  0.121E-04  0.178E-02  0.143E-03  0.000E+00
  0.976  0.014000  0.000    0.976    0.2939    3.7011    3.7011    4.0151    4.2603    0.6309    0.9042    0.5997  1.291E+11  1.0000   3.891  0.000E+00      0.00      0.00      0.00  0.0000   0.000   0.000  0.0000  0.744E+00  0.243E+00  0.214E-02  0.258E-04  0.621E-03  0.541E-02  0.213E-05  0.121E-04  0.178E-02  0.143E-03  0.000E+00
  0.976  0.014000  0.000    0.976    0.2955    3.6999    3.6999    4.0113    4.2617    0.6433    0.9104    0.6050  1.300E+11  1.0000   3.884  0.000E+00      0.00      0.00      0.00  0.0000   0.000   0.000  0.0000  0.743E+00  0.243E+00  0.215E-02  0.259E-04  0.622E-03  0.542E-02  0.214E-05  0.121E-04  0.178E-02  0.143E-03  0.000E+00
  0.976  0.014000  0.000    0.976    0.2970    3.6987    3.6987    4.0075    4.2640    0.6539    0.9165    0.6099  1.310E+11  1.0000   3.878  0.000E+00      0.00      0.00      0.00  0.0000   0.000   0.000  0.0000  0.742E+00  0.244E+00  0.215E-02  0.259E-04  0.623E-03  0.542E-02  0.214E-05  0.121E-04  0.179E-02  0.143E-03  0.000E+00
  0.976  0.014000  0.000    0.976    0.2995    3.6975    3.6975    4.0011    4.2635    0.6661    0.9226    0.6148  1.321E+11  1.0000   3.871  0.000E+00      0.00      0.00      0.00  0.0000   0.000   0.000  0.0000  0.742E+00  0.244E+00  0.215E-02  0.260E-04  0.624E-03  0.543E-02  0.214E-05  0.121E-04  0.179E-02  0.144E-03  0.000E+00
  0.976  0.014000  0.000    0.976    0.3023    3.6963    3.6963    3.9943    4.2623    0.6803    0.9287    0.6197  1.333E+11  1.0000   3.863  0.000E+00      0.00      0.00      0.00  0.0000   0.000   0.000  0.0000  0.741E+00  0.245E+00  0.216E-02  0.260E-04  0.625E-03  0.544E-02  0.215E-05  0.122E-04  0.179E-02  0.144E-03  0.000E+00
  0.977  0.014000  0.000    0.977    0.3050    3.6950    3.6950    3.9876    4.2611    0.6946    0.9348    0.6246  1.344E+11  1.0000   3.856  0.000E+00      0.00      0.00      0.00  0.0000   0.000   0.000  0.0000  0.740E+00  0.246E+00  0.216E-02  0.260E-04  0.626E-03  0.544E-02  0.215E-05  0.122E-04  0.179E-02  0.144E-03  0.000E+00
  0.977  0.014000  0.000    0.977    0.3077    3.6938    3.6938    3.9808    4.2600    0.7088    0.9409    0.6295  1.356E+11  1.0000   3.848  0.000E+00      0.00      0.00      0.00  0.0000   0.000   0.000  0.0000  0.740E+00  0.246E+00  0.216E-02  0.261E-04  0.626E-03  0.545E-02  0.215E-05  0.122E-04  0.179E-02  0.144E-03  0.000E+00
  0.977  0.014000  0.000    0.977    0.3116    3.6927    3.6927    3.9710    4.2553    0.7220    0.9466    0.6340  1.369E+11  1.0000   3.840  0.000E+00      0.00      0.00      0.00  0.0000   0.000   0.000  0.0000  0.739E+00  0.247E+00  0.217E-02  0.261E-04  0.627E-03  0.546E-02  0.215E-05  0.122E-04  0.180E-02  0.144E-03  0.000E+00
  0.977  0.014000  0.000    0.977    0.3159    3.6916    3.6916    3.9602    4.2496    0.7348    0.9520    0.6385  1.383E+11  1.0000   3.831  0.000E+00      0.00      0.00      0.00  0.0000   0.000   0.000  0.0000  0.739E+00  0.247E+00  0.217E-02  0.262E-04  0.628E-03  0.547E-02  0.216E-05  0.122E-04  0.180E-02  0.145E-03  0.000E+00
  0.978  0.014000  0.000    0.978    0.3202    3.6905    3.6905    3.9494    4.2439    0.7476    0.9575    0.6429  1.397E+11  1.0000   3.823  0.000E+00      0.00      0.00      0.00  0.0000   0.000   0.000  0.0000  0.738E+00  0.248E+00  0.217E-02  0.262E-04  0.629E-03  0.547E-02  0.216E-05  0.122E-04  0.180E-02  0.145E-03  0.000E+00
  0.978  0.014000  0.000    0.978    0.3310    3.6885    3.6885    3.9226    4.2261    0.7708    0.9675    0.6509  1.427E+11  1.0000   3.804  0.000E+00      0.00      0.00      0.00  0.0000 -23.466   0.000  0.0000  0.737E+00  0.249E+00  0.218E-02  0.263E-04  0.630E-03  0.548E-02  0.216E-05  0.123E-04  0.180E-02  0.145E-03  0.000E+00
  0.979  0.014000  0.000    0.979    0.3432    3.6867    3.6867    3.8920    4.2039    0.7922    0.9767    0.6582  1.460E+11  1.0000   3.785  0.000E+00      0.00      0.00      0.00  0.0000 -16.101   0.000  0.0000  0.736E+00  0.250E+00  0.218E-02  0.264E-04  0.632E-03  0.549E-02  0.217E-05  0.123E-04  0.181E-02  0.145E-03  0.000E+00
  0.979  0.014000  0.000    0.979    0.3566    3.6850    3.6850    3.8585    4.1780    0.8115    0.9849    0.6649  1.494E+11  1.0000   3.765  0.000E+00      0.00      0.00      0.00  0.0000 -12.004   0.000  0.0000  0.735E+00  0.250E+00  0.219E-02  0.265E-04  0.633E-03  0.550E-02  0.217E-05  0.123E-04  0.181E-02  0.146E-03  0.000E+00
  0.979  0.014000  0.000    0.979    0.3715    3.6836    3.6836    3.8213    4.1473    0.8281    0.9920    0.6706  1.530E+11  1.0000   3.745  0.000E+00      0.00      0.00      0.00  0.0000 -11.979   0.000  0.0000  0.734E+00  0.251E+00  0.219E-02  0.266E-04  0.634E-03  0.551E-02  0.218E-05  0.124E-04  0.181E-02  0.146E-03  0.000E+00
  0.980  0.014000  0.000    0.980    0.3873    3.6823    3.6823    3.7816    4.1138    0.8436    0.9987    0.6759  1.568E+11  1.0000   3.724  0.000E+00      0.00      0.00      0.00  0.0000 -11.952   0.000  0.0000  0.733E+00  0.252E+00  0.219E-02  0.268E-04  0.635E-03  0.552E-02  0.218E-05  0.124E-04  0.182E-02  0.146E-03  0.000E+00
  0.980  0.014000  0.000    0.980    0.4052    3.6811    3.6811    3.7370    4.0744    0.8570    1.0044    0.6806  1.609E+11  1.0000   3.701  0.000E+00      0.00      0.00      0.00  0.0000 -11.923   0.000  0.0000  0.732E+00  0.253E+00  0.220E-02  0.271E-04  0.636E-03  0.553E-02  0.218E-05  0.124E-04  0.182E-02  0.146E-03  0.000E+00
  0.981  0.014000  0.000    0.981    0.4448    3.6794    3.6794    3.6380    3.9832    0.8768    1.0129    0.6874  1.697E+11  1.0000   3.655  0.000E+00      0.00      0.00      0.00  0.0000 -11.861   0.000  0.0000  0.729E+00  0.256E+00  0.220E-02  0.289E-04  0.637E-03  0.554E-02  0.219E-05  0.124E-04  0.182E-02  0.147E-03  0.000E+00
  0.982  0.014000  0.000    0.982    0.4885    3.6778    3.6778    3.5287    3.8813    0.8956    1.0210    0.6939  1.798E+11  1.0000   3.606  0.000E+00      0.00      0.00      0.00  0.0000 -11.791   0.000  0.0000  0.727E+00  0.258E+00  0.220E-02  0.337E-04  0.640E-03  0.555E-02  0.219E-05  0.125E-04  0.183E-02  0.147E-03  0.000E+00
  0.983  0.014000  0.000    0.983    0.5366    3.6764    3.6764    3.4086    3.7676    0.9121    1.0280    0.6995  1.912E+11  1.0000   3.552  0.000E+00      0.00      0.00      0.00  0.0000 -11.718   0.000  0.0000  0.725E+00  0.260E+00  0.219E-02  0.433E-04  0.645E-03  0.556E-02  0.220E-05  0.125E-04  0.183E-02  0.147E-03  0.000E+00
  0.984  0.014000  0.000    0.984    0.5898    3.6751    3.6751    3.2755    3.6403    0.9268    1.0343    0.7046  2.045E+11  1.0000   3.494  0.000E+00      0.00      0.00      0.00  0.0000 -11.635   0.000  0.0000  0.722E+00  0.263E+00  0.216E-02  0.568E-04  0.673E-03  0.557E-02  0.220E-05  0.125E-04  0.183E-02  0.148E-03  0.000E+00
  0.985  0.014000  0.000    0.985    0.6489    3.6738    3.6738    3.1279    3.4990    0.9421    1.0412    0.7101  2.203E+11  1.0000   3.430  0.000E+00      0.00      0.00      0.00  0.0000 -11.544   0.000  0.0000  0.719E+00  0.266E+00  0.212E-02  0.617E-04  0.720E-03  0.558E-02  0.221E-05  0.124E-04  0.183E-02  0.148E-03  0.000E+00
  0.986  0.014000  0.000    0.985    0.7147    3.6719    3.6719    2.9633    3.3438    0.9592    1.0505    0.7176  2.397E+11  1.0000   3.357  0.000E+00      0.00      0.00      0.00  0.0000 -11.443   0.000  0.0000  0.717E+00  0.267E+00  0.209E-02  0.618E-04  0.757E-03  0.558E-02  0.221E-05  0.124E-04  0.183E-02  0.148E-03  0.000E+00
  0.986  0.014000  0.000    0.986    0.7525    3.6708    3.6708    2.8688    3.2549    0.9696    1.0561    0.7222  2.516E+11  1.0000   3.315  0.000E+00      0.00      0.00      0.00  0.0000 -11.383   0.000  0.0000  0.717E+00  0.268E+00  0.208E-02  0.616E-04  0.772E-03  0.558E-02  0.222E-05  0.124E-04  0.183E-02  0.148E-03  0.000E+00
  0.987  0.014000  0.000    0.986    0.7907    3.6696    3.6696    2.7732    3.1651    0.9801    1.0619    0.7268  2.644E+11  1.0000   3.273  0.000E+00      0.00      0.00      0.00  0.0000 -11.324   0.000  0.0000  0.716E+00  0.269E+00  0.207E-02  0.614E-04  0.788E-03  0.558E-02  0.222E-05  0.123E-04  0.184E-02  0.148E-03  0.000E+00
  0.987  0.014000  0.000    0.986    0.8354    3.6682    3.6682    2.6615    3.0602    0.9928    1.0688    0.7324  2.801E+11  1.0000   3.222  0.000E+00      0.00      0.00      0.00  0.0000 -11.254   0.000  0.0000  0.715E+00  0.269E+00  0.206E-02  0.613E-04  0.797E-03  0.559E-02  0.222E-05  0.123E-04  0.184E-02  0.148E-03  0.000E+00
  0.988  0.014000  0.000    0.987    0.8809    3.6668    3.6668    2.5477    2.9537    1.0059    1.0760    0.7382  2.971E+11  1.0000   3.171  0.000E+00      0.00      0.00      0.00  0.0000 -11.182   0.000  0.0000  0.715E+00  0.270E+00  0.205E-02  0.612E-04  0.805E-03  0.559E-02  0.222E-05  0.123E-04  0.184E-02  0.148E-03  0.000E+00
  0.988  0.014000  0.000    0.987    0.9344    3.6649    3.6649    2.4140    2.8297    1.0237    1.0857    0.7460  3.188E+11  1.0000   3.110  0.000E+00      0.00      0.00      0.00  0.0000 -11.099   0.000  0.0000  0.715E+00  0.270E+00  0.205E-02  0.611E-04  0.810E-03  0.559E-02  0.223E-05  0.123E-04  0.184E-02  0.148E-03  0.000E+00
  0.989  0.014000  0.000    0.987    0.9612    3.6639    3.6639    2.3471    2.7676    1.0326    1.0905    0.7500  3.303E+11  1.0000   3.080  0.000E+00      0.00      0.00      0.00  0.0000 -11.057   0.000  0.0000  0.715E+00  0.270E+00  0.205E-02  0.611E-04  0.813E-03  0.559E-02  0.223E-05  0.123E-04  0.184E-02  0.148E-03  0.000E+00
  0.989  0.014000  0.000    0.987    0.9892    3.6628    3.6628    2.2770    2.7028    1.0423    1.0958    0.7542  3.428E+11  1.0000   3.047  0.000E+00      0.00      0.00      0.00  0.0000 -11.014   0.000  0.0000  0.714E+00  0.270E+00  0.205E-02  0.611E-04  0.815E-03  0.559E-02  0.223E-05  0.122E-04  0.184E-02  0.148E-03  0.000E+00
  0.989  0.014000  0.000    0.987    1.0233    3.6614    3.6614    2.1919    2.6251    1.0559    1.1032    0.7603  3.589E+11  1.0000   3.008  0.000E+00      0.00      0.00      0.00  0.0000 -10.960   0.000  0.0000  0.714E+00  0.271E+00  0.205E-02  0.611E-04  0.816E-03  0.559E-02  0.223E-05  0.122E-04  0.184E-02  0.148E-03  0.000E+00
  0.989  0.014000  0.000    0.988    1.0573    3.6599    3.6599    2.1066    2.5473    1.0695    1.1106    0.7663  3.759E+11  1.0000   2.968  0.000E+00      0.00      0.00      0.00  0.0000 -10.905   0.000  0.0000  0.714E+00  0.271E+00  0.204E-02  0.611E-04  0.816E-03  0.559E-02  0.223E-05  0.122E-04  0.184E-02  0.148E-03  0.000E+00
  0.990  0.014000  0.000    0.988    1.0915    3.6584    3.6584    2.0213    2.4694    1.0832    1.1181    0.7724  3.936E+11  1.0000   2.927  0.000E+00      0.00      0.00      0.00  0.0000 -10.851   0.000  0.0000  0.714E+00  0.271E+00  0.204E-02  0.611E-04  0.817E-03  0.559E-02  0.223E-05  0.122E-04  0.184E-02  0.148E-03  0.000E+00
  0.990  0.014000  0.000    0.988    1.1264    3.6569    3.6569    1.9340    2.3898    1.0972    1.1257    0.7786  4.127E+11  1.0000   2.886  0.000E+00      0.00      0.00      0.00  0.0000 -10.796   0.000  0.0000  0.714E+00  0.271E+00  0.204E-02  0.611E-04  0.818E-03  0.559E-02  0.223E-05  0.122E-04  0.184E-02  0.148E-03  0.000E+00
  0.990  0.014000  0.000    0.988    1.1496    3.6558    3.6558    1.8761    2.3370    1.1067    1.1309    0.7828  4.258E+11  1.0000   2.859  0.000E+00      0.00      0.00      0.00  0.0000 -10.759   0.000  0.0000  0.714E+00  0.271E+00  0.204E-02  0.611E-04  0.818E-03  0.559E-02  0.223E-05  0.122E-04  0.184E-02  0.148E-03  0.000E+00
  0.990  0.014000  0.000    0.988    1.1728    3.6548    3.6548    1.8181    2.2842    1.1162    1.1361    0.7870  4.395E+11  1.0000   2.832  0.000E+00      0.00      0.00      0.00  0.0000 -10.722   0.000  0.0000  0.714E+00  0.271E+00  0.204E-02  0.611E-04  0.818E-03  0.559E-02  0.223E-05  0.122E-04  0.184E-02  0.148E-03  0.000E+00
  0.990  0.014000  0.000    0.988    1.1960    3.6537    3.6537    1.7600    2.2314    1.1258    1.1413    0.7913  4.535E+11  1.0000   2.804  0.000E+00      0.00      0.00      0.00  0.0000 -10.686   0.000  0.0000  0.714E+00  0.271E+00  0.204E-02  0.611E-04  0.818E-03  0.559E-02  0.223E-05  0.122E-04  0.184E-02  0.148E-03  0.000E+00
  0.990  0.014000  0.000    0.988    1.2192    3.6527    3.6527    1.7020    2.1785    1.1353    1.1465    0.7955  4.681E+11  1.0000   2.777  0.000E+00      0.00      0.00      0.00  0.0000 -10.649   0.000  0.0000  0.714E+00  0.271E+00  0.204E-02  0.611E-04  0.818E-03  0.559E-02  0.223E-05  0.122E-04  0.184E-02  0.148E-03  0.000E+00
  0.990  0.014000  0.000    0.988    1.2425    3.6517    3.6517    1.6438    2.1256    1.1449    1.1517    0.7998  4.831E+11  1.0000   2.750  0.000E+00      0.00      0.00      0.00  0.0000 -10.612   0.000  0.0000  0.714E+00  0.271E+00  0.204E-02  0.611E-04  0.819E-03  0.559E-02  0.223E-05  0.122E-04  0.184E-02  0.148E-03  0.000E+00
  0.990  0.014000  0.000    0.988    1.2657    3.6506    3.6506    1.5857    2.0727    1.1544    1.1570    0.8041  4.986E+11  1.0000   2.722  0.000E+00      0.00      0.00      0.00  0.0000 -10.575   0.000  0.0000  0.714E+00  0.271E+00  0.204E-02  0.611E-04  0.819E-03  0.559E-02  0.223E-05  0.122E-04  0.184E-02  0.148E-03  0.000E+00
  0.991  0.014000  0.000    0.988    1.3092    3.6487    3.6487    1.4771    1.9751    1.1732    1.1666    0.8120  5.288E+11  1.0000   2.671  0.000E+00      0.00      0.00      0.00  0.0000 -10.506   0.000  0.0000  0.714E+00  0.271E+00  0.204E-02  0.611E-04  0.819E-03  0.559E-02  0.223E-05  0.122E-04  0.184E-02  0.148E-03  0.000E+00
  0.991  0.014000  0.000    0.987    1.3379    3.6479    3.6479    1.4054    1.9078    1.1806    1.1703    0.8150  5.484E+11  1.0000   2.639  0.000E+00      0.00      0.00      0.00  0.0000 -10.461   0.000  0.0000  0.714E+00  0.271E+00  0.204E-02  0.612E-04  0.820E-03  0.559E-02  0.223E-05  0.122E-04  0.184E-02  0.148E-03  0.000E+00
  0.992  0.014000  0.000    0.987    1.3749    3.6466    3.6466    1.3127    1.8231    1.1936    1.1768    0.8204  5.758E+11  1.0000   2.597  0.000E+00      0.00      0.00      0.00  0.0000 -10.403   0.000  0.0000  0.714E+00  0.271E+00  0.204E-02  0.612E-04  0.820E-03  0.559E-02  0.223E-05  0.122E-04  0.184E-02  0.148E-03  0.000E+00
  0.992  0.014000  0.000    0.986    1.4146    3.6443    3.6443    1.2134    1.7382    1.2172    1.1886    0.8301  6.093E+11  1.0000   2.547  0.000E+00      0.00      0.00      0.00  0.0000 -10.338   0.000  0.0000  0.714E+00  0.271E+00  0.204E-02  0.612E-04  0.820E-03  0.559E-02  0.223E-05  0.122E-04  0.184E-02  0.148E-03  0.000E+00
  0.992  0.014000  0.000    0.986    1.4544    3.6419    3.6419    1.1141    1.6531    1.2408    1.2004    0.8399  6.448E+11  1.0000   2.498  0.000E+00      0.00      0.00      0.00  0.0000 -10.274   0.000  0.0000  0.714E+00  0.271E+00  0.204E-02  0.612E-04  0.820E-03  0.559E-02  0.223E-05  0.122E-04  0.184E-02  0.148E-03  0.000E+00
  0.992  0.014000  0.000    0.986    1.4941    3.6396    3.6396    1.0146    1.5680    1.2644    1.2122    0.8497  6.824E+11  1.0000   2.449  0.000E+00      0.00      0.00      0.00  0.0000 -10.210   0.000  0.0000  0.714E+00  0.271E+00  0.204E-02  0.612E-04  0.820E-03  0.559E-02  0.223E-05  0.122E-04  0.184E-02  0.148E-03  0.000E+00
  0.992  0.014000  0.000    0.986    1.5340    3.6372    3.6372    0.9151    1.4829    1.2881    1.2241    0.8595  7.223E+11  1.0000   2.399  0.000E+00      0.00      0.00      0.00  0.0000 -10.145   0.000  0.0000  0.714E+00  0.271E+00  0.204E-02  0.612E-04  0.821E-03  0.559E-02  0.223E-05  0.122E-04  0.184E-02  0.148E-03  0.000E+00
  0.992  0.014000  0.000    0.985    1.5738    3.6348    3.6348    0.8155    1.3977    1.3118    1.2359    0.8695  7.645E+11  1.0000   2.350  0.000E+00      0.00      0.00      0.00  0.0000 -10.081   0.000  0.0000  0.714E+00  0.271E+00  0.204E-02  0.612E-04  0.821E-03  0.559E-02  0.223E-05  0.122E-04  0.184E-02  0.148E-03  0.000E+00
  0.992  0.014000  0.000    0.985    1.6137    3.6324    3.6324    0.7158    1.3124    1.3355    1.2478    0.8794  8.092E+11  1.0000   2.300  0.000E+00      0.00      0.00      0.00  0.0000 -10.016   0.000  0.0000  0.714E+00  0.271E+00  0.204E-02  0.612E-04  0.821E-03  0.559E-02  0.223E-05  0.122E-04  0.184E-02  0.148E-03  0.000E+00
  0.992  0.014000  0.000    0.985    1.6536    3.6301    3.6301    0.6160    1.2270    1.3593    1.2596    0.8895  8.565E+11  1.0000   2.251  0.000E+00      0.00      0.00      0.00  0.0000  -9.952   0.000  0.0000  0.714E+00  0.271E+00  0.204E-02  0.612E-04  0.821E-03  0.559E-02  0.223E-05  0.122E-04  0.184E-02  0.148E-03  0.000E+00
  0.993  0.014000  0.000    0.983    1.7108    3.6262    3.6262    0.4730    1.1074    1.3979    1.2789    0.9058  9.313E+11  1.0000   2.178  0.000E+00      0.00      0.00      0.00  0.0000  -9.858   0.000  0.0000  0.714E+00  0.271E+00  0.204E-02  0.613E-04  0.821E-03  0.559E-02  0.223E-05  0.122E-04  0.184E-02  0.148E-03  0.000E+00
  0.993  0.014000  0.000    0.979    1.8190    3.6180    3.6180    0.2024    0.8973    1.4776    1.3201    0.9413  1.096E+12  1.0000   2.035  0.000E+00      0.00      0.00      0.00  0.0000  -9.677   0.000  0.0000  0.714E+00  0.271E+00  0.204E-02  0.613E-04  0.821E-03  0.559E-02  0.223E-05  0.122E-04  0.184E-02  0.148E-03  0.000E+00
  0.993  0.014000  0.000    0.975    1.9274    3.6097    3.6097   -0.0685    0.6978    1.5545    1.3614    0.9775  1.289E+12  1.0000   1.891  0.000E+00      0.00      0.00      0.00  0.0000  -9.496   0.000  0.0000  0.714E+00  0.271E+00  0.204E-02  0.613E-04  0.821E-03  0.559E-02  0.223E-05  0.122E-04  0.184E-02  0.148E-03  0.000E+00
  0.993  0.014000  0.000    0.971    2.0360    3.6015    3.6015   -0.3399    0.4981    1.6317    1.4027    1.0146  1.518E+12  1.0000   1.748  0.000E+00      0.00      0.00      0.00  0.0000  -9.315   0.000  0.0000  0.714E+00  0.271E+00  0.204E-02  0.613E-04  0.821E-03  0.559E-02  0.223E-05  0.122E-04  0.184E-02  0.148E-03  0.000E+00
  0.993  0.014000  0.000    0.967    2.1447    3.5932    3.5932   -0.6117    0.2980    1.7089    1.4441    1.0528  1.787E+12  1.0000   1.604  0.000E+00      0.00      0.00      0.00  0.0000  -9.133   0.000  0.0000  0.714E+00  0.271E+00  0.204E-02  0.613E-04  0.822E-03  0.559E-02  0.223E-05  0.122E-04  0.184E-02  0.148E-03  0.000E+00
  0.993  0.014000  0.000    0.962    2.2535    3.5849    3.5849   -0.8838    0.1427    1.7673    1.4855    1.0922  2.104E+12  1.0000   1.460  0.000E+00      0.00      0.00      0.00  0.0000  -8.951   0.000  0.0000  0.714E+00  0.271E+00  0.204E-02  0.613E-04  0.822E-03  0.559E-02  0.223E-05  0.122E-04  0.184E-02  0.148E-03  0.000E+00
  0.993  0.014000  0.000    0.958    2.3626    3.5766    3.5766   -1.1564   -0.0053    1.8227    1.5270    1.1330  2.478E+12  1.0000   1.316  0.000E+00      0.00      0.00      0.00  0.0000  -8.769   0.000  0.0000  0.714E+00  0.271E+00  0.204E-02  0.613E-04  0.822E-03  0.559E-02  0.223E-05  0.122E-04  0.184E-02  0.148E-03  0.000E+00
  0.993  0.014000  0.000    0.954    2.4718    3.5683    3.5683   -1.4294   -0.1497    1.8476    1.5533    1.1596  2.920E+12  1.0000   1.172  0.000E+00      0.00      0.00      0.00  0.0000  -8.587   0.000  0.0000  0.714E+00  0.271E+00  0.204E-02  0.613E-04  0.822E-03  0.559E-02  0.223E-05  0.122E-04  0.184E-02  0.148E-03  0.000E+00
