  0.800  0.014000  0.000    0.800   -0.5218    3.6927    3.6927    6.0546    6.4265    0.4667    0.9317    0.5814  5.246E+10  1.0000   4.586  0.000E+00      0.00      0.00      0.00  0.0000   0.000   0.000  0.0000  0.745E+00  0.242E+00  0.212E-02  0.255E-04  0.615E-03  0.535E-02  0.211E-05  0.119E-04  0.177E-02  0.142E-03  0.000E+00
  0.804  0.014000  0.000    0.804   -0.5107    3.6943    3.6943    6.0268    6.3933    0.4586    0.9236    0.5763  5.274E+10  1.0000   4.584  0.000E+00      0.00      0.00      0.00  0.0000   0.000   0.000  0.0000  0.745E+00  0.242E+00  0.212E-02  0.255E-04  0.614E-03  0.535E-02  0.211E-05  0.119E-04  0.176E-02  0.142E-03  0.000E+00
  0.807  0.014000  0.000    0.807   -0.4997    3.6959    3.6959    5.9991    6.3601    0.4506    0.9156    0.5712  5.303E+10  1.0000   4.581  0.000E+00      0.00      0.00      0.00  0.0000   0.000   0.000  0.0000  0.745E+00  0.241E+00  0.212E-02  0.255E-04  0.614E-03  0.534E-02  0.211E-05  0.119E-04  0.176E-02  0.141E-03  0.000E+00
  0.811  0.014000  0.000    0.811   -0.4886    3.6975    3.6975    5.9715    6.3270    0.4426    0.9076    0.5661  5.331E+10  1.0000   4.578  0.000E+00      0.00      0.00      0.00  0.0000   0.000   0.000  0.0000  0.746E+00  0.241E+00  0.212E-02  0.255E-04  0.613E-03  0.534E-02  0.210E-05  0.119E-04  0.176E-02  0.141E-03  0.000E+00
  0.815  0.014000  0.000    0.815   -0.4776    3.6991    3.6991    5.9439    6.2939    0.4347    0.8997    0.5611  5.360E+10  1.0000   4.576  0.000E+00      0.00      0.00      0.00  0.0000   0.000   0.000  0.0000  0.746E+00  0.241E+00  0.212E-02  0.255E-04  0.613E-03  0.534E-02  0.210E-05  0.119E-04  0.176E-02  0.141E-03  0.000E+00
  0.819  0.014000  0.000    0.819   -0.4665    3.7006    3.7006    5.9163    6.2610    0.4268    0.8922    0.5563  5.389E+10  1.0000   4.573  0.000E+00      0.00      0.00      0.00  0.0000   0.000   0.000  0.0000  0.746E+00  0.241E+00  0.211E-02  0.254E-04  0.612E-03  0.533E-02  0.210E-05  0.119E-04  0.176E-02  0.141E-03  0.000E+00
  0.822  0.014000  0.000    0.822   -0.4555    3.7022    3.7022    5.8888    6.2281    0.4189    0.8847    0.5515  5.419E+10  1.0000   4.570  0.000E+00      0.00      0.00      0.00  0.0000   0.000   0.000  0.0000  0.746E+00  0.240E+00  0.211E-02  0.254E-04  0.612E-03  0.533E-02  0.210E-05  0.119E-04  0.176E-02  0.141E-03  0.000E+00
  0.826  0.014000  0.000    0.826   -0.4445    3.7038    3.7038    5.8613    6.1952    0.4111    0.8772    0.5467  5.448E+10  1.0000   4.568  0.000E+00      0.00      0.00      0.00  0.0000   0.000   0.000  0.0000  0.747E+00  0.240E+00  0.211E-02  0.254E-04  0.612E-03  0.533E-02  0.210E-05  0.119E-04  0.176E-02  0.141E-03  0.000E+00
  0.830  0.014000  0.000    0.830   -0.4336    3.7053    3.7053    5.8339    6.1625    0.4033    0.8698    0.5419  5.478E+10  1.0000   4.565  0.000E+00      0.00      0.00      0.00  0.0000   0.000   0.000  0.0000  0.747E+00  0.240E+00  0.211E-02  0.254E-04  0.611E-03  0.532E-02  0.210E-05  0.119E-04  0.176E-02  0.141E-03  0.000E+00
  0.834  0.014000  0.000    0.834   -0.4226    3.7069    3.7069    5.8065    6.1297    0.3955    0.8624    0.5371  5.508E+10  1.0000   4.562  0.000E+00      0.00      0.00      0.00  0.0000   0.000   0.000  0.0000  0.747E+00  0.240E+00  0.211E-02  0.254E-04  0.611E-03  0.532E-02  0.210E-05  0.119E-04  0.176E-02  0.141E-03  0.000E+00
  0.837  0.014000  0.000    0.837   -0.4116    3.7084    3.7084    5.7791    6.0971    0.3878    0.8550    0.5324  5.538E+10  1.0000   4.559  0.000E+00      0.00      0.00      0.00  0.0000   0.000   0.000  0.0000  0.747E+00  0.239E+00  0.211E-02  0.253E-04  0.610E-03  0.531E-02  0.209E-05  0.119E-04  0.175E-02  0.141E-03  0.000E+00
  0.841  0.014000  0.000    0.841   -0.4007    3.7100    3.7100    5.7518    6.0645    0.3801    0.8477    0.5276  5.569E+10  1.0000   4.556  0.000E+00      0.00      0.00      0.00  0.0000   0.000   0.000  0.0000  0.748E+00  0.239E+00  0.210E-02  0.253E-04  0.610E-03  0.531E-02  0.209E-05  0.118E-04  0.175E-02  0.141E-03  0.000E+00
  0.845  0.014000  0.000    0.845   -0.3898    3.7115    3.7115    5.7245    6.0319    0.3724    0.8404    0.5228  5.600E+10  1.0000   4.553  0.000E+00      0.00      0.00      0.00  0.0000   0.000   0.000  0.0000  0.748E+00  0.239E+00  0.210E-02  0.253E-04  0.609E-03  0.531E-02  0.209E-05  0.118E-04  0.175E-02  0.141E-03  0.000E+00
  0.848  0.014000  0.000    0.848   -0.3789    3.7130    3.7130    5.6972    5.9994    0.3648    0.8331    0.5181  5.631E+10  1.0000   4.551  0.000E+00      0.00      0.00      0.00  0.0000   0.000   0.000  0.0000  0.748E+00  0.238E+00  0.210E-02  0.253E-04  0.609E-03  0.530E-02  0.209E-05  0.118E-04  0.175E-02  0.140E-03  0.000E+00
  0.852  0.014000  0.000    0.852   -0.3680    3.7146    3.7146    5.6699    5.9669    0.3572    0.8259    0.5134  5.662E+10  1.0000   4.548  0.000E+00      0.00      0.00      0.00  0.0000   0.000   0.000  0.0000  0.749E+00  0.238E+00  0.210E-02  0.252E-04  0.608E-03  0.530E-02  0.209E-05  0.118E-04  0.175E-02  0.140E-03  0.000E+00
  0.856  0.014000  0.000    0.856   -0.3571    3.7161    3.7161    5.6427    5.9345    0.3496    0.8186    0.5086  5.694E+10  1.0000   4.545  0.000E+00      0.00      0.00      0.00  0.0000   0.000   0.000  0.0000  0.749E+00  0.238E+00  0.210E-02  0.252E-04  0.608E-03  0.530E-02  0.209E-05  0.118E-04  0.175E-02  0.140E-03  0.000E+00
  0.860  0.014000  0.000    0.860   -0.3462    3.7176    3.7176    5.6155    5.9022    0.3420    0.8115    0.5039  5.725E+10  1.0000   4.542  0.000E+00      0.00      0.00      0.00  0.0000   0.000   0.000  0.0000  0.749E+00  0.238E+00  0.209E-02  0.252E-04  0.607E-03  0.529E-02  0.208E-05  0.118E-04  0.175E-02  0.140E-03  0.000E+00
  0.863  0.014000  0.000    0.863   -0.3353    3.7191    3.7191    5.5883    5.8699    0.3345    0.8043    0.4991  5.758E+10  1.0000   4.539  0.000E+00      0.00      0.00      0.00  0.0000   0.000   0.000  0.0000  0.749E+00  0.237E+00  0.209E-02  0.252E-04  0.607E-03  0.529E-02  0.208E-05  0.118E-04  0.175E-02  0.140E-03  0.000E+00
  0.867  0.014000  0.000    0.867   -0.3245    3.7206    3.7206    5.5612    5.8376    0.3271    0.7971    0.4943  5.790E+10  1.0000   4.536  0.000E+00      0.00      0.00      0.00  0.0000   0.000   0.000  0.0000  0.750E+00  0.237E+00  0.209E-02  0.252E-04  0.606E-03  0.528E-02  0.208E-05  0.118E-04  0.175E-02  0.140E-03  0.000E+00
  0.871  0.014000  0.000    0.871   -0.3136    3.7221    3.7221    5.5340    5.8054    0.3196    0.7896    0.4894  5.823E+10  1.0000   4.533  0.000E+00      0.00      0.00      0.00  0.0000   0.000   0.000  0.0000  0.750E+00  0.237E+00  0.209E-02  0.251E-04  0.606E-03  0.528E-02  0.208E-05  0.118E-04  0.174E-02  0.140E-03  0.000E+00
  0.874  0.014000  0.000    0.874   -0.3028    3.7235    3.7235    5.5069    5.7732    0.3123    0.7823    0.4844  5.856E+10  1.0000   4.530  0.000E+00      0.00      0.00      0.00  0.0000   0.000   0.000  0.0000  0.750E+00  0.237E+00  0.209E-02  0.251E-04  0.606E-03  0.528E-02  0.208E-05  0.118E-04  0.174E-02  0.140E-03  0.000E+00
  0.878  0.014000  0.000    0.878   -0.2919    3.7250    3.7250    5.4798    5.7411    0.3049    0.7749    0.4794  5.890E+10  1.0000   4.526  0.000E+00      0.00      0.00      0.00  0.0000   0.000   0.000  0.0000  0.751E+00  0.236E+00  0.209E-02  0.251E-04  0.605E-03  0.527E-02  0.208E-05  0.117E-04  0.174E-02  0.140E-03  0.000E+00
  0.882  0.014000  0.000    0.882   -0.2811    3.7265    3.7265    5.4527    5.7089    0.2976    0.7676    0.4745  5.923E+10  1.0000   4.523  0.000E+00      0.00      0.00      0.00  0.0000   0.000   0.000  0.0000  0.751E+00  0.236E+00  0.208E-02  0.251E-04  0.605E-03  0.527E-02  0.208E-05  0.117E-04  0.174E-02  0.140E-03  0.000E+00
  0.886  0.014000  0.000    0.886   -0.2702    3.7279    3.7279    5.4256    5.6768    0.2903    0.7603    0.4695  5.958E+10  1.0000   4.520  0.000E+00      0.00      0.00      0.00  0.0000   0.000   0.000  0.0000  0.751E+00  0.236E+00  0.208E-02  0.250E-04  0.604E-03  0.527E-02  0.207E-05  0.117E-04  0.174E-02  0.139E-03  0.000E+00
  0.889  0.014000  0.000    0.889   -0.2594    3.7294    3.7294    5.3985    5.6448    0.2830    0.7530    0.4645  5.992E+10  1.0000   4.517  0.000E+00      0.00      0.00      0.00  0.0000   0.000   0.000  0.0000  0.751E+00  0.236E+00  0.208E-02  0.250E-04  0.604E-03  0.526E-02  0.207E-05  0.117E-04  0.174E-02  0.139E-03  0.000E+00
  0.893  0.014000  0.000    0.893   -0.2486    3.7308    3.7308    5.3715    5.6128    0.2758    0.7458    0.4596  6.027E+10  1.0000   4.514  0.000E+00      0.00      0.00      0.00  0.0000   0.000   0.000  0.0000  0.752E+00  0.235E+00  0.208E-02  0.250E-04  0.603E-03  0.526E-02  0.207E-05  0.117E-04  0.174E-02  0.139E-03  0.000E+00
  0.897  0.014000  0.000    0.897   -0.2378    3.7323    3.7323    5.3444    5.5809    0.2687    0.7387    0.4546  6.063E+10  1.0000   4.510  0.000E+00      0.00      0.00      0.00  0.0000   0.000   0.000  0.0000  0.752E+00  0.235E+00  0.208E-02  0.250E-04  0.603E-03  0.525E-02  0.207E-05  0.117E-04  0.174E-02  0.139E-03  0.000E+00
  0.901  0.014000  0.000    0.901   -0.2269    3.7337    3.7337    5.3174    5.5490    0.2617    0.7317    0.4498  6.099E+10  1.0000   4.507  0.000E+00      0.00      0.00      0.00  0.0000   0.000   0.000  0.0000  0.752E+00  0.235E+00  0.208E-02  0.249E-04  0.602E-03  0.525E-02  0.207E-05  0.117E-04  0.174E-02  0.139E-03  0.000E+00
  0.904  0.014000  0.000    0.904   -0.2161    3.7349    3.7349    5.2902    5.5177    0.2555    0.7255    0.4455  6.141E+10  1.0000   4.503  0.000E+00      0.00      0.00      0.00  0.0000   0.000   0.000  0.0000  0.753E+00  0.234E+00  0.207E-02  0.249E-04  0.602E-03  0.524E-02  0.206E-05  0.117E-04  0.173E-02  0.139E-03  0.000E+00
  0.908  0.014000  0.000    0.908   -0.2053    3.7361    3.7361    5.2631    5.4863    0.2493    0.7193    0.4411  6.183E+10  1.0000   4.499  0.000E+00      0.00      0.00      0.00  0.0000   0.000   0.000  0.0000  0.753E+00  0.234E+00  0.207E-02  0.249E-04  0.601E-03  0.524E-02  0.206E-05  0.117E-04  0.173E-02  0.139E-03  0.000E+00
  0.912  0.014000  0.000    0.912   -0.1944    3.7374    3.7374    5.2360    5.4550    0.2432    0.7132    0.4369  6.226E+10  1.0000   4.495  0.000E+00      0.00      0.00      0.00  0.0000   0.000   0.000  0.0000  0.753E+00  0.234E+00  0.207E-02  0.249E-04  0.600E-03  0.523E-02  0.206E-05  0.117E-04  0.173E-02  0.139E-03  0.000E+00
  0.915  0.014000  0.000    0.915   -0.1835    3.7386    3.7386    5.2089    5.4237    0.2371    0.7071    0.4325  6.269E+10  1.0000   4.490  0.000E+00      0.00      0.00      0.00  0.0000   0.000   0.000  0.0000  0.754E+00  0.233E+00  0.207E-02  0.248E-04  0.600E-03  0.523E-02  0.206E-05  0.116E-04  0.173E-02  0.138E-03  0.000E+00
  0.919  0.014000  0.000    0.919   -0.1727    3.7398    3.7398    5.1817    5.3925    0.2311    0.7011    0.4282  6.312E+10  1.0000   4.486  0.000E+00      0.00      0.00      0.00  0.0000   0.000   0.000  0.0000  0.754E+00  0.233E+00  0.206E-02  0.248E-04  0.599E-03  0.522E-02  0.206E-05  0.116E-04  0.173E-02  0.138E-03  0.000E+00
  0.927  0.014000  0.000    0.927   -0.1510    3.7422    3.7422    5.1275    5.3301    0.2191    0.6914    0.4214  6.401E+10  1.0000   4.477  0.000E+00      0.00      0.00      0.00  0.0000   0.000   0.000  0.0000  0.755E+00  0.232E+00  0.206E-02  0.247E-04  0.598E-03  0.521E-02  0.205E-05  0.116E-04  0.172E-02  0.138E-03  0.000E+00
  0.934  0.014000  0.000    0.934   -0.1293    3.7445    3.7445    5.0732    5.2678    0.2074    0.6821    0.4147  6.492E+10  1.0000   4.469  0.000E+00      0.00      0.00      0.00  0.0000   0.000   0.000  0.0000  0.756E+00  0.231E+00  0.205E-02  0.247E-04  0.596E-03  0.520E-02  0.205E-05  0.116E-04  0.172E-02  0.138E-03  0.000E+00
  0.942  0.014000  0.000    0.942   -0.1076    3.7468    3.7468    5.0189    5.2055    0.1958    0.6730    0.4080  6.586E+10  1.0000   4.460  0.000E+00      0.00      0.00      0.00  0.0000   0.000   0.000  0.0000  0.757E+00  0.230E+00  0.205E-02  0.246E-04  0.595E-03  0.519E-02  0.204E-05  0.115E-04  0.172E-02  0.137E-03  0.000E+00
  0.949  0.014000  0.000    0.949   -0.0858    3.7491    3.7491    4.9646    5.1434    0.1844    0.6640    0.4015  6.683E+10  1.0000   4.450  0.000E+00      0.00      0.00      0.00  0.0000   0.000   0.000  0.0000  0.758E+00  0.229E+00  0.204E-02  0.245E-04  0.593E-03  0.518E-02  0.204E-05  0.115E-04  0.171E-02  0.137E-03  0.000E+00
  0.956  0.014000  0.000    0.956   -0.0641    3.7513    3.7513    4.9102    5.0814    0.1733    0.6552    0.3950  6.782E+10  1.0000   4.441  0.000E+00      0.00      0.00      0.00  0.0000   0.000   0.000  0.0000  0.758E+00  0.229E+00  0.204E-02  0.244E-04  0.592E-03  0.516E-02  0.203E-05  0.115E-04  0.171E-02  0.137E-03  0.000E+00
  0.964  0.014000  0.000    0.964   -0.0423    3.7536    3.7536    4.8558    5.0194    0.1622    0.6465    0.3886  6.884E+10  1.0000   4.431  0.000E+00      0.00      0.00      0.00  0.0000   0.000   0.000  0.0000  0.759E+00  0.228E+00  0.203E-02  0.244E-04  0.590E-03  0.515E-02  0.203E-05  0.114E-04  0.171E-02  0.136E-03  0.000E+00
  0.971  0.014000  0.000    0.971   -0.0205    3.7557    3.7557    4.8013    4.9577    0.1517    0.6382    0.3824  6.990E+10  1.0000   4.421  0.000E+00      0.00      0.00      0.00  0.0000   0.000   0.000  0.0000  0.760E+00  0.227E+00  0.203E-02  0.243E-04  0.589E-03  0.514E-02  0.202E-05  0.114E-04  0.170E-02  0.136E-03  0.000E+00
  0.979  0.014000  0.000    0.979    0.0013    3.7577    3.7577    4.7468    4.8961    0.1413    0.6300    0.3762  7.100E+10  1.0000   4.411  0.000E+00      0.00      0.00      0.00  0.0000   0.000   0.000  0.0000  0.761E+00  0.226E+00  0.202E-02  0.242E-04  0.588E-03  0.513E-02  0.202E-05  0.114E-04  0.170E-02  0.136E-03  0.000E+00
  0.986  0.014000  0.000    0.986    0.0231    3.7598    3.7598    4.6922    4.8346    0.1312    0.6220    0.3702  7.214E+10  1.0000   4.401  0.000E+00      0.00      0.00      0.00  0.0000   0.000   0.000  0.0000  0.762E+00  0.225E+00  0.202E-02  0.242E-04  0.586E-03  0.512E-02  0.201E-05  0.114E-04  0.170E-02  0.135E-03  0.000E+00
  0.994  0.014000  0.000    0.994    0.0450    3.7617    3.7617    4.6375    4.7732    0.1214    0.6143    0.3644  7.331E+10  1.0000   4.390  0.000E+00      0.00      0.00      0.00  0.0000   0.000   0.000  0.0000  0.763E+00  0.224E+00  0.201E-02  0.241E-04  0.585E-03  0.510E-02  0.201E-05  0.113E-04  0.169E-02  0.135E-03  0.000E+00
  1.001  0.014000  0.000    1.001    0.0669    3.7636    3.7636    4.5826    4.7120    0.1122    0.6070    0.3588  7.455E+10  1.0000   4.379  0.000E+00      0.00      0.00      0.00  0.0000   0.000   0.000  0.0000  0.764E+00  0.223E+00  0.200E-02  0.240E-04  0.583E-03  0.509E-02  0.200E-05  0.113E-04  0.169E-02  0.135E-03  0.000E+00
  1.009  0.014000  0.000    1.009    0.0889    3.7651    3.7651    4.5278    4.6518    0.1044    0.6008    0.3541  7.591E+10  1.0000   4.366  0.000E+00      0.00      0.00      0.00  0.0000   0.000   0.000  0.0000  0.766E+00  0.221E+00  0.199E-02  0.239E-04  0.580E-03  0.506E-02  0.199E-05  0.112E-04  0.168E-02  0.134E-03  0.000E+00
  1.016  0.014000  0.000    1.016    0.1108    3.7666    3.7666    4.4729    4.5919    0.0969    0.5949    0.3495  7.731E+10  1.0000   4.353  0.000E+00      0.00      0.00      0.00  0.0000   0.000   0.000  0.0000  0.768E+00  0.220E+00  0.198E-02  0.237E-04  0.577E-03  0.504E-02  0.198E-05  0.112E-04  0.167E-02  0.133E-03  0.000E+00
  1.023  0.014000  0.000    1.023    0.1326    3.7680    3.7680    4.4184    4.5325    0.0898    0.5893    0.3452  7.877E+10  1.0000   4.340  0.000E+00      0.00      0.00      0.00  0.0000   0.000   0.000  0.0000  0.770E+00  0.218E+00  0.197E-02  0.235E-04  0.573E-03  0.501E-02  0.197E-05  0.111E-04  0.166E-02  0.133E-03  0.000E+00
  1.038  0.014000  0.000    1.038    0.1752    3.7704    3.7704    4.3119    4.4178    0.0779    0.5799    0.3379  8.182E+10  1.0000   4.314  0.000E+00      0.00      0.00      0.00  0.0000   0.000   0.000  0.0000  0.774E+00  0.214E+00  0.195E-02  0.232E-04  0.567E-03  0.496E-02  0.194E-05  0.110E-04  0.165E-02  0.131E-03  0.000E+00
  1.053  0.014000  0.000    1.053    0.2174    3.7724    3.7724    4.2066    4.3059    0.0682    0.5723    0.3319  8.513E+10  1.0000   4.285  0.000E+00      0.00      0.00      0.00  0.0000   0.000   0.000  0.0000  0.778E+00  0.210E+00  0.192E-02  0.229E-04  0.560E-03  0.490E-02  0.192E-05  0.108E-04  0.163E-02  0.130E-03  0.000E+00
  1.068  0.014000  0.000    1.068    0.2628    3.7743    3.7743    4.0929    4.1857    0.0587    0.5647    0.3260  8.891E+10  1.0000   4.254  0.000E+00      0.00      0.00      0.00  0.0000   0.000   0.000  0.0000  0.782E+00  0.206E+00  0.190E-02  0.226E-04  0.553E-03  0.485E-02  0.190E-05  0.107E-04  0.161E-02  0.128E-03  0.000E+00
  1.083  0.014000  0.000    1.083    0.3102    3.7760    3.7760    3.9745    4.0615    0.0502    0.5580    0.3207  9.317E+10  1.0000   4.219  0.000E+00      0.00      0.00      0.00  0.0000   0.000   0.000  0.0000  0.783E+00  0.205E+00  0.189E-02  0.225E-04  0.552E-03  0.483E-02  0.189E-05  0.106E-04  0.161E-02  0.128E-03  0.000E+00
  1.098  0.014000  0.000    1.098    0.3594    3.7769    3.7769    3.8516    3.9354    0.0456    0.5544    0.3178  9.818E+10  1.0000   4.180  0.000E+00      0.00      0.00      0.00  0.0000   0.000   0.000  0.0000  0.783E+00  0.204E+00  0.189E-02  0.225E-04  0.552E-03  0.483E-02  0.189E-05  0.106E-04  0.161E-02  0.128E-03  0.000E+00
  1.113  0.014000  0.000    1.113    0.4040    3.7768    3.7768    3.7401    3.8241    0.0459    0.5546    0.3180  1.034E+11  1.0000   4.141  0.000E+00      0.00      0.00      0.00  0.0000   0.000   0.000  0.0000  0.778E+00  0.210E+00  0.192E-02  0.230E-04  0.561E-03  0.491E-02  0.193E-05  0.108E-04  0.163E-02  0.130E-03  0.000E+00
  1.128  0.014000  0.000    1.128    0.4486    3.7759    3.7759    3.6286    3.7159    0.0507    0.5584    0.3210  1.093E+11  1.0000   4.098  0.000E+00      0.00      0.00      0.00  0.0000   0.000   0.000  0.0000  0.770E+00  0.217E+00  0.197E-02  0.236E-04  0.575E-03  0.502E-02  0.197E-05  0.111E-04  0.167E-02  0.133E-03  0.000E+00
  1.135  0.014000  0.000    1.135    0.4712    3.7749    3.7749    3.5719    3.6627    0.0557    0.5624    0.3241  1.127E+11  1.0000   4.074  0.000E+00      0.00      0.00      0.00  0.0000   0.000   0.000  0.0000  0.766E+00  0.221E+00  0.200E-02  0.240E-04  0.583E-03  0.509E-02  0.200E-05  0.113E-04  0.169E-02  0.135E-03  0.000E+00
  1.143  0.014000  0.000    1.143    0.4940    3.7732    3.7732    3.5151    3.6115    0.0640    0.5689    0.3293  1.166E+11  1.0000   4.048  0.000E+00      0.00      0.00      0.00  0.0000   0.000   0.000  0.0000  0.761E+00  0.226E+00  0.203E-02  0.244E-04  0.591E-03  0.516E-02  0.203E-05  0.115E-04  0.171E-02  0.137E-03  0.000E+00
  1.150  0.014000  0.000    1.150    0.5165    3.7707    3.7707    3.4588    3.5637    0.0764    0.5787    0.3370  1.210E+11  1.0000   4.018  0.000E+00      0.00      0.00      0.00  0.0000   0.000   0.000  0.0000  0.757E+00  0.230E+00  0.206E-02  0.247E-04  0.599E-03  0.522E-02  0.206E-05  0.116E-04  0.173E-02  0.138E-03  0.000E+00
  1.154  0.014000  0.000    1.154    0.5276    3.7692    3.7692    3.4310    3.5410    0.0839    0.5847    0.3416  1.234E+11  1.0000   4.002  0.000E+00      0.00      0.00      0.00  0.0000   0.000   0.000  0.0000  0.755E+00  0.232E+00  0.207E-02  0.249E-04  0.602E-03  0.525E-02  0.207E-05  0.117E-04  0.174E-02  0.139E-03  0.000E+00
  1.158  0.014000  0.000    1.158    0.5382    3.7672    3.7672    3.4045    3.5213    0.0938    0.5924    0.3476  1.261E+11  1.0000   3.985  0.000E+00      0.00      0.00      0.00  0.0000   0.000   0.000  0.0000  0.752E+00  0.235E+00  0.210E-02  0.252E-04  0.608E-03  0.530E-02  0.209E-05  0.118E-04  0.175E-02  0.141E-03  0.000E+00
  1.161  0.014000  0.000    1.161    0.5481    3.7648    3.7648    3.3797    3.5047    0.1058    0.6019    0.3549  1.290E+11  1.0000   3.967  0.000E+00      0.00      0.00      0.00  0.0000   0.000   0.000  0.0000  0.747E+00  0.239E+00  0.212E-02  0.256E-04  0.616E-03  0.537E-02  0.212E-05  0.120E-04  0.177E-02  0.142E-03  0.000E+00
  1.163  0.014000  0.000    1.163    0.5523    3.7632    3.7632    3.3693    3.4990    0.1151    0.6087    0.3601  1.306E+11  1.0000   3.957  0.000E+00      0.00      0.00      0.00  0.0000   0.000   0.000  0.0000  0.746E+00  0.240E+00  0.213E-02  0.257E-04  0.618E-03  0.538E-02  0.212E-05  0.120E-04  0.178E-02  0.143E-03  0.000E+00
  1.165  0.014000  0.000    1.165    0.5562    3.7614    3.7614    3.3594    3.4926    0.1273    0.6165    0.3660  1.322E+11  1.0000   3.947  0.000E+00      0.00      0.00      0.00  0.0000   0.000   0.000  0.0000  0.745E+00  0.242E+00  0.214E-02  0.258E-04  0.620E-03  0.540E-02  0.213E-05  0.121E-04  0.178E-02  0.143E-03  0.000E+00
  1.167  0.014000  0.000    1.167    0.5590    3.7592    3.7592    3.3524    3.4899    0.1424    0.6264    0.3736  1.340E+11  1.0000   3.936  0.000E+00      0.00      0.00      0.00  0.0000   0.000   0.000  0.0000  0.743E+00  0.243E+00  0.215E-02  0.259E-04  0.622E-03  0.542E-02  0.214E-05  0.121E-04  0.179E-02  0.144E-03  0.000E+00
  1.168  0.014000  0.000    1.168    0.5602    3.7580    3.7580    3.3494    3.4890    0.1504    0.6317    0.3777  1.350E+11  1.0000   3.930  0.000E+00      0.00      0.00      0.00  0.0000   0.000   0.000  0.0000  0.743E+00  0.244E+00  0.215E-02  0.259E-04  0.623E-03  0.543E-02  0.214E-05  0.121E-04  0.179E-02  0.144E-03  0.000E+00
  1.169  0.014000  0.000    1.169    0.5612    3.7567    3.7567    3.3469    3.4887    0.1590    0.6374    0.3821  1.359E+11  1.0000   3.924  0.000E+00      0.00      0.00      0.00  0.0000   0.000   0.000  0.0000  0.742E+00  0.245E+00  0.216E-02  0.260E-04  0.625E-03  0.544E-02  0.215E-05  0.122E-04  0.179E-02  0.144E-03  0.000E+00
  1.170  0.014000  0.000    1.170    0.5618    3.7553    3.7553    3.3455    3.4898    0.1685    0.6438    0.3871  1.369E+11  1.0000   3.918  0.000E+00      0.00      0.00      0.00  0.0000   0.000   0.000  0.0000  0.741E+00  0.246E+00  0.216E-02  0.261E-04  0.626E-03  0.545E-02  0.215E-05  0.122E-04  0.180E-02  0.145E-03  0.000E+00
  1.171  0.014000  0.000    1.171    0.5622    3.7538    3.7538    3.3445    3.4913    0.1784    0.6505    0.3922  1.379E+11  1.0000   3.912  0.000E+00      0.00      0.00      0.00  0.0000   0.000   0.000  0.0000  0.740E+00  0.246E+00  0.217E-02  0.262E-04  0.628E-03  0.546E-02  0.216E-05  0.122E-04  0.180E-02  0.145E-03  0.000E+00
  1.172  0.014000  0.000    1.172    0.5616    3.7521    3.7521    3.3459    3.4955    0.1897    0.6583    0.3982  1.389E+11  1.0000   3.906  0.000E+00      0.00      0.00      0.00  0.0000   0.000   0.000  0.0000  0.739E+00  0.247E+00  0.217E-02  0.262E-04  0.629E-03  0.547E-02  0.216E-05  0.123E-04  0.180E-02  0.145E-03  0.000E+00
  1.172  0.014000  0.000    1.172    0.5608    3.7503    3.7503    3.3479    3.5004    0.2015    0.6664    0.4045  1.399E+11  1.0000   3.900  0.000E+00      0.00      0.00      0.00  0.0000   0.000   0.000  0.0000  0.739E+00  0.248E+00  0.218E-02  0.263E-04  0.630E-03  0.548E-02  0.217E-05  0.123E-04  0.181E-02  0.145E-03  0.000E+00
  1.173  0.014000  0.000    1.173    0.5597    3.7484    3.7484    3.3507    3.5059    0.2138    0.6749    0.4112  1.409E+11  1.0000   3.894  0.000E+00      0.00      0.00      0.00  0.0000   0.000   0.000  0.0000  0.738E+00  0.249E+00  0.218E-02  0.263E-04  0.632E-03  0.550E-02  0.217E-05  0.123E-04  0.181E-02  0.146E-03  0.000E+00
  1.174  0.014000  0.000    1.174    0.5580    3.7464    3.7464    3.3549    3.5133    0.2280    0.6845    0.4186  1.420E+11  1.0000   3.888  0.000E+00      0.00      0.00      0.00  0.0000   0.000   0.000  0.0000  0.737E+00  0.250E+00  0.219E-02  0.264E-04  0.633E-03  0.551E-02  0.218E-05  0.123E-04  0.181E-02  0.146E-03  0.000E+00
  1.175  0.014000  0.000    1.175    0.5568    3.7452    3.7452    3.3580    3.5184    0.2366    0.6899    0.4229  1.426E+11  1.0000   3.885  0.000E+00      0.00      0.00      0.00  0.0000   0.000   0.000  0.0000  0.736E+00  0.250E+00  0.219E-02  0.265E-04  0.634E-03  0.551E-02  0.218E-05  0.124E-04  0.181E-02  0.146E-03  0.000E+00
  1.175  0.014000  0.000    1.175    0.5555    3.7440    3.7440    3.3611    3.5235    0.2455    0.6953    0.4271  1.432E+11  1.0000   3.881  0.000E+00      0.00      0.00      0.00  0.0000   0.000   0.000  0.0000  0.736E+00  0.251E+00  0.219E-02  0.265E-04  0.635E-03  0.552E-02  0.218E-05  0.124E-04  0.181E-02  0.146E-03  0.000E+00
  1.176  0.014000  0.000    1.176    0.5542    3.7428    3.7428    3.3645    3.5288    0.2545    0.7009    0.4315  1.438E+11  1.0000   3.878  0.000E+00      0.00      0.00      0.00  0.0000   0.000   0.000  0.0000  0.735E+00  0.251E+00  0.220E-02  0.265E-04  0.635E-03  0.553E-02  0.218E-05  0.124E-04  0.182E-02  0.146E-03  0.000E+00
  1.176  0.014000  0.000    1.176    0.5522    3.7414    3.7414    3.3694    3.5360    0.2648    0.7071    0.4364  1.443E+11  1.0000   3.875  0.000E+00      0.00      0.00      0.00  0.0000   0.000   0.000  0.0000  0.735E+00  0.252E+00  0.220E-02  0.266E-04  0.636E-03  0.553E-02  0.219E-05  0.124E-04  0.182E-02  0.146E-03  0.000E+00
  1.177  0.014000  0.000    1.177    0.5503    3.7400    3.7400    3.3744    3.5432    0.2752    0.7134    0.4414  1.449E+11  1.0000   3.871  0.000E+00      0.00      0.00      0.00  0.0000   0.000   0.000  0.0000  0.734E+00  0.252E+00  0.220E-02  0.266E-04  0.637E-03  0.554E-02  0.219E-05  0.124E-04  0.182E-02  0.146E-03  0.000E+00
  1.177  0.014000  0.000    1.177    0.5482    3.7387    3.7387    3.3794    3.5504    0.2858    0.7205    0.4470  1.455E+11  1.0000   3.868  0.000E+00      0.00      0.00      0.00  0.0000   0.000   0.000  0.0000  0.734E+00  0.253E+00  0.221E-02  0.267E-04  0.638E-03  0.555E-02  0.219E-05  0.124E-04  0.182E-02  0.147E-03  0.000E+00
  1.178  0.014000  0.000    1.178    0.5460    3.7372    3.7372    3.3851    3.5584    0.2971    0.7280    0.4528  1.461E+11  1.0000   3.865  0.000E+00      0.00      0.00      0.00  0.0000   0.000   0.000  0.0000  0.733E+00  0.253E+00  0.221E-02  0.267E-04  0.639E-03  0.555E-02  0.219E-05  0.125E-04  0.182E-02  0.147E-03  0.000E+00
  1.178  0.014000  0.000    1.178    0.5434    3.7357    3.7357    3.3915    3.5672    0.3092    0.7358    0.4590  1.467E+11  1.0000   3.861  0.000E+00      0.00      0.00      0.00  0.0000   0.000   0.000  0.0000  0.733E+00  0.253E+00  0.221E-02  0.267E-04  0.639E-03  0.556E-02  0.220E-05  0.125E-04  0.182E-02  0.147E-03  0.000E+00
  1.179  0.014000  0.000    1.179    0.5408    3.7342    3.7342    3.3979    3.5760    0.3215    0.7436    0.4651  1.473E+11  1.0000   3.858  0.000E+00      0.00      0.00      0.00  0.0000   0.000   0.000  0.0000  0.732E+00  0.254E+00  0.221E-02  0.268E-04  0.640E-03  0.557E-02  0.220E-05  0.125E-04  0.183E-02  0.147E-03  0.000E+00
  1.179  0.014000  0.000    1.179    0.5382    3.7326    3.7326    3.4044    3.5848    0.3340    0.7513    0.4713  1.479E+11  1.0000   3.855  0.000E+00      0.00      0.00      0.00  0.0000   0.000   0.000  0.0000  0.732E+00  0.254E+00  0.222E-02  0.268E-04  0.641E-03  0.557E-02  0.220E-05  0.125E-04  0.183E-02  0.147E-03  0.000E+00
  1.179  0.014000  0.000    1.179    0.5356    3.7311    3.7311    3.4110    3.5937    0.3466    0.7590    0.4774  1.485E+11  1.0000   3.851  0.000E+00      0.00      0.00      0.00  0.0000   0.000   0.000  0.0000  0.731E+00  0.255E+00  0.222E-02  0.268E-04  0.642E-03  0.558E-02  0.221E-05  0.125E-04  0.183E-02  0.147E-03  0.000E+00
  1.180  0.014000  0.000    1.180    0.5329    3.7295    3.7295    3.4177    3.6026    0.3595    0.7667    0.4836  1.491E+11  1.0000   3.848  0.000E+00      0.00      0.00      0.00  0.0000   0.000   0.000  0.0000  0.731E+00  0.255E+00  0.222E-02  0.269E-04  0.642E-03  0.558E-02  0.221E-05  0.125E-04  0.183E-02  0.148E-03  0.000E+00
  1.180  0.014000  0.000    1.180    0.5302    3.7280    3.7280    3.4245    3.6115    0.3726    0.7744    0.4898  1.497E+11  1.0000   3.845  0.000E+00      0.00      0.00      0.00  0.0000   0.000   0.000  0.0000  0.730E+00  0.256E+00  0.222E-02  0.269E-04  0.643E-03  0.559E-02  0.221E-05  0.126E-04  0.183E-02  0.148E-03  0.000E+00
  1.181  0.014000  0.000    1.181    0.5275    3.7264    3.7264    3.4313    3.6204    0.3858    0.7820    0.4960  1.503E+11  1.0000   3.841  0.000E+00      0.00      0.00      0.00  0.0000   0.000   0.000  0.0000  0.730E+00  0.256E+00  0.223E-02  0.270E-04  0.644E-03  0.560E-02  0.221E-05  0.126E-04  0.184E-02  0.148E-03  0.000E+00
  1.181  0.014000  0.000    1.181    0.5248    3.7247    3.7247    3.4379    3.6292    0.4008    0.7904    0.5028  1.510E+11  1.0000   3.837  0.000E+00      0.00      0.00      0.00  0.0000   0.000   0.000  0.0000  0.729E+00  0.257E+00  0.223E-02  0.270E-04  0.644E-03  0.560E-02  0.222E-05  0.126E-04  0.184E-02  0.148E-03  0.000E+00
  1.182  0.014000  0.000    1.182    0.5222    3.7230    3.7230    3.4446    3.6385    0.4163    0.7989    0.5098  1.518E+11  1.0000   3.833  0.000E+00      0.00      0.00      0.00  0.0000   0.000   0.000  0.0000  0.729E+00  0.257E+00  0.223E-02  0.270E-04  0.645E-03  0.561E-02  0.222E-05  0.126E-04  0.184E-02  0.148E-03  0.000E+00
  1.182  0.014000  0.000    1.182    0.5195    3.7213    3.7213    3.4512    3.6481    0.4323    0.8073    0.5167  1.525E+11  1.0000   3.829  0.000E+00      0.00      0.00      0.00  0.0000   0.000   0.000  0.0000  0.729E+00  0.258E+00  0.223E-02  0.271E-04  0.646E-03  0.561E-02  0.222E-05  0.126E-04  0.184E-02  0.149E-03  0.000E+00
  1.183  0.014000  0.000    1.183    0.5168    3.7193    3.7193    3.4579    3.6581    0.4512    0.8169    0.5248  1.534E+11  1.0000   3.824  0.000E+00      0.00      0.00      0.00  0.0000   0.000   0.000  0.0000  0.728E+00  0.258E+00  0.224E-02  0.271E-04  0.646E-03  0.562E-02  0.222E-05  0.126E-04  0.184E-02  0.149E-03  0.000E+00
  1.183  0.014000  0.000    1.183    0.5155    3.7181    3.7181    3.4613    3.6633    0.4627    0.8226    0.5296  1.540E+11  1.0000   3.821  0.000E+00      0.00      0.00      0.00  0.0000   0.000   0.000  0.0000  0.728E+00  0.258E+00  0.224E-02  0.271E-04  0.647E-03  0.562E-02  0.222E-05  0.126E-04  0.184E-02  0.149E-03  0.000E+00
  1.183  0.014000  0.000    1.183    0.5141    3.7169    3.7169    3.4647    3.6686    0.4744    0.8283    0.5345  1.546E+11  1.0000   3.817  0.000E+00      0.00      0.00      0.00  0.0000   0.000   0.000  0.0000  0.728E+00  0.258E+00  0.224E-02  0.271E-04  0.647E-03  0.562E-02  0.222E-05  0.126E-04  0.185E-02  0.149E-03  0.000E+00
  1.183  0.014000  0.000    1.183    0.5128    3.7157    3.7157    3.4681    3.6738    0.4862    0.8339    0.5394  1.552E+11  1.0000   3.814  0.000E+00      0.00      0.00      0.00  0.0000   0.000   0.000  0.0000  0.728E+00  0.259E+00  0.224E-02  0.271E-04  0.647E-03  0.562E-02  0.223E-05  0.126E-04  0.185E-02  0.149E-03  0.000E+00
  1.184  0.014000  0.000    1.184    0.5114    3.7145    3.7145    3.4714    3.6791    0.4982    0.8396    0.5443  1.559E+11  1.0000   3.811  0.000E+00      0.00      0.00      0.00  0.0000   0.000   0.000  0.0000  0.727E+00  0.259E+00  0.224E-02  0.271E-04  0.648E-03  0.563E-02  0.223E-05  0.127E-04  0.185E-02  0.149E-03  0.000E+00
  1.184  0.014000  0.000    1.184    0.5101    3.7134    3.7134    3.4748    3.6844    0.5103    0.8453    0.5492  1.565E+11  1.0000   3.807  0.000E+00      0.00      0.00      0.00  0.0000   0.000   0.000  0.0000  0.727E+00  0.259E+00  0.224E-02  0.272E-04  0.648E-03  0.563E-02  0.223E-05  0.127E-04  0.185E-02  0.149E-03  0.000E+00
  1.184  0.014000  0.000    1.184    0.5089    3.7122    3.7122    3.4777    3.6890    0.5222    0.8507    0.5540  1.571E+11  1.0000   3.804  0.000E+00      0.00      0.00      0.00  0.0000   0.000   0.000  0.0000  0.727E+00  0.259E+00  0.224E-02  0.272E-04  0.648E-03  0.563E-02  0.223E-05  0.127E-04  0.185E-02  0.149E-03  0.000E+00
  1.185  0.014000  0.000    1.185    0.5080    3.7102    3.7102    3.4799    3.6939    0.5437    0.8602    0.5624  1.584E+11  1.0000   3.797  0.000E+00      0.00      0.00      0.00  0.0000   0.000   0.000  0.0000  0.727E+00  0.259E+00  0.225E-02  0.272E-04  0.649E-03  0.563E-02  0.223E-05  0.127E-04  0.185E-02  0.149E-03  0.000E+00
  1.185  0.014000  0.000    1.185    0.5072    3.7082    3.7082    3.4821    3.6989    0.5656    0.8696    0.5710  1.597E+11  1.0000   3.790  0.000E+00      0.00      0.00      0.00  0.0000 -24.873   0.000  0.0000  0.726E+00  0.260E+00  0.225E-02  0.272E-04  0.649E-03  0.564E-02  0.223E-05  0.127E-04  0.185E-02  0.149E-03  0.000E+00
  1.186  0.014000  0.000    1.186    0.5063    3.7062    3.7062    3.4843    3.7038    0.5879    0.8790    0.5796  1.610E+11  1.0000   3.783  0.000E+00      0.00      0.00      0.00  0.0000 -21.421   0.000  0.0000  0.726E+00  0.260E+00  0.225E-02  0.272E-04  0.650E-03  0.564E-02  0.223E-05  0.127E-04  0.185E-02  0.150E-03  0.000E+00
  1.186  0.014000  0.000    1.186    0.5078    3.7046    3.7046    3.4804    3.7076    0.6025    0.8872    0.5862  1.625E+11  1.0000   3.775  0.000E+00      0.00      0.00      0.00  0.0000 -20.129   0.000  0.0000  0.725E+00  0.260E+00  0.225E-02  0.273E-04  0.650E-03  0.565E-02  0.223E-05  0.127E-04  0.185E-02  0.150E-03  0.000E+00
  1.186  0.014000  0.000    1.186    0.5107    3.7031    3.7031    3.4732    3.7075    0.6151    0.8943    0.5920  1.641E+11  1.0000   3.767  0.000E+00      0.00      0.00      0.00  0.0000 -20.063   0.000  0.0000  0.725E+00  0.261E+00  0.225E-02  0.273E-04  0.650E-03  0.565E-02  0.224E-05  0.127E-04  0.185E-02  0.150E-03  0.000E+00
  1.187  0.014000  0.000    1.187    0.5136    3.7017    3.7017    3.4659    3.7074    0.6276    0.9015    0.5978  1.658E+11  1.0000   3.758  0.000E+00      0.00      0.00      0.00  0.0000 -19.997   0.000  0.0000  0.725E+00  0.261E+00  0.225E-02  0.273E-04  0.651E-03  0.565E-02  0.224E-05  0.127E-04  0.186E-02  0.150E-03  0.000E+00
  1.187  0.014000  0.000    1.187    0.5165    3.7003    3.7003    3.4587    3.7073    0.6401    0.9087    0.6035  1.674E+11  1.0000   3.750  0.000E+00      0.00      0.00      0.00  0.0000 -19.931   0.000  0.0000  0.724E+00  0.261E+00  0.225E-02  0.273E-04  0.651E-03  0.566E-02  0.224E-05  0.127E-04  0.186E-02  0.150E-03  0.000E+00
  1.188  0.014000  0.000    1.188    0.5205    3.6989    3.6989    3.4488    3.7042    0.6520    0.9154    0.6090  1.692E+11  1.0000   3.741  0.000E+00      0.00      0.00      0.00  0.0000 -19.864   0.000  0.0000  0.724E+00  0.261E+00  0.226E-02  0.274E-04  0.651E-03  0.566E-02  0.224E-05  0.127E-04  0.186E-02  0.150E-03  0.000E+00
  1.188  0.014000  0.000    1.188    0.5251    3.6976    3.6976    3.4374    3.6992    0.6648    0.9220    0.6143  1.712E+11  1.0000   3.731  0.000E+00      0.00      0.00      0.00  0.0000 -19.797   0.000  0.0000  0.724E+00  0.262E+00  0.226E-02  0.274E-04  0.652E-03  0.566E-02  0.224E-05  0.127E-04  0.186E-02  0.150E-03  0.000E+00
  1.189  0.014000  0.000    1.189    0.5296    3.6963    3.6963    3.4260    3.6939    0.6802    0.9286    0.6196  1.731E+11  1.0000   3.721  0.000E+00      0.00      0.00      0.00  0.0000 -19.730   0.000  0.0000  0.723E+00  0.262E+00  0.226E-02  0.275E-04  0.652E-03  0.566E-02  0.224E-05  0.128E-04  0.186E-02  0.150E-03  0.000E+00
  1.189  0.014000  0.000    1.189    0.5342    3.6950    3.6950    3.4146    3.6885    0.6955    0.9352    0.6249  1.751E+11  1.0000   3.712  0.000E+00      0.00      0.00      0.00  0.0000 -19.663   0.000  0.0000  0.723E+00  0.262E+00  0.226E-02  0.275E-04  0.652E-03  0.566E-02  0.224E-05  0.128E-04  0.186E-02  0.150E-03  0.000E+00
  1.190  0.014000  0.000    1.190    0.5401    3.6937    3.6937    3.3998    3.6794    0.7098    0.9413    0.6298  1.773E+11  1.0000   3.701  0.000E+00      0.00      0.00      0.00  0.0000 -19.594   0.000  0.0000  0.723E+00  0.262E+00  0.226E-02  0.277E-04  0.652E-03  0.567E-02  0.224E-05  0.128E-04  0.186E-02  0.150E-03  0.000E+00
  1.190  0.014000  0.000    1.190    0.5461    3.6925    3.6925    3.3847    3.6698    0.7239    0.9474    0.6347  1.795E+11  1.0000   3.690  0.000E+00      0.00      0.00      0.00  0.0000 -19.525   0.000  0.0000  0.723E+00  0.263E+00  0.226E-02  0.279E-04  0.653E-03  0.567E-02  0.224E-05  0.128E-04  0.186E-02  0.150E-03  0.000E+00
  1.191  0.014000  0.000    1.191    0.5522    3.6913    3.6913    3.3696    3.6603    0.7381    0.9535    0.6396  1.818E+11  1.0000   3.680  0.000E+00      0.00      0.00      0.00  0.0000 -19.456   0.000  0.0000  0.722E+00  0.263E+00  0.226E-02  0.281E-04  0.653E-03  0.567E-02  0.224E-05  0.128E-04  0.186E-02  0.150E-03  0.000E+00
  1.192  0.014000  0.000    1.192    0.5670    3.6897    3.6897    3.3324    3.6303    0.7564    0.9613    0.6459  1.863E+11  1.0000   3.659  0.000E+00      0.00      0.00      0.00  0.0000 -16.784   0.000  0.0000  0.722E+00  0.263E+00  0.226E-02  0.295E-04  0.653E-03  0.567E-02  0.225E-05  0.128E-04  0.186E-02  0.150E-03  0.000E+00
  1.193  0.014000  0.000    1.193    0.6021    3.6879    3.6879    3.2448    3.5509    0.7774    0.9703    0.6531  1.955E+11  1.0000   3.617  0.000E+00      0.00      0.00      0.00  0.0000 -11.727   0.000  0.0000  0.720E+00  0.265E+00  0.226E-02  0.361E-04  0.656E-03  0.568E-02  0.225E-05  0.128E-04  0.186E-02  0.151E-03  0.000E+00
  1.194  0.014000  0.000    1.194    0.6205    3.6871    3.6871    3.1988    3.5087    0.7870    0.9744    0.6565  2.005E+11  1.0000   3.596  0.000E+00      0.00      0.00      0.00  0.0000 -11.697   0.000  0.0000  0.719E+00  0.266E+00  0.225E-02  0.413E-04  0.657E-03  0.568E-02  0.225E-05  0.128E-04  0.186E-02  0.151E-03  0.000E+00
  1.195  0.014000  0.000    1.195    0.6382    3.6853    3.6853    3.1546    3.4728    0.8081    0.9835    0.6637  2.063E+11  1.0000   3.571  0.000E+00      0.00      0.00      0.00  0.0000 -11.668   0.000  0.0000  0.718E+00  0.267E+00  0.223E-02  0.504E-04  0.667E-03  0.568E-02  0.225E-05  0.128E-04  0.186E-02  0.151E-03  0.000E+00
  1.196  0.014000  0.000    1.196    0.6561    3.6835    3.6835    3.1098    3.4362    0.8291    0.9925    0.6710  2.124E+11  1.0000   3.547  0.000E+00      0.00      0.00      0.00  0.0000 -11.640   0.000  0.0000  0.717E+00  0.268E+00  0.222E-02  0.598E-04  0.680E-03  0.568E-02  0.225E-05  0.128E-04  0.187E-02  0.151E-03  0.000E+00
  1.198  0.014000  0.000    1.198    0.7020    3.6830    3.6830    2.9950    3.3236    0.8346    0.9948    0.6728  2.244E+11  1.0000   3.499  0.000E+00      0.00      0.00      0.00  0.0000 -11.568   0.000  0.0000  0.715E+00  0.270E+00  0.215E-02  0.724E-04  0.751E-03  0.569E-02  0.226E-05  0.127E-04  0.187E-02  0.151E-03  0.000E+00
  1.200  0.014000  0.000    1.200    0.7497    3.6817    3.6817    2.8757    3.2103    0.8497    1.0013    0.6781  2.385E+11  1.0000   3.447  0.000E+00      0.00      0.00      0.00  0.0000 -11.496   0.000  0.0000  0.712E+00  0.273E+00  0.206E-02  0.748E-04  0.846E-03  0.569E-02  0.227E-05  0.126E-04  0.187E-02  0.151E-03  0.000E+00
  1.201  0.014000  0.000    1.200    0.7741    3.6805    3.6805    2.8147    3.1550    0.8644    1.0076    0.6831  2.467E+11  1.0000   3.418  0.000E+00      0.00      0.00      0.00  0.0000 -11.455   0.000  0.0000  0.711E+00  0.274E+00  0.202E-02  0.743E-04  0.894E-03  0.569E-02  0.228E-05  0.124E-04  0.187E-02  0.151E-03  0.000E+00
  1.202  0.014000  0.000    1.201    0.8006    3.6793    3.6793    2.7485    3.0940    0.8777    1.0133    0.6877  2.557E+11  1.0000   3.387  0.000E+00      0.00      0.00      0.00  0.0000 -11.413   0.000  0.0000  0.709E+00  0.276E+00  0.199E-02  0.735E-04  0.937E-03  0.569E-02  0.229E-05  0.123E-04  0.187E-02  0.151E-03  0.000E+00
  1.204  0.014000  0.000    1.203    0.8601    3.6779    3.6779    2.5997    2.9517    0.8942    1.0204    0.6934  2.756E+11  1.0000   3.323  0.000E+00      0.00      0.00      0.00  0.0000 -11.323   0.000  0.0000  0.707E+00  0.278E+00  0.193E-02  0.716E-04  0.101E-02  0.569E-02  0.234E-05  0.120E-04  0.187E-02  0.151E-03  0.000E+00
  1.206  0.014000  0.000    1.205    0.9267    3.6767    3.6767    2.4332    2.7908    0.9086    1.0265    0.6983  2.993E+11  1.0000   3.252  0.000E+00      0.00      0.00      0.00  0.0000 -11.223   0.000  0.0000  0.705E+00  0.280E+00  0.189E-02  0.702E-04  0.106E-02  0.570E-02  0.242E-05  0.118E-04  0.187E-02  0.151E-03  0.000E+00
  1.206  0.014000  0.000    1.206    0.9615    3.6751    3.6751    2.3463    2.7114    0.9275    1.0346    0.7049  3.138E+11  1.0000   3.211  0.000E+00      0.00      0.00      0.00  0.0000 -11.168   0.000  0.0000  0.704E+00  0.281E+00  0.187E-02  0.697E-04  0.108E-02  0.570E-02  0.246E-05  0.117E-04  0.187E-02  0.151E-03  0.000E+00
  1.207  0.014000  0.000    1.206    0.9807    3.6741    3.6741    2.2981    2.6677    0.9390    1.0396    0.7088  3.223E+11  1.0000   3.188  0.000E+00      0.00      0.00      0.00  0.0000 -11.137   0.000  0.0000  0.703E+00  0.282E+00  0.186E-02  0.695E-04  0.109E-02  0.570E-02  0.249E-05  0.116E-04  0.187E-02  0.151E-03  0.000E+00
  1.207  0.014000  0.000    1.206    1.0005    3.6730    3.6730    2.2486    2.6234    0.9487    1.0448    0.7130  3.313E+11  1.0000   3.164  0.000E+00      0.00      0.00      0.00  0.0000 -11.104   0.000  0.0000  0.703E+00  0.282E+00  0.186E-02  0.694E-04  0.110E-02  0.570E-02  0.251E-05  0.116E-04  0.187E-02  0.151E-03  0.000E+00
  1.208  0.014000  0.000    1.207    1.0203    3.6720    3.6720    2.1992    2.5791    0.9582    1.0499    0.7172  3.406E+11  1.0000   3.140  0.000E+00      0.00      0.00      0.00  0.0000 -11.072   0.000  0.0000  0.703E+00  0.282E+00  0.185E-02  0.692E-04  0.110E-02  0.570E-02  0.254E-05  0.116E-04  0.187E-02  0.151E-03  0.000E+00
  1.208  0.014000  0.000    1.207    1.0407    3.6710    3.6710    2.1483    2.5335    0.9679    1.0552    0.7215  3.504E+11  1.0000   3.116  0.000E+00      0.00      0.00      0.00  0.0000 -11.039   0.000  0.0000  0.702E+00  0.283E+00  0.185E-02  0.691E-04  0.111E-02  0.570E-02  0.256E-05  0.115E-04  0.187E-02  0.151E-03  0.000E+00
  1.209  0.014000  0.000    1.208    1.0642    3.6698    3.6698    2.0895    2.4803    0.9783    1.0609    0.7260  3.619E+11  1.0000   3.088  0.000E+00      0.00      0.00      0.00  0.0000 -11.002   0.000  0.0000  0.702E+00  0.283E+00  0.184E-02  0.690E-04  0.112E-02  0.570E-02  0.258E-05  0.115E-04  0.187E-02  0.151E-03  0.000E+00
  1.209  0.014000  0.000    1.208    1.0877    3.6687    3.6687    2.0307    2.4272    0.9886    1.0665    0.7306  3.737E+11  1.0000   3.060  0.000E+00      0.00      0.00      0.00  0.0000 -10.965   0.000  0.0000  0.702E+00  0.283E+00  0.184E-02  0.689E-04  0.112E-02  0.570E-02  0.261E-05  0.115E-04  0.187E-02  0.151E-03  0.000E+00
  1.210  0.014000  0.000    1.208    1.1113    3.6676    3.6676    1.9719    2.3740    0.9990    1.0722    0.7351  3.860E+11  1.0000   3.032  0.000E+00      0.00      0.00      0.00  0.0000 -10.929   0.000  0.0000  0.701E+00  0.284E+00  0.184E-02  0.688E-04  0.113E-02  0.570E-02  0.263E-05  0.115E-04  0.187E-02  0.151E-03  0.000E+00
  1.210  0.014000  0.000    1.209    1.1370    3.6665    3.6665    1.9076    2.3151    1.0089    1.0776    0.7395  3.996E+11  1.0000   3.002  0.000E+00      0.00      0.00      0.00  0.0000 -10.888   0.000  0.0000  0.701E+00  0.284E+00  0.183E-02  0.687E-04  0.113E-02  0.570E-02  0.265E-05  0.115E-04  0.187E-02  0.151E-03  0.000E+00
  1.211  0.014000  0.000    1.209    1.1658    3.6655    3.6655    1.8355    2.2481    1.0181    1.0826    0.7436  4.150E+11  1.0000   2.969  0.000E+00      0.00      0.00      0.00  0.0000 -10.843   0.000  0.0000  0.701E+00  0.284E+00  0.183E-02  0.687E-04  0.113E-02  0.570E-02  0.266E-05  0.115E-04  0.187E-02  0.151E-03  0.000E+00
  1.211  0.014000  0.000    1.209    1.1946    3.6645    3.6645    1.7635    2.1811    1.0273    1.0876    0.7476  4.310E+11  1.0000   2.937  0.000E+00      0.00      0.00      0.00  0.0000 -10.797   0.000  0.0000  0.701E+00  0.284E+00  0.183E-02  0.687E-04  0.113E-02  0.570E-02  0.268E-05  0.114E-04  0.187E-02  0.151E-03  0.000E+00
  1.212  0.014000  0.000    1.210    1.2234    3.6635    3.6635    1.6915    2.1141    1.0365    1.0926    0.7517  4.476E+11  1.0000   2.904  0.000E+00      0.00      0.00      0.00  0.0000 -10.752   0.000  0.0000  0.701E+00  0.284E+00  0.183E-02  0.686E-04  0.114E-02  0.570E-02  0.269E-05  0.114E-04  0.187E-02  0.151E-03  0.000E+00
  1.212  0.014000  0.000    1.210    1.2573    3.6620    3.6620    1.6066    2.0367    1.0501    1.1000    0.7577  4.686E+11  1.0000   2.864  0.000E+00      0.00      0.00      0.00  0.0000 -10.698   0.000  0.0000  0.701E+00  0.284E+00  0.183E-02  0.687E-04  0.114E-02  0.570E-02  0.270E-05  0.114E-04  0.187E-02  0.151E-03  0.000E+00
  1.213  0.014000  0.000    1.210    1.2934    3.6603    3.6603    1.5164    1.9548    1.0654    1.1084    0.7645  4.922E+11  1.0000   2.822  0.000E+00      0.00      0.00      0.00  0.0000 -10.640   0.000  0.0000  0.701E+00  0.284E+00  0.182E-02  0.687E-04  0.114E-02  0.570E-02  0.270E-05  0.114E-04  0.187E-02  0.151E-03  0.000E+00
  1.213  0.014000  0.000    1.211    1.3295    3.6586    3.6586    1.4262    1.8730    1.0808    1.1168    0.7713  5.171E+11  1.0000   2.779  0.000E+00      0.00      0.00      0.00  0.0000 -10.582   0.000  0.0000  0.701E+00  0.284E+00  0.182E-02  0.687E-04  0.114E-02  0.570E-02  0.270E-05  0.114E-04  0.187E-02  0.151E-03  0.000E+00
  1.213  0.014000  0.000    1.211    1.3657    3.6570    3.6570    1.3358    1.7909    1.0962    1.1252    0.7781  5.433E+11  1.0000   2.736  0.000E+00      0.00      0.00      0.00  0.0000 -10.525   0.000  0.0000  0.701E+00  0.284E+00  0.182E-02  0.687E-04  0.114E-02  0.570E-02  0.270E-05  0.114E-04  0.187E-02  0.151E-03  0.000E+00
  1.214  0.014000  0.000    1.211    1.3888    3.6558    3.6558    1.2779    1.7387    1.1065    1.1308    0.7827  5.608E+11  1.0000   2.709  0.000E+00      0.00      0.00      0.00  0.0000 -10.488   0.000  0.0000  0.701E+00  0.284E+00  0.182E-02  0.687E-04  0.114E-02  0.570E-02  0.271E-05  0.114E-04  0.187E-02  0.151E-03  0.000E+00
  1.214  0.014000  0.000    1.211    1.4120    3.6547    3.6547    1.2200    1.6864    1.1168    1.1364    0.7873  5.790E+11  1.0000   2.681  0.000E+00      0.00      0.00      0.00  0.0000 -10.451   0.000  0.0000  0.701E+00  0.284E+00  0.182E-02  0.688E-04  0.114E-02  0.570E-02  0.271E-05  0.114E-04  0.187E-02  0.151E-03  0.000E+00
  1.214  0.014000  0.000    1.211    1.4351    3.6536    3.6536    1.1622    1.6342    1.1271    1.1420    0.7919  5.977E+11  1.0000   2.653  0.000E+00      0.00      0.00      0.00  0.0000 -10.414   0.000  0.0000  0.701E+00  0.284E+00  0.182E-02  0.688E-04  0.114E-02  0.570E-02  0.271E-05  0.114E-04  0.187E-02  0.151E-03  0.000E+00
  1.214  0.014000  0.000    1.211    1.4583    3.6525    3.6525    1.1043    1.5820    1.1374    1.1477    0.7965  6.170E+11  1.0000   2.626  0.000E+00      0.00      0.00      0.00  0.0000 -10.377   0.000  0.0000  0.701E+00  0.284E+00  0.182E-02  0.688E-04  0.114E-02  0.570E-02  0.271E-05  0.114E-04  0.187E-02  0.151E-03  0.000E+00
  1.215  0.014000  0.000    1.211    1.4814    3.6513    3.6513    1.0465    1.5298    1.1477    1.1533    0.8011  6.369E+11  1.0000   2.598  0.000E+00      0.00      0.00      0.00  0.0000 -10.340   0.000  0.0000  0.701E+00  0.284E+00  0.182E-02  0.688E-04  0.114E-02  0.570E-02  0.271E-05  0.114E-04  0.187E-02  0.151E-03  0.000E+00
  1.215  0.014000  0.000    1.211    1.5045    3.6502    3.6502    0.9887    1.4776    1.1580    1.1589    0.8057  6.575E+11  1.0000   2.571  0.000E+00      0.00      0.00      0.00  0.0000 -10.303   0.000  0.0000  0.701E+00  0.285E+00  0.182E-02  0.688E-04  0.114E-02  0.570E-02  0.271E-05  0.114E-04  0.187E-02  0.151E-03  0.000E+00
  1.215  0.014000  0.000    1.212    1.5395    3.6486    3.6486    0.9013    1.4001    1.1745    1.1672    0.8125  6.898E+11  1.0000   2.529  0.000E+00      0.00      0.00      0.00  0.0000 -10.248   0.000  0.0000  0.700E+00  0.285E+00  0.182E-02  0.688E-04  0.114E-02  0.570E-02  0.271E-05  0.114E-04  0.187E-02  0.151E-03  0.000E+00
  1.216  0.014000  0.000    1.212    1.5610    3.6477    3.6477    0.8474    1.3517    1.1835    1.1717    0.8162  7.101E+11  1.0000   2.504  0.000E+00      0.00      0.00      0.00  0.0000 -10.214   0.000  0.0000  0.700E+00  0.285E+00  0.182E-02  0.689E-04  0.115E-02  0.570E-02  0.271E-05  0.114E-04  0.187E-02  0.151E-03  0.000E+00
  1.217  0.014000  0.000    1.212    1.5718    3.6472    3.6472    0.8205    1.3275    1.1880    1.1740    0.8181  7.204E+11  1.0000   2.491  0.000E+00      0.00      0.00      0.00  0.0000 -10.197   0.000  0.0000  0.700E+00  0.285E+00  0.182E-02  0.689E-04  0.115E-02  0.570E-02  0.271E-05  0.114E-04  0.187E-02  0.151E-03  0.000E+00
  1.217  0.014000  0.000    1.212    1.5844    3.6465    3.6465    0.7891    1.3005    1.1953    1.1776    0.8211  7.334E+11  1.0000   2.476  0.000E+00      0.00      0.00      0.00  0.0000 -10.177   0.000  0.0000  0.700E+00  0.285E+00  0.182E-02  0.689E-04  0.115E-02  0.570E-02  0.272E-05  0.114E-04  0.187E-02  0.151E-03  0.000E+00
  1.217  0.014000  0.000    1.211    1.6036    3.6452    3.6452    0.7409    1.2600    1.2079    1.1840    0.8263  7.542E+11  1.0000   2.451  0.000E+00      0.00      0.00      0.00  0.0000 -10.146   0.000  0.0000  0.700E+00  0.285E+00  0.182E-02  0.689E-04  0.115E-02  0.570E-02  0.272E-05  0.114E-04  0.187E-02  0.151E-03  0.000E+00
  1.217  0.014000  0.000    1.211    1.6229    3.6439    3.6439    0.6928    1.2196    1.2206    1.1903    0.8315  7.756E+11  1.0000   2.427  0.000E+00      0.00      0.00      0.00  0.0000 -10.114   0.000  0.0000  0.700E+00  0.285E+00  0.182E-02  0.690E-04  0.115E-02  0.570E-02  0.272E-05  0.114E-04  0.187E-02  0.151E-03  0.000E+00
  1.217  0.014000  0.000    1.211    1.6421    3.6427    3.6427    0.6447    1.1792    1.2333    1.1967    0.8368  7.976E+11  1.0000   2.403  0.000E+00      0.00      0.00      0.00  0.0000 -10.083   0.000  0.0000  0.700E+00  0.285E+00  0.182E-02  0.690E-04  0.115E-02  0.570E-02  0.272E-05  0.114E-04  0.187E-02  0.151E-03  0.000E+00
  1.217  0.014000  0.000    1.211    1.6613    3.6414    3.6414    0.5966    1.1388    1.2460    1.2030    0.8420  8.203E+11  1.0000   2.378  0.000E+00      0.00      0.00      0.00  0.0000 -10.052   0.000  0.0000  0.700E+00  0.285E+00  0.182E-02  0.690E-04  0.115E-02  0.570E-02  0.272E-05  0.114E-04  0.187E-02  0.151E-03  0.000E+00
  1.218  0.014000  0.000    1.211    1.6806    3.6401    3.6401    0.5486    1.0985    1.2586    1.2093    0.8473  8.436E+11  1.0000   2.354  0.000E+00      0.00      0.00      0.00  0.0000 -10.020   0.000  0.0000  0.700E+00  0.285E+00  0.182E-02  0.690E-04  0.115E-02  0.570E-02  0.272E-05  0.114E-04  0.187E-02  0.151E-03  0.000E+00
  1.218  0.014000  0.000    1.211    1.6998    3.6389    3.6389    0.5005    1.0581    1.2713    1.2157    0.8525  8.675E+11  1.0000   2.330  0.000E+00      0.00      0.00      0.00  0.0000  -9.989   0.000  0.0000  0.700E+00  0.285E+00  0.182E-02  0.690E-04  0.115E-02  0.570E-02  0.272E-05  0.114E-04  0.187E-02  0.151E-03  0.000E+00
  1.218  0.014000  0.000    1.211    1.7190    3.6376    3.6376    0.4525    1.0177    1.2840    1.2220    0.8578  8.921E+11  1.0000   2.305  0.000E+00      0.00      0.00      0.00  0.0000  -9.957   0.000  0.0000  0.700E+00  0.285E+00  0.182E-02  0.690E-04  0.115E-02  0.570E-02  0.272E-05  0.114E-04  0.187E-02  0.151E-03  0.000E+00
  1.218  0.014000  0.000    1.211    1.7382    3.6363    3.6363    0.4044    0.9774    1.2967    1.2283    0.8631  9.174E+11  1.0000   2.281  0.000E+00      0.00      0.00      0.00  0.0000  -9.926   0.000  0.0000  0.700E+00  0.285E+00  0.182E-02  0.690E-04  0.115E-02  0.570E-02  0.272E-05  0.114E-04  0.187E-02  0.151E-03  0.000E+00
  1.218  0.014000  0.000    1.211    1.7574    3.6351    3.6351    0.3564    0.9371    1.3093    1.2347    0.8684  9.434E+11  1.0000   2.257  0.000E+00      0.00      0.00      0.00  0.0000  -9.895   0.000  0.0000  0.700E+00  0.285E+00  0.182E-02  0.690E-04  0.115E-02  0.570E-02  0.272E-05  0.114E-04  0.187E-02  0.151E-03  0.000E+00
  1.218  0.014000  0.000    1.211    1.7766    3.6338    3.6338    0.3084    0.8967    1.3220    1.2410    0.8737  9.701E+11  1.0000   2.232  0.000E+00      0.00      0.00      0.00  0.0000  -9.863   0.000  0.0000  0.700E+00  0.285E+00  0.182E-02  0.690E-04  0.115E-02  0.570E-02  0.272E-05  0.114E-04  0.187E-02  0.151E-03  0.000E+00
  1.218  0.014000  0.000    1.211    1.7958    3.6325    3.6325    0.2604    0.8564    1.3346    1.2473    0.8791  9.976E+11  1.0000   2.208  0.000E+00      0.00      0.00      0.00  0.0000  -9.832   0.000  0.0000  0.700E+00  0.285E+00  0.182E-02  0.690E-04  0.115E-02  0.570E-02  0.272E-05  0.114E-04  0.187E-02  0.151E-03  0.000E+00
  1.218  0.014000  0.000    1.211    1.8150    3.6313    3.6313    0.2124    0.8161    1.3473    1.2537    0.8844  1.026E+12  1.0000   2.184  0.000E+00      0.00      0.00      0.00  0.0000  -9.801   0.000  0.0000  0.700E+00  0.285E+00  0.182E-02  0.690E-04  0.115E-02  0.570E-02  0.272E-05  0.114E-04  0.187E-02  0.151E-03  0.000E+00
  1.219  0.014000  0.000    1.210    1.8342    3.6300    3.6300    0.1645    0.7759    1.3600    1.2600    0.8897  1.055E+12  1.0000   2.160  0.000E+00      0.00      0.00      0.00  0.0000  -9.769   0.000  0.0000  0.700E+00  0.285E+00  0.182E-02  0.690E-04  0.115E-02  0.570E-02  0.272E-05  0.114E-04  0.187E-02  0.151E-03  0.000E+00
  1.219  0.014000  0.000    1.210    1.8534    3.6287    3.6287    0.1165    0.7356    1.3726    1.2663    0.8951  1.085E+12  1.0000   2.135  0.000E+00      0.00      0.00      0.00  0.0000  -9.738   0.000  0.0000  0.700E+00  0.285E+00  0.182E-02  0.690E-04  0.115E-02  0.570E-02  0.272E-05  0.114E-04  0.187E-02  0.151E-03  0.000E+00
  1.219  0.014000  0.000    1.209    1.8935    3.6259    3.6259    0.0163    0.6529    1.4015    1.2807    0.9074  1.151E+12  1.0000   2.083  0.000E+00      0.00      0.00      0.00  0.0000  -9.672   0.000  0.0000  0.700E+00  0.285E+00  0.182E-02  0.690E-04  0.115E-02  0.570E-02  0.272E-05  0.114E-04  0.187E-02  0.151E-03  0.000E+00
  1.219  0.014000  0.000    1.208    1.9346    3.6229    3.6229   -0.0865    0.5681    1.4311    1.2956    0.9201  1.224E+12  1.0000   2.030  0.000E+00      0.00      0.00      0.00  0.0000  -9.604   0.000  0.0000  0.700E+00  0.285E+00  0.182E-02  0.691E-04  0.115E-02  0.570E-02  0.272E-05  0.114E-04  0.187E-02  0.151E-03  0.000E+00
  1.219  0.014000  0.000    1.207    1.9757    3.6199    3.6199   -0.1891    0.4888    1.4593    1.3104    0.9328  1.300E+12  1.0000   1.977  0.000E+00      0.00      0.00      0.00  0.0000  -9.536   0.000  0.0000  0.700E+00  0.285E+00  0.182E-02  0.691E-04  0.115E-02  0.570E-02  0.272E-05  0.114E-04  0.187E-02  0.151E-03  0.000E+00
  1.219  0.014000  0.000    1.206    2.0167    3.6170    3.6170   -0.2917    0.4119    1.4869    1.3251    0.9456  1.382E+12  1.0000   1.923  0.000E+00      0.00      0.00      0.00  0.0000  -9.468   0.000  0.0000  0.700E+00  0.285E+00  0.182E-02  0.691E-04  0.115E-02  0.570E-02  0.272E-05  0.114E-04  0.187E-02  0.151E-03  0.000E+00
  1.219  0.014000  0.000    1.205    2.0577    3.6140    3.6140   -0.3942    0.3350    1.5145    1.3399    0.9586  1.469E+12  1.0000   1.870  0.000E+00      0.00      0.00      0.00  0.0000  -9.400   0.000  0.0000  0.700E+00  0.285E+00  0.182E-02  0.691E-04  0.115E-02  0.570E-02  0.272E-05  0.114E-04  0.187E-02  0.151E-03  0.000E+00
  1.219  0.014000  0.000    1.204    2.0986    3.6111    3.6111   -0.4966    0.2581    1.5420    1.3547    0.9716  1.561E+12  1.0000   1.817  0.000E+00      0.00      0.00      0.00  0.0000  -9.332   0.000  0.0000  0.700E+00  0.285E+00  0.182E-02  0.691E-04  0.115E-02  0.570E-02  0.272E-05  0.114E-04  0.187E-02  0.151E-03  0.000E+00
  1.219  0.014000  0.000    1.203    2.1396    3.6081    3.6081   -0.5989    0.1814    1.5695    1.3694    0.9846  1.658E+12  1.0000   1.764  0.000E+00      0.00      0.00      0.00  0.0000  -9.264   0.000  0.0000  0.700E+00  0.285E+00  0.182E-02  0.691E-04  0.115E-02  0.570E-02  0.272E-05  0.114E-04  0.187E-02  0.151E-03  0.000E+00
  1.220  0.014000  0.000    1.202    2.1805    3.6052    3.6052   -0.7012    0.1046    1.5970    1.3841    0.9978  1.762E+12  1.0000   1.711  0.000E+00      0.00      0.00      0.00  0.0000  -9.197   0.000  0.0000  0.700E+00  0.285E+00  0.182E-02  0.691E-04  0.115E-02  0.570E-02  0.272E-05  0.114E-04  0.187E-02  0.151E-03  0.000E+00
  1.220  0.014000  0.000    1.200    2.2213    3.6022    3.6022   -0.8033    0.0280    1.6245    1.3988    1.0111  1.872E+12  1.0000   1.658  0.000E+00      0.00      0.00      0.00  0.0000  -9.129   0.000  0.0000  0.700E+00  0.285E+00  0.182E-02  0.691E-04  0.115E-02  0.570E-02  0.272E-05  0.114E-04  0.187E-02  0.151E-03  0.000E+00
  1.220  0.014000  0.000    1.199    2.2622    3.5993    3.5993   -0.9054   -0.0486    1.6519    1.4135    1.0245  1.989E+12  1.0000   1.605  0.000E+00      0.00      0.00      0.00  0.0000  -9.062   0.000  0.0000  0.700E+00  0.285E+00  0.182E-02  0.691E-04  0.115E-02  0.570E-02  0.272E-05  0.114E-04  0.187E-02  0.151E-03  0.000E+00
  1.220  0.014000  0.000    1.198    2.3030    3.5964    3.5964   -1.0074   -0.1252    1.6793    1.4282    1.0381  2.113E+12  1.0000   1.552  0.000E+00      0.00      0.00      0.00  0.0000  -8.994   0.000  0.0000  0.700E+00  0.285E+00  0.182E-02  0.691E-04  0.115E-02  0.570E-02  0.272E-05  0.114E-04  0.187E-02  0.151E-03  0.000E+00
  1.220  0.014000  0.000    1.197    2.3437    3.5934    3.5934   -1.1093   -0.2017    1.7066    1.4428    1.0517  2.244E+12  1.0000   1.499  0.000E+00      0.00      0.00      0.00  0.0000  -8.927   0.000  0.0000  0.700E+00  0.285E+00  0.181E-02  0.691E-04  0.115E-02  0.570E-02  0.273E-05  0.114E-04  0.187E-02  0.151E-03  0.000E+00
  1.220  0.014000  0.000    1.196    2.3844    3.5905    3.5905   -1.2111   -0.2687    1.7300    1.4575    1.0655  2.384E+12  1.0000   1.446  0.000E+00      0.00      0.00      0.00  0.0000  -8.859   0.000  0.0000  0.700E+00  0.285E+00  0.181E-02  0.691E-04  0.115E-02  0.570E-02  0.273E-05  0.114E-04  0.187E-02  0.151E-03  0.000E+00
  1.220  0.014000  0.000    1.195    2.4251    3.5876    3.5876   -1.3128   -0.3265    1.7495    1.4721    1.0794  2.532E+12  1.0000   1.393  0.000E+00      0.00      0.00      0.00  0.0000  -8.792   0.000  0.0000  0.700E+00  0.285E+00  0.181E-02  0.691E-04  0.115E-02  0.570E-02  0.273E-05  0.114E-04  0.187E-02  0.151E-03  0.000E+00
