  0.800  0.014000  0.400    0.800   -0.5748    3.6872    3.6872    6.1869    6.5774    0.4938    0.9588    0.5987  5.061E+10  1.0000   4.618  0.287E-05      1.46      0.00      0.00  0.0000   0.000   0.000  0.0000  0.724E+00  0.262E+00  0.226E-02  0.277E-04  0.652E-03  0.566E-02  0.224E-05  0.127E-04  0.186E-02  0.150E-03  0.000E+00
  0.804  0.014000  0.400    0.804   -0.5647    3.6888    3.6888    6.1618    6.5471    0.4862    0.9512    0.5939  5.084E+10  1.0000   4.616  0.289E-05      1.47      0.00      0.00  0.0000   0.000   0.000  0.0000  0.724E+00  0.262E+00  0.226E-02  0.277E-04  0.652E-03  0.566E-02  0.224E-05  0.127E-04  0.186E-02  0.150E-03  0.000E+00
  0.807  0.014000  0.400    0.807   -0.5547    3.6903    3.6903    6.1367    6.5168    0.4786    0.9436    0.5890  5.107E+10  1.0000   4.614  0.290E-05      1.49      0.00      0.00  0.0000   0.000   0.000  0.0000  0.724E+00  0.262E+00  0.226E-02  0.277E-04  0.652E-03  0.566E-02  0.224E-05  0.127E-04  0.186E-02  0.150E-03  0.000E+00
  0.811  0.014000  0.400    0.811   -0.5447    3.6918    3.6918    6.1118    6.4866    0.4710    0.9360    0.5842  5.130E+10  1.0000   4.612  0.292E-05      1.51      0.00      0.00  0.0000   0.000   0.000  0.0000  0.724E+00  0.262E+00  0.226E-02  0.277E-04  0.651E-03  0.566E-02  0.224E-05  0.127E-04  0.186E-02  0.150E-03  0.000E+00
  0.815  0.014000  0.400    0.815   -0.5348    3.6933    3.6933    6.0869    6.4566    0.4634    0.9284    0.5794  5.153E+10  1.0000   4.610  0.294E-05      1.52      0.00      0.00  0.0000   0.000   0.000  0.0000  0.724E+00  0.262E+00  0.226E-02  0.277E-04  0.651E-03  0.566E-02  0.224E-05  0.127E-04  0.186E-02  0.150E-03  0.000E+00
  0.819  0.014000  0.400    0.819   -0.5248    3.6948    3.6948    6.0621    6.4267    0.4559    0.9209    0.5746  5.177E+10  1.0000   4.608  0.295E-05      1.53      0.00      0.00  0.0000   0.000   0.000  0.0000  0.724E+00  0.262E+00  0.226E-02  0.278E-04  0.651E-03  0.566E-02  0.224E-05  0.127E-04  0.186E-02  0.150E-03  0.000E+00
  0.822  0.014000  0.400    0.822   -0.5150    3.6963    3.6963    6.0374    6.3969    0.4484    0.9134    0.5698  5.200E+10  1.0000   4.606  0.296E-05      1.55      0.00      0.00  0.0000   0.000   0.000  0.0000  0.724E+00  0.261E+00  0.226E-02  0.278E-04  0.651E-03  0.566E-02  0.224E-05  0.127E-04  0.186E-02  0.150E-03  0.000E+00
  0.826  0.014000  0.400    0.826   -0.5051    3.6978    3.6978    6.0128    6.3671    0.4410    0.9060    0.5651  5.223E+10  1.0000   4.604  0.298E-05      1.56      0.00      0.00  0.0000   0.000   0.000  0.0000  0.724E+00  0.261E+00  0.226E-02  0.278E-04  0.651E-03  0.566E-02  0.224E-05  0.127E-04  0.186E-02  0.150E-03  0.000E+00
  0.830  0.014000  0.400    0.830   -0.4953    3.6993    3.6993    5.9883    6.3375    0.4335    0.8986    0.5604  5.246E+10  1.0000   4.602  0.299E-05      1.58      0.00      0.00  0.0000   0.000   0.000  0.0000  0.724E+00  0.261E+00  0.225E-02  0.278E-04  0.651E-03  0.566E-02  0.224E-05  0.127E-04  0.186E-02  0.150E-03  0.000E+00
  0.834  0.014000  0.400    0.834   -0.4855    3.7008    3.7008    5.9638    6.3080    0.4261    0.8915    0.5559  5.270E+10  1.0000   4.600  0.301E-05      1.59      0.00      0.00  0.0000   0.000   0.000  0.0000  0.724E+00  0.261E+00  0.225E-02  0.278E-04  0.651E-03  0.566E-02  0.224E-05  0.127E-04  0.186E-02  0.150E-03  0.000E+00
  0.837  0.014000  0.400    0.837   -0.4758    3.7023    3.7023    5.9394    6.2785    0.4187    0.8845    0.5514  5.293E+10  1.0000   4.598  0.302E-05      1.61      0.00      0.00  0.0000   0.000   0.000  0.0000  0.724E+00  0.261E+00  0.225E-02  0.278E-04  0.651E-03  0.566E-02  0.224E-05  0.127E-04  0.186E-02  0.150E-03  0.000E+00
  0.841  0.014000  0.400    0.841   -0.4660    3.7037    3.7037    5.9151    6.2492    0.4114    0.8775    0.5469  5.317E+10  1.0000   4.597  0.304E-05      1.63      0.00      0.00  0.0000   0.000   0.000  0.0000  0.724E+00  0.261E+00  0.225E-02  0.278E-04  0.651E-03  0.566E-02  0.224E-05  0.127E-04  0.186E-02  0.150E-03  0.000E+00
  0.845  0.014000  0.400    0.845   -0.4564    3.7052    3.7052    5.8909    6.2200    0.4041    0.8705    0.5424  5.340E+10  1.0000   4.595  0.305E-05      1.64      0.00      0.00  0.0000   0.000   0.000  0.0000  0.724E+00  0.261E+00  0.225E-02  0.279E-04  0.651E-03  0.566E-02  0.224E-05  0.127E-04  0.186E-02  0.150E-03  0.000E+00
  0.848  0.014000  0.400    0.848   -0.4467    3.7066    3.7066    5.8667    6.1908    0.3968    0.8636    0.5379  5.364E+10  1.0000   4.593  0.307E-05      1.66      0.00      0.00  0.0000   0.000   0.000  0.0000  0.724E+00  0.261E+00  0.225E-02  0.279E-04  0.651E-03  0.566E-02  0.224E-05  0.127E-04  0.186E-02  0.150E-03  0.000E+00
  0.852  0.014000  0.400    0.852   -0.4371    3.7081    3.7081    5.8427    6.1618    0.3895    0.8567    0.5334  5.387E+10  1.0000   4.591  0.308E-05      1.67      0.00      0.00  0.0000   0.000   0.000  0.0000  0.724E+00  0.261E+00  0.225E-02  0.279E-04  0.651E-03  0.566E-02  0.224E-05  0.127E-04  0.186E-02  0.150E-03  0.000E+00
  0.856  0.014000  0.400    0.856   -0.4275    3.7095    3.7095    5.8187    6.1329    0.3823    0.8498    0.5290  5.411E+10  1.0000   4.589  0.309E-05      1.69      0.00      0.00  0.0000   0.000   0.000  0.0000  0.724E+00  0.261E+00  0.225E-02  0.279E-04  0.651E-03  0.565E-02  0.224E-05  0.127E-04  0.186E-02  0.150E-03  0.000E+00
  0.860  0.014000  0.400    0.860   -0.4179    3.7110    3.7110    5.7947    6.1040    0.3751    0.8429    0.5245  5.435E+10  1.0000   4.587  0.310E-05      1.70      0.00      0.00  0.0000   0.000   0.000  0.0000  0.724E+00  0.261E+00  0.225E-02  0.279E-04  0.651E-03  0.565E-02  0.224E-05  0.127E-04  0.186E-02  0.150E-03  0.000E+00
  0.863  0.014000  0.400    0.863   -0.4084    3.7124    3.7124    5.7709    6.0752    0.3679    0.8361    0.5201  5.459E+10  1.0000   4.585  0.311E-05      1.72      0.00      0.00  0.0000   0.000   0.000  0.0000  0.724E+00  0.261E+00  0.225E-02  0.279E-04  0.651E-03  0.565E-02  0.224E-05  0.127E-04  0.186E-02  0.150E-03  0.000E+00
  0.867  0.014000  0.400    0.867   -0.3988    3.7139    3.7139    5.7471    6.0466    0.3607    0.8293    0.5156  5.482E+10  1.0000   4.583  0.313E-05      1.73      0.00      0.00  0.0000   0.000   0.000  0.0000  0.724E+00  0.261E+00  0.225E-02  0.280E-04  0.651E-03  0.565E-02  0.224E-05  0.127E-04  0.186E-02  0.150E-03  0.000E+00
  0.871  0.014000  0.400    0.871   -0.3894    3.7153    3.7153    5.7234    6.0180    0.3536    0.8225    0.5111  5.506E+10  1.0000   4.581  0.314E-05      1.74      0.00      0.00  0.0000   0.000   0.000  0.0000  0.724E+00  0.261E+00  0.225E-02  0.280E-04  0.651E-03  0.565E-02  0.224E-05  0.127E-04  0.186E-02  0.150E-03  0.000E+00
  0.874  0.014000  0.400    0.874   -0.3799    3.7167    3.7167    5.6998    5.9895    0.3465    0.8157    0.5067  5.530E+10  1.0000   4.579  0.315E-05      1.75      0.00      0.00  0.0000   0.000   0.000  0.0000  0.724E+00  0.261E+00  0.225E-02  0.280E-04  0.651E-03  0.565E-02  0.224E-05  0.127E-04  0.186E-02  0.150E-03  0.000E+00
  0.878  0.014000  0.400    0.878   -0.3705    3.7181    3.7181    5.6762    5.9611    0.3394    0.8090    0.5022  5.554E+10  1.0000   4.577  0.316E-05      1.76      0.00      0.00  0.0000   0.000   0.000  0.0000  0.724E+00  0.261E+00  0.225E-02  0.280E-04  0.651E-03  0.565E-02  0.224E-05  0.127E-04  0.186E-02  0.150E-03  0.000E+00
  0.882  0.014000  0.400    0.882   -0.3611    3.7195    3.7195    5.6527    5.9327    0.3324    0.8023    0.4978  5.578E+10  1.0000   4.575  0.317E-05      1.77      0.00      0.00  0.0000   0.000   0.000  0.0000  0.724E+00  0.261E+00  0.225E-02  0.281E-04  0.651E-03  0.565E-02  0.224E-05  0.127E-04  0.186E-02  0.150E-03  0.000E+00
  0.886  0.014000  0.400    0.886   -0.3517    3.7209    3.7209    5.6292    5.9045    0.3253    0.7953    0.4932  5.603E+10  1.0000   4.574  0.319E-05      1.79      0.00      0.00  0.0000   0.000   0.000  0.0000  0.725E+00  0.261E+00  0.225E-02  0.281E-04  0.651E-03  0.565E-02  0.224E-05  0.127E-04  0.186E-02  0.150E-03  0.000E+00
  0.889  0.014000  0.400    0.889   -0.3423    3.7223    3.7223    5.6059    5.8763    0.3183    0.7883    0.4885  5.627E+10  1.0000   4.572  0.321E-05      1.81      0.00      0.00  0.0000   0.000   0.000  0.0000  0.725E+00  0.261E+00  0.225E-02  0.281E-04  0.651E-03  0.565E-02  0.224E-05  0.127E-04  0.186E-02  0.150E-03  0.000E+00
  0.893  0.014000  0.400    0.893   -0.3330    3.7237    3.7237    5.5826    5.8482    0.3114    0.7814    0.4838  5.651E+10  1.0000   4.570  0.323E-05      1.82      0.00      0.00  0.0000   0.000   0.000  0.0000  0.725E+00  0.261E+00  0.225E-02  0.282E-04  0.651E-03  0.565E-02  0.224E-05  0.127E-04  0.186E-02  0.150E-03  0.000E+00
  0.897  0.014000  0.400    0.897   -0.3237    3.7251    3.7251    5.5593    5.8202    0.3044    0.7744    0.4791  5.675E+10  1.0000   4.568  0.324E-05      1.84      0.00      0.00  0.0000   0.000   0.000  0.0000  0.725E+00  0.261E+00  0.225E-02  0.282E-04  0.651E-03  0.565E-02  0.224E-05  0.127E-04  0.186E-02  0.150E-03  0.000E+00
  0.901  0.014000  0.400    0.901   -0.3144    3.7265    3.7265    5.5361    5.7924    0.2976    0.7676    0.4745  5.701E+10  1.0000   4.566  0.325E-05      1.85      0.00      0.00  0.0000   0.000   0.000  0.0000  0.725E+00  0.261E+00  0.225E-02  0.282E-04  0.651E-03  0.565E-02  0.224E-05  0.127E-04  0.186E-02  0.150E-03  0.000E+00
  0.904  0.014000  0.400    0.904   -0.3051    3.7277    3.7277    5.5129    5.7649    0.2915    0.7615    0.4703  5.729E+10  1.0000   4.563  0.326E-05      1.87      0.00      0.00  0.0000   0.000   0.000  0.0000  0.725E+00  0.261E+00  0.225E-02  0.283E-04  0.651E-03  0.565E-02  0.224E-05  0.127E-04  0.186E-02  0.150E-03  0.000E+00
  0.908  0.014000  0.400    0.908   -0.2959    3.7289    3.7289    5.4897    5.7376    0.2853    0.7553    0.4661  5.758E+10  1.0000   4.561  0.327E-05      1.89      0.00      0.00  0.0000   0.000   0.000  0.0000  0.725E+00  0.261E+00  0.225E-02  0.283E-04  0.651E-03  0.565E-02  0.224E-05  0.127E-04  0.186E-02  0.150E-03  0.000E+00
  0.912  0.014000  0.400    0.912   -0.2866    3.7302    3.7302    5.4666    5.7103    0.2792    0.7492    0.4619  5.787E+10  1.0000   4.558  0.329E-05      1.91      0.00      0.00  0.0000   0.000   0.000  0.0000  0.725E+00  0.261E+00  0.225E-02  0.283E-04  0.651E-03  0.565E-02  0.224E-05  0.127E-04  0.186E-02  0.150E-03  0.000E+00
  0.915  0.014000  0.400    0.915   -0.2774    3.7314    3.7314    5.4435    5.6830    0.2731    0.7431    0.4577  5.816E+10  1.0000   4.555  0.330E-05      1.93      0.00      0.00  0.0000   0.000   0.000  0.0000  0.725E+00  0.261E+00  0.225E-02  0.283E-04  0.651E-03  0.565E-02  0.224E-05  0.127E-04  0.186E-02  0.150E-03  0.000E+00
  0.919  0.014000  0.400    0.919   -0.2682    3.7326    3.7326    5.4205    5.6559    0.2671    0.7371    0.4535  5.845E+10  1.0000   4.553  0.332E-05      1.95      0.00      0.00  0.0000   0.000   0.000  0.0000  0.725E+00  0.261E+00  0.225E-02  0.283E-04  0.651E-03  0.565E-02  0.224E-05  0.127E-04  0.186E-02  0.150E-03  0.000E+00
  0.923  0.014000  0.400    0.923   -0.2590    3.7338    3.7338    5.3976    5.6288    0.2611    0.7311    0.4493  5.875E+10  1.0000   4.550  0.334E-05      1.97      0.00      0.00  0.0000   0.000   0.000  0.0000  0.725E+00  0.261E+00  0.225E-02  0.283E-04  0.651E-03  0.565E-02  0.224E-05  0.127E-04  0.186E-02  0.150E-03  0.000E+00
  0.927  0.014000  0.400    0.927   -0.2499    3.7350    3.7350    5.3747    5.6019    0.2550    0.7250    0.4452  5.904E+10  1.0000   4.548  0.335E-05      1.99      0.00      0.00  0.0000   0.000   0.000  0.0000  0.725E+00  0.261E+00  0.225E-02  0.284E-04  0.651E-03  0.565E-02  0.224E-05  0.127E-04  0.186E-02  0.150E-03  0.000E+00
  0.930  0.014000  0.400    0.930   -0.2408    3.7362    3.7362    5.3519    5.5749    0.2491    0.7191    0.4410  5.934E+10  1.0000   4.545  0.337E-05      2.01      0.00      0.00  0.0000   0.000   0.000  0.0000  0.725E+00  0.261E+00  0.225E-02  0.284E-04  0.651E-03  0.565E-02  0.224E-05  0.127E-04  0.186E-02  0.150E-03  0.000E+00
  0.934  0.014000  0.400    0.934   -0.2316    3.7374    3.7374    5.3291    5.5481    0.2431    0.7131    0.4368  5.964E+10  1.0000   4.542  0.339E-05      2.03      0.00      0.00  0.0000   0.000   0.000  0.0000  0.725E+00  0.261E+00  0.225E-02  0.284E-04  0.651E-03  0.565E-02  0.224E-05  0.127E-04  0.186E-02  0.150E-03  0.000E+00
  0.938  0.014000  0.400    0.938   -0.2226    3.7386    3.7386    5.3064    5.5213    0.2371    0.7071    0.4326  5.993E+10  1.0000   4.540  0.340E-05      2.05      0.00      0.00  0.0000   0.000   0.000  0.0000  0.725E+00  0.261E+00  0.225E-02  0.284E-04  0.651E-03  0.565E-02  0.224E-05  0.127E-04  0.186E-02  0.150E-03  0.000E+00
  0.942  0.014000  0.400    0.942   -0.2135    3.7398    3.7398    5.2837    5.4946    0.2312    0.7012    0.4283  6.023E+10  1.0000   4.537  0.341E-05      2.07      0.00      0.00  0.0000   0.000   0.000  0.0000  0.725E+00  0.261E+00  0.225E-02  0.284E-04  0.651E-03  0.565E-02  0.224E-05  0.127E-04  0.186E-02  0.150E-03  0.000E+00
  0.949  0.014000  0.400    0.949   -0.1954    3.7421    3.7421    5.2385    5.4413    0.2194    0.6917    0.4215  6.084E+10  1.0000   4.532  0.343E-05      2.10      0.00      0.00  0.0000   0.000   0.000  0.0000  0.725E+00  0.261E+00  0.225E-02  0.285E-04  0.651E-03  0.565E-02  0.224E-05  0.127E-04  0.186E-02  0.150E-03  0.000E+00
  0.956  0.014000  0.400    0.956   -0.1774    3.7444    3.7444    5.1936    5.3883    0.2078    0.6824    0.4149  6.144E+10  1.0000   4.527  0.345E-05      2.14      0.00      0.00  0.0000   0.000   0.000  0.0000  0.725E+00  0.261E+00  0.225E-02  0.285E-04  0.651E-03  0.565E-02  0.224E-05  0.127E-04  0.186E-02  0.150E-03  0.000E+00
  0.964  0.014000  0.400    0.964   -0.1595    3.7468    3.7468    5.1488    5.3356    0.1962    0.6733    0.4082  6.206E+10  1.0000   4.521  0.348E-05      2.17      0.00      0.00  0.0000   0.000   0.000  0.0000  0.725E+00  0.261E+00  0.225E-02  0.286E-04  0.651E-03  0.565E-02  0.224E-05  0.127E-04  0.186E-02  0.150E-03  0.000E+00
  0.971  0.014000  0.400    0.971   -0.1416    3.7491    3.7491    5.1041    5.2830    0.1845    0.6640    0.4015  6.267E+10  1.0000   4.516  0.351E-05      2.21      0.00      0.00  0.0000   0.000   0.000  0.0000  0.725E+00  0.261E+00  0.225E-02  0.287E-04  0.650E-03  0.565E-02  0.224E-05  0.127E-04  0.186E-02  0.150E-03  0.000E+00
  0.979  0.014000  0.400    0.979   -0.1239    3.7514    3.7514    5.0596    5.2305    0.1728    0.6549    0.3948  6.329E+10  1.0000   4.511  0.354E-05      2.25      0.00      0.00  0.0000   0.000   0.000  0.0000  0.725E+00  0.261E+00  0.225E-02  0.287E-04  0.650E-03  0.565E-02  0.224E-05  0.127E-04  0.186E-02  0.150E-03  0.000E+00
  0.986  0.014000  0.400    0.986   -0.1061    3.7537    3.7537    5.0154    5.1784    0.1614    0.6459    0.3881  6.391E+10  1.0000   4.506  0.357E-05      2.28      0.00      0.00  0.0000   0.000   0.000  0.0000  0.725E+00  0.261E+00  0.225E-02  0.288E-04  0.650E-03  0.565E-02  0.224E-05  0.127E-04  0.186E-02  0.150E-03  0.000E+00
  0.994  0.014000  0.400    0.994   -0.0885    3.7560    3.7560    4.9712    5.1266    0.1502    0.6370    0.3815  6.455E+10  1.0000   4.500  0.359E-05      2.32      0.00      0.00  0.0000   0.000   0.000  0.0000  0.725E+00  0.261E+00  0.225E-02  0.289E-04  0.650E-03  0.565E-02  0.224E-05  0.127E-04  0.186E-02  0.150E-03  0.000E+00
  1.001  0.014000  0.400    1.001   -0.0709    3.7582    3.7582    4.9273    5.0752    0.1392    0.6283    0.3750  6.521E+10  1.0000   4.495  0.361E-05      2.35      0.00      0.00  0.0000   0.000   0.000  0.0000  0.725E+00  0.261E+00  0.225E-02  0.290E-04  0.650E-03  0.565E-02  0.224E-05  0.127E-04  0.186E-02  0.150E-03  0.000E+00
  1.009  0.014000  0.400    1.009   -0.0534    3.7601    3.7601    4.8834    5.0248    0.1296    0.6208    0.3693  6.596E+10  1.0000   4.488  0.363E-05      2.39      0.00      0.00  0.0000   0.000   0.000  0.0000  0.725E+00  0.261E+00  0.225E-02  0.290E-04  0.650E-03  0.565E-02  0.223E-05  0.127E-04  0.186E-02  0.150E-03  0.000E+00
  1.016  0.014000  0.400    1.016   -0.0359    3.7620    3.7620    4.8397    4.9745    0.1202    0.6133    0.3636  6.671E+10  1.0000   4.482  0.364E-05      2.44      0.00      0.00  0.0000   0.000   0.000  0.0000  0.725E+00  0.261E+00  0.225E-02  0.291E-04  0.650E-03  0.565E-02  0.223E-05  0.127E-04  0.186E-02  0.150E-03  0.000E+00
  1.023  0.014000  0.400    1.023   -0.0184    3.7638    3.7638    4.7961    4.9245    0.1108    0.6059    0.3579  6.748E+10  1.0000   4.475  0.365E-05      2.48      0.00      0.00  0.0000   0.000   0.000  0.0000  0.725E+00  0.260E+00  0.225E-02  0.291E-04  0.650E-03  0.565E-02  0.223E-05  0.127E-04  0.186E-02  0.150E-03  0.000E+00
  1.031  0.014000  0.400    1.031   -0.0011    3.7657    3.7657    4.7527    4.8748    0.1015    0.5985    0.3523  6.826E+10  1.0000   4.468  0.368E-05      2.52      0.00      0.00  0.0000   0.000   0.000  0.0000  0.725E+00  0.260E+00  0.225E-02  0.291E-04  0.650E-03  0.564E-02  0.223E-05  0.127E-04  0.186E-02  0.150E-03  0.000E+00
  1.038  0.014000  0.400    1.038    0.0162    3.7676    3.7676    4.7094    4.8251    0.0922    0.5912    0.3466  6.904E+10  1.0000   4.461  0.370E-05      2.56      0.00      0.00  0.0000   0.000   0.000  0.0000  0.725E+00  0.260E+00  0.225E-02  0.292E-04  0.650E-03  0.564E-02  0.223E-05  0.127E-04  0.185E-02  0.150E-03  0.000E+00
  1.046  0.014000  0.400    1.046    0.0335    3.7694    3.7694    4.6663    4.7756    0.0829    0.5839    0.3410  6.982E+10  1.0000   4.455  0.371E-05      2.61      0.00      0.00  0.0000   0.000   0.000  0.0000  0.725E+00  0.260E+00  0.225E-02  0.292E-04  0.650E-03  0.564E-02  0.223E-05  0.127E-04  0.185E-02  0.150E-03  0.000E+00
  1.053  0.014000  0.400    1.053    0.0507    3.7712    3.7712    4.6233    4.7264    0.0738    0.5767    0.3353  7.062E+10  1.0000   4.448  0.372E-05      2.65      0.00      0.00  0.0000   0.000   0.000  0.0000  0.725E+00  0.260E+00  0.225E-02  0.293E-04  0.650E-03  0.564E-02  0.223E-05  0.127E-04  0.185E-02  0.150E-03  0.000E+00
  1.061  0.014000  0.400    1.061    0.0678    3.7731    3.7731    4.5804    4.6773    0.0647    0.5695    0.3297  7.143E+10  1.0000   4.441  0.374E-05      2.69      0.00      0.00  0.0000   0.000   0.000  0.0000  0.725E+00  0.260E+00  0.225E-02  0.293E-04  0.650E-03  0.564E-02  0.223E-05  0.127E-04  0.185E-02  0.150E-03  0.000E+00
  1.068  0.014000  0.400    1.068    0.0849    3.7749    3.7749    4.5377    4.6284    0.0557    0.5624    0.3241  7.225E+10  1.0000   4.434  0.377E-05      2.73      0.00      0.00  0.0000   0.000   0.000  0.0000  0.725E+00  0.260E+00  0.225E-02  0.294E-04  0.650E-03  0.564E-02  0.223E-05  0.127E-04  0.185E-02  0.150E-03  0.000E+00
  1.076  0.014000  0.400    1.076    0.1020    3.7767    3.7767    4.4950    4.5796    0.0467    0.5553    0.3185  7.308E+10  1.0000   4.427  0.378E-05      2.77      0.00      0.00  0.0000   0.000   0.000  0.0000  0.725E+00  0.260E+00  0.225E-02  0.294E-04  0.650E-03  0.564E-02  0.223E-05  0.127E-04  0.185E-02  0.150E-03  0.000E+00
  1.083  0.014000  0.400    1.083    0.1190    3.7784    3.7784    4.4525    4.5316    0.0393    0.5484    0.3130  7.392E+10  1.0000   4.420  0.380E-05      2.81      0.00      0.00  0.0000   0.000   0.000  0.0000  0.725E+00  0.260E+00  0.225E-02  0.295E-04  0.650E-03  0.564E-02  0.223E-05  0.127E-04  0.185E-02  0.150E-03  0.000E+00
  1.091  0.014000  0.400    1.091    0.1359    3.7802    3.7802    4.4101    4.4852    0.0365    0.5419    0.3078  7.477E+10  1.0000   4.413  0.381E-05      2.86      0.00      0.00  0.0000   0.000   0.000  0.0000  0.726E+00  0.260E+00  0.225E-02  0.295E-04  0.650E-03  0.564E-02  0.223E-05  0.127E-04  0.185E-02  0.150E-03  0.000E+00
  1.098  0.014000  0.400    1.098    0.1529    3.7819    3.7819    4.3679    4.4390    0.0338    0.5355    0.3027  7.564E+10  1.0000   4.406  0.382E-05      2.89      0.00      0.00  0.0000   0.000   0.000  0.0000  0.726E+00  0.260E+00  0.225E-02  0.296E-04  0.650E-03  0.564E-02  0.223E-05  0.127E-04  0.185E-02  0.150E-03  0.000E+00
  1.113  0.014000  0.400    1.113    0.1817    3.7846    3.7846    4.2958    4.3607    0.0295    0.5255    0.2946  7.723E+10  1.0000   4.394  0.395E-05      3.06      0.00      0.00  0.0000   0.000   0.000  0.0000  0.725E+00  0.261E+00  0.224E-02  0.331E-04  0.656E-03  0.565E-02  0.223E-05  0.127E-04  0.186E-02  0.150E-03  0.000E+00
  1.128  0.014000  0.400    1.128    0.2095    3.7871    3.7871    4.2262    4.2854    0.0254    0.5162    0.2870  7.883E+10  1.0000   4.382  0.409E-05      3.26      0.00      0.00  0.0000   0.000   0.000  0.0000  0.724E+00  0.261E+00  0.223E-02  0.373E-04  0.665E-03  0.565E-02  0.224E-05  0.127E-04  0.186E-02  0.150E-03  0.000E+00
  1.143  0.014000  0.400    1.143    0.2371    3.7895    3.7895    4.1572    4.2108    0.0216    0.5072    0.2796  8.046E+10  1.0000   4.370  0.421E-05      3.44      0.00      0.00  0.0000   0.000   0.000  0.0000  0.724E+00  0.262E+00  0.222E-02  0.418E-04  0.674E-03  0.566E-02  0.224E-05  0.127E-04  0.186E-02  0.150E-03  0.000E+00
  1.158  0.014000  0.400    1.158    0.2645    3.7919    3.7919    4.0888    4.1370    0.0177    0.4983    0.2724  8.213E+10  1.0000   4.358  0.433E-05      3.63      0.00      0.00  0.0000   0.000   0.000  0.0000  0.723E+00  0.263E+00  0.221E-02  0.466E-04  0.685E-03  0.567E-02  0.225E-05  0.127E-04  0.186E-02  0.150E-03  0.000E+00
  1.172  0.014000  0.400    1.172    0.2915    3.7942    3.7942    4.0212    4.0641    0.0140    0.4897    0.2652  8.383E+10  1.0000   4.345  0.444E-05      3.80      0.00      0.00  0.0000   0.000   0.000  0.0000  0.722E+00  0.263E+00  0.220E-02  0.515E-04  0.696E-03  0.567E-02  0.225E-05  0.127E-04  0.186E-02  0.151E-03  0.000E+00
  1.187  0.014000  0.400    1.187    0.3183    3.7965    3.7965    3.9543    3.9921    0.0104    0.4814    0.2583  8.556E+10  1.0000   4.333  0.455E-05      3.95      0.00      0.00  0.0000   0.000   0.000  0.0000  0.721E+00  0.264E+00  0.219E-02  0.567E-04  0.708E-03  0.568E-02  0.226E-05  0.127E-04  0.187E-02  0.151E-03  0.000E+00
  1.202  0.014000  0.400    1.202    0.3447    3.7986    3.7986    3.8882    3.9210    0.0070    0.4733    0.2516  8.733E+10  1.0000   4.321  0.464E-05      4.10      0.00      0.00  0.0000   0.000   0.000  0.0000  0.720E+00  0.265E+00  0.218E-02  0.621E-04  0.722E-03  0.569E-02  0.226E-05  0.127E-04  0.187E-02  0.151E-03  0.000E+00
  1.217  0.014000  0.400    1.217    0.3708    3.8007    3.8007    3.8230    3.8511    0.0037    0.4656    0.2452  8.914E+10  1.0000   4.308  0.473E-05      4.26      0.00      0.00  0.0000   0.000   0.000  0.0000  0.719E+00  0.266E+00  0.217E-02  0.677E-04  0.736E-03  0.570E-02  0.227E-05  0.127E-04  0.187E-02  0.151E-03  0.000E+00
  1.232  0.014000  0.400    1.232    0.3966    3.8027    3.8027    3.7586    3.7822    0.0005    0.4583    0.2389  9.099E+10  1.0000   4.296  0.482E-05      4.41      0.00      0.00  0.0000   0.000   0.000  0.0000  0.718E+00  0.267E+00  0.216E-02  0.733E-04  0.751E-03  0.571E-02  0.227E-05  0.127E-04  0.187E-02  0.152E-03  0.000E+00
  1.247  0.014000  0.400    1.247    0.4220    3.8046    3.8046    3.6949    3.7141   -0.0025    0.4512    0.2330  9.288E+10  1.0000   4.283  0.490E-05      4.55      0.00      0.00  0.0000   0.000   0.000  0.0000  0.717E+00  0.268E+00  0.214E-02  0.789E-04  0.766E-03  0.572E-02  0.228E-05  0.127E-04  0.188E-02  0.152E-03  0.000E+00
  1.277  0.014000  0.400    1.277    0.4764    3.8066    3.8066    3.5591    3.5737   -0.0058    0.4437    0.2266  9.795E+10  1.0000   4.247  0.492E-05      4.84      0.00      0.00  0.0000   0.000   0.000  0.0000  0.717E+00  0.268E+00  0.213E-02  0.827E-04  0.784E-03  0.572E-02  0.228E-05  0.127E-04  0.188E-02  0.152E-03  0.000E+00
  1.307  0.014000  0.400    1.307    0.5299    3.8084    3.8084    3.4253    3.4358   -0.0086    0.4371    0.2210  1.033E+11  1.0000   4.211  0.494E-05      5.13      0.00      0.00  0.0000   0.000   0.000  0.0000  0.717E+00  0.268E+00  0.211E-02  0.857E-04  0.801E-03  0.572E-02  0.229E-05  0.127E-04  0.188E-02  0.152E-03  0.000E+00
  1.336  0.014000  0.400    1.336    0.5822    3.8100    3.8100    3.2946    3.3013   -0.0112    0.4310    0.2158  1.089E+11  1.0000   4.175  0.495E-05      5.41      0.00      0.00  0.0000   0.000   0.000  0.0000  0.717E+00  0.268E+00  0.209E-02  0.886E-04  0.818E-03  0.572E-02  0.229E-05  0.126E-04  0.188E-02  0.152E-03  0.000E+00
  1.366  0.014000  0.400    1.366    0.6328    3.8111    3.8111    3.1679    3.1723   -0.0129    0.4271    0.2125  1.149E+11  1.0000   4.138  0.498E-05      5.75      0.00      0.00  0.0000   0.000   0.000  0.0000  0.717E+00  0.269E+00  0.205E-02  0.945E-04  0.864E-03  0.572E-02  0.233E-05  0.125E-04  0.188E-02  0.152E-03  0.000E+00
  1.396  0.014000  0.400    1.396    0.6820    3.8109    3.8109    3.0449    3.0497   -0.0126    0.4278    0.2131  1.217E+11  1.0000   4.097  0.500E-05      6.14      0.00      0.00  0.0000   0.000   0.000  0.0000  0.716E+00  0.269E+00  0.198E-02  0.103E-03  0.935E-03  0.572E-02  0.239E-05  0.123E-04  0.188E-02  0.152E-03  0.000E+00
  1.426  0.014000  0.400    1.426    0.7302    3.8093    3.8093    2.9244    2.9328   -0.0101    0.4337    0.2181  1.296E+11  1.0000   4.052  0.497E-05      6.51      0.00      0.00  0.0000   0.000   0.000  0.0000  0.716E+00  0.269E+00  0.191E-02  0.110E-03  0.101E-02  0.572E-02  0.246E-05  0.122E-04  0.188E-02  0.152E-03  0.000E+00
  1.441  0.014000  0.400    1.441    0.7539    3.8078    3.8078    2.8653    2.8771   -0.0077    0.4392    0.2228  1.341E+11  1.0000   4.027  0.493E-05      6.68      0.00      0.00  0.0000   0.000   0.000  0.0000  0.716E+00  0.269E+00  0.188E-02  0.114E-03  0.104E-02  0.572E-02  0.250E-05  0.121E-04  0.188E-02  0.152E-03  0.000E+00
  1.456  0.014000  0.400    1.456    0.7771    3.8058    3.8058    2.8073    2.8237   -0.0045    0.4467    0.2292  1.390E+11  1.0000   4.000  0.487E-05      6.84      0.00      0.00  0.0000   0.000   0.000  0.0000  0.716E+00  0.269E+00  0.185E-02  0.117E-03  0.108E-02  0.572E-02  0.254E-05  0.120E-04  0.188E-02  0.152E-03  0.000E+00
  1.470  0.014000  0.400    1.470    0.7999    3.8033    3.8033    2.7503    2.7725   -0.0004    0.4561    0.2371  1.444E+11  1.0000   3.972  0.479E-05      6.96      0.00      0.00  0.0000   0.000   0.000  0.0000  0.716E+00  0.270E+00  0.181E-02  0.120E-03  0.111E-02  0.572E-02  0.258E-05  0.119E-04  0.188E-02  0.152E-03  0.000E+00
  1.478  0.014000  0.400    1.478    0.8111    3.8018    3.8018    2.7223    2.7478    0.0019    0.4615    0.2417  1.472E+11  1.0000   3.957  0.475E-05      7.02      0.00      0.00  0.0000   0.000   0.000  0.0000  0.716E+00  0.270E+00  0.180E-02  0.122E-03  0.113E-02  0.572E-02  0.261E-05  0.119E-04  0.188E-02  0.152E-03  0.000E+00
  1.485  0.014000  0.400    1.485    0.8222    3.8003    3.8003    2.6945    2.7236    0.0044    0.4673    0.2466  1.502E+11  1.0000   3.942  0.470E-05      7.08      0.00      0.00  0.0000   0.000   0.000  0.0000  0.716E+00  0.270E+00  0.178E-02  0.123E-03  0.114E-02  0.572E-02  0.263E-05  0.118E-04  0.188E-02  0.152E-03  0.000E+00
  1.493  0.014000  0.400    1.493    0.8333    3.7986    3.7986    2.6667    2.6997    0.0070    0.4735    0.2517  1.533E+11  1.0000   3.926  0.464E-05      7.12      0.00      0.00  0.0000   0.000   0.000  0.0000  0.715E+00  0.270E+00  0.176E-02  0.125E-03  0.116E-02  0.572E-02  0.265E-05  0.118E-04  0.188E-02  0.152E-03  0.000E+00
  1.508  0.014000  0.400    1.508    0.8577    3.7962    3.7962    2.6057    2.6442    0.0109    0.4824    0.2592  1.594E+11  0.9978   3.896  0.645E-05     11.37     11.22      0.00  0.0236   0.000   0.000  0.0000  0.716E+00  0.270E+00  0.177E-02  0.123E-03  0.116E-02  0.572E-02  0.272E-05  0.118E-04  0.188E-02  0.152E-03  0.000E+00
  1.538  0.014000  0.400    1.538    0.9182    3.7940    3.7940    2.4544    2.4980    0.0145    0.4907    0.2661  1.725E+11  0.9894   3.836  0.129E-04     26.79     52.55      0.00  0.1126   0.000   0.000  0.0000  0.716E+00  0.269E+00  0.183E-02  0.110E-03  0.110E-02  0.572E-02  0.296E-05  0.119E-04  0.188E-02  0.152E-03  0.000E+00
  1.545  0.014000  0.400    1.545    0.9430    3.7956    3.7956    2.3924    2.4321    0.0118    0.4845    0.2609  1.760E+11  0.9867   3.821  0.147E-04     31.23     62.58      0.00  0.1374   0.000   0.000  0.0001  0.716E+00  0.269E+00  0.184E-02  0.107E-03  0.109E-02  0.572E-02  0.303E-05  0.119E-04  0.188E-02  0.152E-03  0.000E+00
  1.547  0.014000  0.400    1.547    0.9522    3.7967    3.7967    2.3694    2.4066    0.0100    0.4805    0.2576  1.770E+11  0.9859   3.817  0.153E-04     32.53     65.13      0.00  0.1443   0.000   0.000  0.0001  0.716E+00  0.269E+00  0.185E-02  0.106E-03  0.108E-02  0.572E-02  0.305E-05  0.119E-04  0.188E-02  0.152E-03  0.000E+00
  1.549  0.014000  0.400    1.549    0.9639    3.7986    3.7986    2.3402    2.3730    0.0070    0.4734    0.2517  1.777E+11  0.9846   3.813  0.161E-04     34.47     67.94      0.00  0.1533   0.000   0.000  0.0001  0.716E+00  0.269E+00  0.185E-02  0.105E-03  0.108E-02  0.572E-02  0.307E-05  0.119E-04  0.188E-02  0.152E-03  0.000E+00
  1.550  0.014000  0.400    1.550    0.9717    3.8000    3.8000    2.3207    2.3503    0.0047    0.4681    0.2473  1.782E+11  0.9838   3.812  0.165E-04     35.52     69.21      0.00  0.1582   0.000   0.000  0.0001  0.716E+00  0.269E+00  0.185E-02  0.105E-03  0.108E-02  0.572E-02  0.309E-05  0.119E-04  0.188E-02  0.152E-03  0.000E+00
  1.551  0.014000  0.400    1.551    0.9819    3.8019    3.8019    2.2954    2.3207    0.0018    0.4612    0.2414  1.787E+11  0.9830   3.809  0.170E-04     36.62     70.63      0.00  0.1634   0.000   0.000  0.0001  0.716E+00  0.269E+00  0.185E-02  0.104E-03  0.108E-02  0.572E-02  0.310E-05  0.119E-04  0.188E-02  0.152E-03  0.000E+00
  1.551  0.014000  0.400    1.551    0.9883    3.8032    3.8032    2.2793    2.3017   -0.0003    0.4564    0.2374  1.789E+11  0.9823   3.808  0.174E-04     37.47     71.40      0.00  0.1670   0.000   0.000  0.0001  0.716E+00  0.269E+00  0.186E-02  0.104E-03  0.108E-02  0.572E-02  0.310E-05  0.119E-04  0.188E-02  0.152E-03  0.000E+00
  1.552  0.014000  0.400    1.552    0.9960    3.8049    3.8049    2.2599    2.2784   -0.0030    0.4501    0.2320  1.791E+11  0.9815   3.808  0.178E-04     38.45     72.04      0.00  0.1710   0.000   0.000  0.0001  0.716E+00  0.269E+00  0.186E-02  0.104E-03  0.108E-02  0.572E-02  0.311E-05  0.119E-04  0.188E-02  0.152E-03  0.000E+00
  1.552  0.014000  0.400    1.552    1.0052    3.8071    3.8071    2.2370    2.2505   -0.0066    0.4419    0.2251  1.791E+11  0.9807   3.808  0.183E-04     39.44     72.86      0.00  0.1750   0.000   0.000  0.0001  0.716E+00  0.269E+00  0.186E-02  0.104E-03  0.108E-02  0.572E-02  0.311E-05  0.119E-04  0.188E-02  0.152E-03  0.000E+00
  1.552  0.014000  0.400    1.552    1.0158    3.8097    3.8097    2.2105    2.2180   -0.0108    0.4322    0.2168  1.791E+11  0.9799   3.808  0.189E-04     40.29     73.89      0.00  0.1787   0.000   0.000  0.0001  0.716E+00  0.269E+00  0.186E-02  0.104E-03  0.107E-02  0.572E-02  0.312E-05  0.119E-04  0.188E-02  0.152E-03  0.000E+00
  1.553  0.014000  0.400    1.553    1.0235    3.8116    3.8116    2.1913    2.1945   -0.0138    0.4251    0.2107  1.791E+11  0.9795   3.808  0.192E-04     40.95     74.33      0.00  0.1808   0.000   0.000  0.0001  0.716E+00  0.269E+00  0.186E-02  0.104E-03  0.107E-02  0.572E-02  0.313E-05  0.119E-04  0.188E-02  0.152E-03  0.000E+00
  1.553  0.014000  0.400    1.553    1.0311    3.8135    3.8135    2.1721    2.1715   -0.0154    0.4183    0.2049  1.791E+11  0.9791   3.808  0.195E-04     41.62     74.78      0.00  0.1828   0.000   0.000  0.0001  0.716E+00  0.269E+00  0.186E-02  0.103E-03  0.107E-02  0.572E-02  0.313E-05  0.119E-04  0.188E-02  0.152E-03  0.000E+00
  1.553  0.014000  0.400    1.553    1.0419    3.8160    3.8160    2.1453    2.1416   -0.0126    0.4105    0.1982  1.793E+11  0.9785   3.807  0.200E-04     42.35     75.43      0.00  0.1855   0.000   0.000  0.0001  0.716E+00  0.269E+00  0.186E-02  0.103E-03  0.107E-02  0.572E-02  0.314E-05  0.119E-04  0.188E-02  0.152E-03  0.000E+00
  1.554  0.014000  0.400    1.554    1.0537    3.8171    3.8171    2.1157    2.1106   -0.0113    0.4070    0.1952  1.808E+11  0.9781   3.800  0.200E-04     42.73     75.82      0.00  0.1878   0.000   0.000  0.0001  0.716E+00  0.269E+00  0.186E-02  0.103E-03  0.107E-02  0.572E-02  0.314E-05  0.119E-04  0.188E-02  0.152E-03  0.000E+00
  1.554  0.014000  0.400    1.554    1.0546    3.8151    3.8151    2.1134    2.1108   -0.0136    0.4135    0.2007  1.827E+11  0.9785   3.791  0.195E-04     42.08     75.47      0.00  0.1870   0.000   0.000  0.0001  0.716E+00  0.269E+00  0.186E-02  0.103E-03  0.107E-02  0.572E-02  0.315E-05  0.119E-04  0.188E-02  0.152E-03  0.000E+00
  1.554  0.014000  0.400    1.554    1.0556    3.8130    3.8130    2.1111    2.1110   -0.0160    0.4199    0.2062  1.846E+11  0.9788   3.782  0.189E-04     41.42     75.11      0.00  0.1861   0.000   0.000  0.0001  0.716E+00  0.269E+00  0.186E-02  0.103E-03  0.107E-02  0.572E-02  0.315E-05  0.119E-04  0.188E-02  0.152E-03  0.000E+00
  1.555  0.014000  0.400    1.555    1.0581    3.8104    3.8104    2.1047    2.1107   -0.0118    0.4298    0.2147  1.875E+11  0.9793   3.769  0.181E-04     40.56     74.75      0.00  0.1852   0.000   0.000  0.0001  0.716E+00  0.269E+00  0.186E-02  0.103E-03  0.107E-02  0.572E-02  0.316E-05  0.119E-04  0.188E-02  0.152E-03  0.000E+00
  1.555  0.014000  0.400    1.555    1.0637    3.8084    3.8084    2.0907    2.1011   -0.0087    0.4370    0.2209  1.904E+11  0.9797   3.756  0.175E-04     39.98     75.04      0.00  0.1853   0.000   0.000  0.0001  0.716E+00  0.269E+00  0.186E-02  0.102E-03  0.107E-02  0.572E-02  0.317E-05  0.119E-04  0.188E-02  0.152E-03  0.000E+00
  1.557  0.014000  0.400    1.557    1.0701    3.8066    3.8066    2.0749    2.0895   -0.0058    0.4437    0.2266  1.934E+11  0.9797   3.743  0.173E-04     40.16     76.88      0.00  0.1891   0.000   0.000  0.0001  0.716E+00  0.269E+00  0.187E-02  0.102E-03  0.107E-02  0.572E-02  0.319E-05  0.120E-04  0.188E-02  0.152E-03  0.000E+00
  1.559  0.014000  0.400    1.559    1.0759    3.8049    3.8049    2.0603    2.0789   -0.0030    0.4501    0.2320  1.962E+11  0.9796   3.731  0.171E-04     40.37     78.55      0.00  0.1928   0.000   0.000  0.0001  0.716E+00  0.269E+00  0.187E-02  0.101E-03  0.106E-02  0.572E-02  0.321E-05  0.120E-04  0.188E-02  0.152E-03  0.000E+00
  1.561  0.014000  0.400    1.561    1.0815    3.8035    3.8035    2.0463    2.0680   -0.0008    0.4553    0.2364  1.987E+11  0.9796   3.720  0.170E-04     40.62     80.55      0.00  0.1962   0.000   0.000  0.0001  0.716E+00  0.269E+00  0.187E-02  0.100E-03  0.106E-02  0.572E-02  0.322E-05  0.120E-04  0.188E-02  0.152E-03  0.000E+00
  1.563  0.014000  0.400    1.563    1.0869    3.8019    3.8019    2.0328    2.0582    0.0018    0.4613    0.2415  2.014E+11  0.9794   3.709  0.169E-04     40.82     82.53      0.00  0.2001   0.000   0.000  0.0001  0.716E+00  0.269E+00  0.188E-02  0.993E-04  0.106E-02  0.572E-02  0.324E-05  0.120E-04  0.188E-02  0.152E-03  0.000E+00
  1.565  0.014000  0.400    1.565    1.0921    3.8004    3.8004    2.0198    2.0486    0.0042    0.4668    0.2461  2.040E+11  0.9796   3.698  0.168E-04     40.96     84.46      0.00  0.2028   0.000   0.000  0.0001  0.716E+00  0.269E+00  0.188E-02  0.985E-04  0.105E-02  0.572E-02  0.326E-05  0.120E-04  0.188E-02  0.152E-03  0.000E+00
  1.567  0.014000  0.400    1.567    1.0972    3.7983    3.7983    2.0071    2.0406    0.0083    0.4746    0.2526  2.071E+11  0.9797   3.686  0.164E-04     40.93     85.80      0.00  0.2053   0.000   0.000  0.0001  0.716E+00  0.269E+00  0.189E-02  0.978E-04  0.105E-02  0.572E-02  0.328E-05  0.120E-04  0.188E-02  0.152E-03  0.000E+00
  1.569  0.014000  0.400    1.569    1.1019    3.7965    3.7965    1.9951    2.0322    0.0152    0.4816    0.2582  2.100E+11  0.9801   3.674  0.161E-04     40.62     87.44      0.00  0.2067   0.000   0.000  0.0001  0.716E+00  0.269E+00  0.189E-02  0.970E-04  0.105E-02  0.572E-02  0.330E-05  0.120E-04  0.188E-02  0.152E-03  0.000E+00
  1.570  0.014000  0.400    1.570    1.1064    3.7943    3.7943    1.9840    2.0253    0.0232    0.4902    0.2650  2.133E+11  0.9805   3.661  0.157E-04     40.38     89.02      0.00  0.2080   0.000   0.000  0.0001  0.716E+00  0.269E+00  0.189E-02  0.962E-04  0.104E-02  0.572E-02  0.332E-05  0.120E-04  0.188E-02  0.152E-03  0.000E+00
  1.572  0.014000  0.400    1.572    1.1105    3.7925    3.7925    1.9738    2.0182    0.0296    0.4971    0.2705  2.160E+11  0.9817   3.650  0.150E-04     39.39     90.67      0.00  0.2052 -24.117   0.000  0.0001  0.716E+00  0.269E+00  0.190E-02  0.956E-04  0.104E-02  0.572E-02  0.338E-05  0.120E-04  0.188E-02  0.152E-03  0.000E+00
  1.574  0.014000  0.400    1.574    1.1143    3.7901    3.7901    1.9643    2.0128    0.0386    0.5066    0.2779  2.194E+11  0.9831   3.637  0.142E-04     37.98     92.30      0.00  0.2004 -23.917   0.000  0.0001  0.717E+00  0.269E+00  0.190E-02  0.948E-04  0.104E-02  0.572E-02  0.341E-05  0.120E-04  0.188E-02  0.152E-03  0.000E+00
  1.575  0.014000  0.400    1.575    1.1159    3.7888    3.7888    1.9602    2.0108    0.0434    0.5117    0.2819  2.212E+11  0.9838   3.631  0.139E-04     37.33     92.99      0.00  0.1980 -23.817   0.000  0.0001  0.717E+00  0.269E+00  0.190E-02  0.945E-04  0.104E-02  0.572E-02  0.343E-05  0.120E-04  0.188E-02  0.152E-03  0.000E+00
  1.576  0.014000  0.400    1.576    1.1174    3.7875    3.7875    1.9565    2.0091    0.0484    0.5170    0.2861  2.229E+11  0.9842   3.624  0.137E-04     36.86     93.62      0.00  0.1967 -23.717   0.000  0.0001  0.717E+00  0.269E+00  0.190E-02  0.941E-04  0.103E-02  0.572E-02  0.344E-05  0.120E-04  0.188E-02  0.152E-03  0.000E+00
  1.577  0.014000  0.400    1.577    1.1187    3.7861    3.7861    1.9532    2.0080    0.0538    0.5227    0.2906  2.247E+11  0.9844   3.618  0.136E-04     36.70     94.63      0.00  0.1969 -23.617   0.000  0.0001  0.717E+00  0.269E+00  0.190E-02  0.937E-04  0.103E-02  0.572E-02  0.346E-05  0.120E-04  0.188E-02  0.152E-03  0.000E+00
  1.578  0.014000  0.400    1.578    1.1197    3.7845    3.7845    1.9508    2.0079    0.0597    0.5290    0.2957  2.266E+11  0.9851   3.610  0.132E-04     35.91     95.26      0.00  0.1939 -23.518   0.000  0.0001  0.717E+00  0.269E+00  0.191E-02  0.934E-04  0.103E-02  0.572E-02  0.347E-05  0.120E-04  0.188E-02  0.152E-03  0.000E+00
  1.579  0.014000  0.400    1.579    1.1204    3.7828    3.7828    1.9490    2.0084    0.0661    0.5358    0.3011  2.286E+11  0.9861   3.603  0.127E-04     34.78     95.92      0.00  0.1889 -23.418   0.000  0.0001  0.717E+00  0.269E+00  0.191E-02  0.930E-04  0.103E-02  0.572E-02  0.348E-05  0.120E-04  0.188E-02  0.152E-03  0.000E+00
  1.580  0.014000  0.400    1.580    1.1208    3.7811    3.7811    1.9481    2.0098    0.0727    0.5428    0.3066  2.306E+11  0.9873   3.596  0.124E-04     33.44     96.48      0.00  0.1824 -23.319   0.000  0.0001  0.717E+00  0.269E+00  0.191E-02  0.926E-04  0.103E-02  0.572E-02  0.350E-05  0.120E-04  0.188E-02  0.152E-03  0.000E+00
  1.581  0.014000  0.400    1.581    1.1209    3.7792    3.7792    1.9478    2.0120    0.0799    0.5506    0.3128  2.326E+11  0.9877   3.589  0.119E-04     32.88     97.30      0.00  0.1806 -23.220   0.000  0.0001  0.717E+00  0.269E+00  0.191E-02  0.922E-04  0.103E-02  0.572E-02  0.351E-05  0.120E-04  0.188E-02  0.152E-03  0.000E+00
  1.582  0.014000  0.400    1.581    1.1206    3.7774    3.7774    1.9484    2.0151    0.0880    0.5582    0.3188  2.345E+11  0.9884   3.582  0.115E-04     32.07     98.13      0.00  0.1771 -23.121   0.000  0.0001  0.717E+00  0.269E+00  0.191E-02  0.918E-04  0.102E-02  0.572E-02  0.352E-05  0.120E-04  0.188E-02  0.152E-03  0.000E+00
  1.582  0.014000  0.400    1.582    1.1197    3.7753    3.7753    1.9507    2.0211    0.0998    0.5674    0.3262  2.366E+11  0.9891   3.574  0.112E-04     31.14     98.56      0.00  0.1731 -23.023   0.000  0.0001  0.717E+00  0.269E+00  0.191E-02  0.915E-04  0.102E-02  0.572E-02  0.354E-05  0.120E-04  0.188E-02  0.152E-03  0.000E+00
  1.583  0.014000  0.400    1.583    1.1182    3.7731    3.7731    1.9544    2.0282    0.1116    0.5770    0.3338  2.387E+11  0.9896   3.567  0.109E-04     30.35     99.43      0.00  0.1697 -22.923   0.000  0.0001  0.717E+00  0.269E+00  0.192E-02  0.911E-04  0.102E-02  0.572E-02  0.355E-05  0.120E-04  0.188E-02  0.152E-03  0.000E+00
  1.584  0.014000  0.400    1.584    1.1172    3.7719    3.7719    1.9570    2.0325    0.1174    0.5820    0.3378  2.397E+11  0.9898   3.563  0.107E-04     30.15     99.68      0.00  0.1691 -22.874   0.000  0.0001  0.717E+00  0.269E+00  0.192E-02  0.909E-04  0.102E-02  0.572E-02  0.356E-05  0.120E-04  0.188E-02  0.152E-03  0.000E+00
  1.584  0.014000  0.400    1.584    1.1160    3.7706    3.7706    1.9600    2.0373    0.1238    0.5876    0.3423  2.408E+11  0.9900   3.559  0.106E-04     29.81     99.93      0.00  0.1677 -22.825   0.000  0.0001  0.717E+00  0.269E+00  0.192E-02  0.907E-04  0.102E-02  0.572E-02  0.357E-05  0.120E-04  0.188E-02  0.152E-03  0.000E+00
  1.585  0.014000  0.400    1.585    1.1146    3.7691    3.7691    1.9635    2.0426    0.1308    0.5939    0.3473  2.420E+11  0.9903   3.555  0.104E-04     29.35    100.19      0.00  0.1657 -22.776   0.000  0.0001  0.717E+00  0.269E+00  0.192E-02  0.906E-04  0.102E-02  0.572E-02  0.357E-05  0.120E-04  0.188E-02  0.152E-03  0.000E+00
  1.585  0.014000  0.400    1.585    1.1129    3.7676    3.7676    1.9677    2.0491    0.1404    0.6007    0.3528  2.433E+11  0.9905   3.551  0.103E-04     29.13    100.72      0.00  0.1650 -22.727   0.000  0.0001  0.717E+00  0.269E+00  0.192E-02  0.904E-04  0.102E-02  0.572E-02  0.358E-05  0.120E-04  0.188E-02  0.152E-03  0.000E+00
  1.586  0.014000  0.400    1.586    1.1109    3.7661    3.7661    1.9728    2.0565    0.1507    0.6079    0.3586  2.445E+11  0.9907   3.547  0.101E-04     28.72    101.00      0.00  0.1632 -22.678   0.000  0.0001  0.717E+00  0.269E+00  0.192E-02  0.902E-04  0.102E-02  0.572E-02  0.359E-05  0.120E-04  0.188E-02  0.152E-03  0.000E+00
  1.586  0.014000  0.400    1.586    1.1085    3.7645    3.7645    1.9786    2.0646    0.1613    0.6154    0.3646  2.457E+11  0.9911   3.543  0.987E-05     28.16    101.07      0.00  0.1605 -22.629   0.000  0.0001  0.717E+00  0.269E+00  0.192E-02  0.900E-04  0.102E-02  0.572E-02  0.361E-05  0.120E-04  0.188E-02  0.152E-03  0.000E+00
  1.587  0.014000  0.400    1.587    1.1058    3.7628    3.7628    1.9855    2.0737    0.1722    0.6231    0.3709  2.468E+11  0.9915   3.539  0.965E-05     27.56    101.43      0.00  0.1575 -22.582   0.000  0.0001  0.717E+00  0.269E+00  0.192E-02  0.899E-04  0.102E-02  0.572E-02  0.362E-05  0.120E-04  0.188E-02  0.152E-03  0.000E+00
  1.587  0.014000  0.400    1.587    1.1025    3.7610    3.7610    1.9937    2.0842    0.1837    0.6314    0.3775  2.479E+11  0.9918   3.535  0.957E-05     27.11    101.76      0.00  0.1553 -22.534   0.000  0.0001  0.717E+00  0.269E+00  0.192E-02  0.898E-04  0.102E-02  0.572E-02  0.367E-05  0.120E-04  0.188E-02  0.152E-03  0.000E+00
  1.588  0.014000  0.400    1.587    1.0990    3.7592    3.7592    2.0025    2.0953    0.1953    0.6398    0.3844  2.489E+11  0.9920   3.532  0.952E-05     26.79    102.04      0.00  0.1539 -22.485   0.000  0.0001  0.717E+00  0.269E+00  0.192E-02  0.898E-04  0.102E-02  0.572E-02  0.373E-05  0.120E-04  0.188E-02  0.152E-03  0.000E+00
  1.588  0.014000  0.400    1.588    1.0949    3.7575    3.7575    2.0127    2.1076    0.2067    0.6481    0.3911  2.498E+11  0.9920   3.529  0.931E-05     26.69    102.56      0.00  0.1541 -22.438   0.000  0.0001  0.717E+00  0.269E+00  0.192E-02  0.897E-04  0.102E-02  0.572E-02  0.374E-05  0.120E-04  0.188E-02  0.152E-03  0.000E+00
  1.589  0.014000  0.400    1.588    1.0904    3.7558    3.7558    2.0241    2.1210    0.2177    0.6561    0.3977  2.505E+11  0.9922   3.527  0.913E-05     26.35    103.09      0.00  0.1524 -22.390   0.000  0.0001  0.717E+00  0.269E+00  0.192E-02  0.895E-04  0.102E-02  0.572E-02  0.375E-05  0.120E-04  0.188E-02  0.152E-03  0.000E+00
  1.589  0.014000  0.400    1.589    1.0852    3.7539    3.7539    2.0370    2.1360    0.2296    0.6649    0.4049  2.511E+11  0.9925   3.524  0.893E-05     25.84    103.54      0.00  0.1497 -22.343   0.000  0.0001  0.717E+00  0.269E+00  0.192E-02  0.894E-04  0.102E-02  0.572E-02  0.377E-05  0.120E-04  0.188E-02  0.152E-03  0.000E+00
  1.589  0.014000  0.400    1.589    1.0821    3.7528    3.7528    2.0447    2.1449    0.2370    0.6704    0.4094  2.516E+11  0.9927   3.523  0.879E-05     25.49    103.68      0.00  0.1478 -22.320   0.000  0.0001  0.717E+00  0.269E+00  0.192E-02  0.894E-04  0.102E-02  0.572E-02  0.380E-05  0.120E-04  0.188E-02  0.152E-03  0.000E+00
  1.589  0.014000  0.400    1.589    1.0790    3.7516    3.7516    2.0524    2.1538    0.2444    0.6759    0.4138  2.520E+11  0.9930   3.521  0.866E-05     25.14    103.82      0.00  0.1460 -22.297   0.000  0.0001  0.717E+00  0.269E+00  0.192E-02  0.894E-04  0.102E-02  0.572E-02  0.383E-05  0.120E-04  0.188E-02  0.152E-03  0.000E+00
  1.590  0.014000  0.400    1.590    1.0725    3.7496    3.7496    2.0687    2.1722    0.2577    0.6858    0.4220  2.526E+11  0.9933   3.520  0.844E-05     24.52    104.21      0.00  0.1427 -22.251   0.000  0.0001  0.717E+00  0.269E+00  0.192E-02  0.893E-04  0.102E-02  0.572E-02  0.388E-05  0.120E-04  0.188E-02  0.152E-03  0.000E+00
  1.590  0.014000  0.400    1.590    1.0656    3.7477    3.7477    2.0860    2.1916    0.2695    0.6947    0.4293  2.527E+11  0.9936   3.519  0.826E-05     24.00    104.71      0.00  0.1399 -22.205   0.000  0.0001  0.717E+00  0.269E+00  0.192E-02  0.893E-04  0.102E-02  0.572E-02  0.392E-05  0.120E-04  0.188E-02  0.152E-03  0.000E+00
  1.591  0.014000  0.400    1.590    1.0614    3.7465    3.7465    2.0964    2.2035    0.2783    0.7005    0.4341  2.530E+11  0.9938   3.518  0.817E-05     23.73    104.80      0.00  0.1384 -22.182   0.000  0.0001  0.717E+00  0.269E+00  0.191E-02  0.893E-04  0.102E-02  0.572E-02  0.397E-05  0.120E-04  0.188E-02  0.152E-03  0.000E+00
  1.591  0.014000  0.400    1.591    1.0573    3.7452    3.7452    2.1067    2.2159    0.2886    0.7063    0.4389  2.532E+11  0.9939   3.518  0.808E-05     23.46    104.90      0.00  0.1369 -22.160   0.000  0.0001  0.717E+00  0.269E+00  0.191E-02  0.894E-04  0.103E-02  0.572E-02  0.402E-05  0.120E-04  0.188E-02  0.152E-03  0.000E+00
  1.591  0.014000  0.400    1.591    1.0528    3.7439    3.7439    2.1179    2.2292    0.2993    0.7123    0.4439  2.534E+11  0.9941   3.517  0.796E-05     23.12    105.09      0.00  0.1349 -22.138   0.000  0.0001  0.717E+00  0.269E+00  0.191E-02  0.895E-04  0.103E-02  0.572E-02  0.408E-05  0.120E-04  0.188E-02  0.152E-03  0.000E+00
  1.591  0.014000  0.400    1.591    1.0476    3.7425    3.7425    2.1309    2.2445    0.3109    0.7188    0.4493  2.536E+11  0.9944   3.517  0.780E-05     22.63    105.48      0.00  0.1320 -22.116   0.000  0.0001  0.716E+00  0.269E+00  0.191E-02  0.896E-04  0.103E-02  0.572E-02  0.417E-05  0.120E-04  0.188E-02  0.152E-03  0.000E+00
  1.592  0.014000  0.400    1.591    1.0425    3.7411    3.7411    2.1438    2.2597    0.3227    0.7253    0.4547  2.537E+11  0.9947   3.516  0.765E-05     22.15    105.87      0.00  0.1290 -22.095   0.000  0.0001  0.716E+00  0.269E+00  0.191E-02  0.897E-04  0.103E-02  0.572E-02  0.425E-05  0.120E-04  0.188E-02  0.152E-03  0.000E+00
  1.592  0.014000  0.400    1.592    1.0373    3.7397    3.7397    2.1568    2.2758    0.3337    0.7316    0.4599  2.539E+11  0.9949   3.516  0.749E-05     21.66    106.26      0.00  0.1260 -22.074   0.000  0.0001  0.716E+00  0.269E+00  0.190E-02  0.899E-04  0.104E-02  0.572E-02  0.433E-05  0.120E-04  0.188E-02  0.152E-03  0.000E+00
  1.592  0.014000  0.400    1.592    1.0320    3.7384    3.7384    2.1699    2.2924    0.3436    0.7374    0.4647  2.539E+11  0.9951   3.516  0.737E-05     21.28    106.56      0.00  0.1237 -22.052   0.000  0.0001  0.716E+00  0.269E+00  0.190E-02  0.900E-04  0.104E-02  0.572E-02  0.440E-05  0.120E-04  0.188E-02  0.152E-03  0.000E+00
  1.592  0.014000  0.400    1.592    1.0268    3.7371    3.7371    2.1831    2.3090    0.3534    0.7432    0.4694  2.539E+11  0.9953   3.516  0.726E-05     20.95    106.82      0.00  0.1217 -22.031   0.000  0.0001  0.716E+00  0.269E+00  0.190E-02  0.901E-04  0.104E-02  0.572E-02  0.447E-05  0.120E-04  0.188E-02  0.152E-03  0.000E+00
  1.592  0.014000  0.400    1.592    1.0215    3.7358    3.7358    2.1963    2.3257    0.3631    0.7489    0.4741  2.539E+11  0.9955   3.516  0.715E-05     20.61    107.09      0.00  0.1197 -22.010   0.000  0.0001  0.716E+00  0.269E+00  0.190E-02  0.902E-04  0.104E-02  0.572E-02  0.453E-05  0.119E-04  0.188E-02  0.152E-03  0.000E+00
  1.593  0.014000  0.400    1.593    1.0154    3.7343    3.7343    2.2116    2.3448    0.3741    0.7554    0.4793  2.539E+11  0.9957   3.516  0.699E-05     20.09    107.35      0.00  0.1165 -21.990   0.000  0.0001  0.716E+00  0.269E+00  0.189E-02  0.903E-04  0.105E-02  0.572E-02  0.464E-05  0.119E-04  0.188E-02  0.152E-03  0.000E+00
  1.593  0.014000  0.400    1.593    1.0092    3.7328    3.7328    2.2269    2.3640    0.3850    0.7618    0.4846  2.538E+11  0.9960   3.516  0.682E-05     19.56    107.63      0.00  0.1132 -21.970   0.000  0.0001  0.716E+00  0.269E+00  0.189E-02  0.905E-04  0.105E-02  0.571E-02  0.477E-05  0.119E-04  0.188E-02  0.152E-03  0.000E+00
  1.593  0.014000  0.400    1.593    1.0032    3.7315    3.7315    2.2419    2.3823    0.3946    0.7674    0.4892  2.536E+11  0.9962   3.517  0.667E-05     19.07    108.03      0.00  0.1101 -21.950   0.000  0.0001  0.716E+00  0.269E+00  0.188E-02  0.908E-04  0.106E-02  0.571E-02  0.493E-05  0.119E-04  0.188E-02  0.152E-03  0.000E+00
  1.593  0.014000  0.400    1.593    0.9972    3.7302    3.7302    2.2569    2.4008    0.4043    0.7731    0.4938  2.534E+11  0.9964   3.518  0.651E-05     18.58    108.43      0.00  0.1069 -21.930   0.000  0.0001  0.716E+00  0.269E+00  0.188E-02  0.911E-04  0.106E-02  0.571E-02  0.509E-05  0.119E-04  0.188E-02  0.152E-03  0.000E+00
  1.594  0.014000  0.400    1.593    0.9912    3.7289    3.7289    2.2719    2.4192    0.4140    0.7788    0.4985  2.532E+11  0.9966   3.518  0.636E-05     18.08    108.83      0.00  0.1037 -21.911   0.000  0.0001  0.716E+00  0.269E+00  0.187E-02  0.914E-04  0.107E-02  0.571E-02  0.525E-05  0.119E-04  0.188E-02  0.152E-03  0.000E+00
  1.594  0.014000  0.400    1.594    0.9857    3.7275    3.7275    2.2857    2.4367    0.4245    0.7850    0.5035  2.533E+11  0.9968   3.518  0.624E-05     17.75    109.14      0.00  0.1017 -21.890   0.000  0.0001  0.716E+00  0.269E+00  0.187E-02  0.916E-04  0.108E-02  0.571E-02  0.537E-05  0.118E-04  0.188E-02  0.152E-03  0.000E+00
  1.594  0.014000  0.400    1.594    0.9805    3.7260    3.7260    2.2989    2.4537    0.4353    0.7914    0.5087  2.535E+11  0.9969   3.518  0.615E-05     17.49    109.40      0.00  0.1001 -21.868   0.000  0.0001  0.716E+00  0.270E+00  0.187E-02  0.917E-04  0.108E-02  0.571E-02  0.547E-05  0.118E-04  0.188E-02  0.152E-03  0.000E+00
  1.594  0.014000  0.400    1.594    0.9751    3.7245    3.7245    2.3122    2.4709    0.4463    0.7978    0.5140  2.537E+11  0.9970   3.517  0.606E-05     17.20    109.67      0.00  0.0984 -21.846   0.000  0.0001  0.716E+00  0.270E+00  0.186E-02  0.919E-04  0.108E-02  0.571E-02  0.559E-05  0.118E-04  0.188E-02  0.152E-03  0.000E+00
  1.595  0.014000  0.400    1.594    0.9694    3.7229    3.7229    2.3265    2.4902    0.4587    0.8049    0.5197  2.539E+11  0.9972   3.516  0.590E-05     16.73    109.93      0.00  0.0955 -21.826   0.000  0.0001  0.716E+00  0.270E+00  0.185E-02  0.923E-04  0.109E-02  0.571E-02  0.586E-05  0.118E-04  0.188E-02  0.152E-03  0.000E+00
  1.595  0.014000  0.400    1.595    0.9637    3.7213    3.7213    2.3408    2.5098    0.4712    0.8121    0.5255  2.541E+11  0.9974   3.516  0.575E-05     16.25    110.19      0.00  0.0927 -21.806   0.000  0.0001  0.716E+00  0.270E+00  0.185E-02  0.927E-04  0.110E-02  0.571E-02  0.612E-05  0.118E-04  0.188E-02  0.152E-03  0.000E+00
  1.595  0.014000  0.400    1.595    0.9580    3.7197    3.7197    2.3549    2.5293    0.4835    0.8192    0.5313  2.543E+11  0.9976   3.515  0.559E-05     15.78    110.46      0.00  0.0898 -21.786   0.000  0.0001  0.715E+00  0.270E+00  0.184E-02  0.931E-04  0.111E-02  0.571E-02  0.640E-05  0.117E-04  0.188E-02  0.152E-03  0.000E+00
  1.595  0.014000  0.400    1.595    0.9537    3.7186    3.7186    2.3657    2.5438    0.4923    0.8242    0.5353  2.544E+11  0.9977   3.515  0.544E-05     15.35    110.89      0.00  0.0870 -21.766   0.000  0.0001  0.715E+00  0.270E+00  0.183E-02  0.936E-04  0.112E-02  0.571E-02  0.682E-05  0.117E-04  0.188E-02  0.152E-03  0.000E+00
  1.596  0.014000  0.400    1.596    0.9452    3.7163    3.7163    2.3869    2.5725    0.5098    0.8341    0.5434  2.546E+11  0.9980   3.514  0.516E-05     14.52    111.73      0.00  0.0816 -21.724   0.000  0.0001  0.715E+00  0.270E+00  0.181E-02  0.947E-04  0.115E-02  0.571E-02  0.766E-05  0.116E-04  0.188E-02  0.152E-03  0.000E+00
  1.596  0.014000  0.400    1.596    0.9402    3.7142    3.7142    2.3996    2.5922    0.5261    0.8435    0.5510  2.556E+11  0.9981   3.511  0.500E-05     14.09    112.26      0.00  0.0793 -21.678   0.000  0.0001  0.715E+00  0.271E+00  0.179E-02  0.953E-04  0.117E-02  0.571E-02  0.817E-05  0.115E-04  0.188E-02  0.152E-03  0.000E+00
  1.596  0.014000  0.400    1.596    0.9377    3.7131    3.7131    2.4058    2.6020    0.5346    0.8483    0.5549  2.561E+11  0.9982   3.509  0.491E-05     13.85    112.47      0.00  0.0780 -21.655   0.000  0.0001  0.714E+00  0.271E+00  0.178E-02  0.957E-04  0.118E-02  0.571E-02  0.850E-05  0.115E-04  0.188E-02  0.152E-03  0.000E+00
  1.597  0.014000  0.400    1.596    0.9357    3.7119    3.7119    2.4108    2.6112    0.5443    0.8539    0.5594  2.570E+11  0.9983   3.506  0.477E-05     13.45    112.39      0.00  0.0758 -21.632   0.000  0.0001  0.714E+00  0.271E+00  0.177E-02  0.963E-04  0.120E-02  0.570E-02  0.918E-05  0.114E-04  0.188E-02  0.152E-03  0.000E+00
  1.597  0.014000  0.400    1.597    0.9337    3.7106    3.7106    2.4158    2.6204    0.5540    0.8594    0.5639  2.579E+11  0.9984   3.503  0.462E-05     13.05    112.30      0.00  0.0735 -21.609   0.000  0.0001  0.714E+00  0.271E+00  0.175E-02  0.969E-04  0.122E-02  0.570E-02  0.986E-05  0.114E-04  0.188E-02  0.152E-03  0.000E+00
  1.597  0.014000  0.400    1.597    0.9321    3.7094    3.7094    2.4198    2.6285    0.5636    0.8649    0.5683  2.589E+11  0.9985   3.500  0.449E-05     12.70    112.31      0.00  0.0716 -21.586   0.000  0.0001  0.714E+00  0.272E+00  0.173E-02  0.974E-04  0.124E-02  0.570E-02  0.105E-04  0.113E-04  0.188E-02  0.152E-03  0.000E+00
  1.597  0.014000  0.400    1.597    0.9315    3.7082    3.7082    2.4212    2.6338    0.5728    0.8701    0.5725  2.601E+11  0.9985   3.496  0.439E-05     12.49    112.57      0.00  0.0704 -21.561   0.000  0.0001  0.713E+00  0.272E+00  0.172E-02  0.977E-04  0.125E-02  0.570E-02  0.109E-04  0.113E-04  0.188E-02  0.152E-03  0.000E+00
  1.598  0.014000  0.400    1.598    0.9336    3.7061    3.7061    2.4159    2.6356    0.5894    0.8796    0.5802  2.634E+11  0.9986   3.485  0.418E-05     12.01    112.46      0.00  0.0680 -21.508   0.000  0.0001  0.713E+00  0.273E+00  0.170E-02  0.984E-04  0.128E-02  0.569E-02  0.121E-04  0.111E-04  0.188E-02  0.152E-03  0.000E+00
  1.598  0.014000  0.400    1.598    0.9383    3.7041    3.7041    2.4042    2.6336    0.6064    0.8894    0.5880  2.672E+11  0.9987   3.473  0.395E-05     11.50    111.83      0.00  0.0655 -21.453   0.000  0.0001  0.712E+00  0.274E+00  0.166E-02  0.990E-04  0.133E-02  0.569E-02  0.138E-04  0.110E-04  0.188E-02  0.152E-03  0.000E+00
  1.599  0.014000  0.400    1.599    0.9430    3.7022    3.7022    2.3925    2.6317    0.6236    0.8992    0.5959  2.711E+11  0.9988   3.461  0.371E-05     10.99    111.19      0.00  0.0629 -21.397   0.000  0.0001  0.711E+00  0.274E+00  0.163E-02  0.996E-04  0.137E-02  0.568E-02  0.154E-04  0.109E-04  0.188E-02  0.152E-03  0.000E+00
  1.599  0.014000  0.400    1.599    0.9477    3.7002    3.7002    2.3808    2.6298    0.6409    0.9091    0.6039  2.751E+11  0.9989   3.448  0.348E-05     10.47    110.54      0.00  0.0603 -21.341   0.000  0.0001  0.710E+00  0.275E+00  0.160E-02  0.100E-03  0.141E-02  0.567E-02  0.170E-04  0.107E-04  0.188E-02  0.152E-03  0.000E+00
  1.600  0.014000  0.400    1.599    0.9534    3.6983    3.6983    2.3665    2.6250    0.6573    0.9185    0.6114  2.793E+11  0.9990   3.435  0.325E-05      9.98    109.83      0.00  0.0578 -20.878   0.000  0.0001  0.709E+00  0.276E+00  0.156E-02  0.101E-03  0.145E-02  0.567E-02  0.186E-04  0.106E-04  0.188E-02  0.152E-03  0.000E+00
  1.600  0.014000  0.400    1.600    0.9649    3.6970    3.6970    2.3377    2.6022    0.6716    0.9250    0.6167  2.847E+11  0.9991   3.418  0.308E-05      9.62    108.83      0.00  0.0563 -17.952   0.000  0.0001  0.708E+00  0.277E+00  0.154E-02  0.101E-03  0.149E-02  0.566E-02  0.202E-04  0.104E-04  0.188E-02  0.152E-03  0.000E+00
  1.601  0.014000  0.400    1.600    0.9765    3.6957    3.6957    2.3087    2.5792    0.6867    0.9315    0.6219  2.903E+11  0.9991   3.402  0.290E-05      9.26    107.82      0.00  0.0547 -15.055   0.000  0.0001  0.707E+00  0.278E+00  0.151E-02  0.101E-03  0.154E-02  0.565E-02  0.217E-04  0.103E-04  0.188E-02  0.152E-03  0.000E+00
  1.601  0.014000  0.400    1.601    0.9882    3.6944    3.6944    2.2796    2.5561    0.7020    0.9380    0.6271  2.960E+11  0.9992   3.385  0.272E-05      8.89    106.80      0.00  0.0532 -12.187   0.000  0.0001  0.706E+00  0.280E+00  0.148E-02  0.101E-03  0.158E-02  0.564E-02  0.233E-04  0.102E-04  0.188E-02  0.152E-03  0.000E+00
  1.602  0.014000  0.400    1.602    1.0147    3.6925    3.6925    2.2133    2.4983    0.7236    0.9473    0.6346  3.078E+11  0.9993   3.351  0.246E-05      8.38    105.08      0.00  0.0513 -11.243   0.000  0.0001  0.703E+00  0.282E+00  0.143E-02  0.101E-03  0.165E-02  0.561E-02  0.258E-04  0.992E-05  0.188E-02  0.152E-03  0.000E+00
  1.603  0.014000  0.400    1.603    1.0420    3.6908    3.6908    2.1450    2.4378    0.7437    0.9559    0.6415  3.201E+11  0.9993   3.317  0.221E-05      7.91    103.38      0.00  0.0496 -11.199   0.000  0.0001  0.701E+00  0.284E+00  0.138E-02  0.100E-03  0.172E-02  0.559E-02  0.282E-04  0.969E-05  0.188E-02  0.152E-03  0.000E+00
  1.604  0.014000  0.400    1.604    1.0693    3.6894    3.6894    2.0767    2.3762    0.7605    0.9631    0.6473  3.326E+11  0.9994   3.284  0.203E-05      7.54    101.69      0.00  0.0483 -11.156   0.000  0.0001  0.699E+00  0.286E+00  0.135E-02  0.991E-04  0.178E-02  0.557E-02  0.300E-04  0.950E-05  0.188E-02  0.152E-03  0.000E+00
  1.605  0.014000  0.400    1.604    1.0968    3.6880    3.6880    2.0081    2.3139    0.7765    0.9699    0.6528  3.454E+11  0.9994   3.252  0.186E-05      7.18     99.95      0.00  0.0471 -11.113   0.000  0.0002  0.697E+00  0.289E+00  0.131E-02  0.979E-04  0.184E-02  0.555E-02  0.317E-04  0.931E-05  0.188E-02  0.152E-03  0.000E+00
  1.606  0.014000  0.400    1.605    1.1234    3.6863    3.6863    1.9416    2.2553    0.7967    0.9786    0.6598  3.590E+11  0.9994   3.218  0.172E-05      6.88     98.38      0.00  0.0461 -11.071   0.000  0.0002  0.695E+00  0.290E+00  0.129E-02  0.966E-04  0.188E-02  0.554E-02  0.331E-04  0.916E-05  0.188E-02  0.152E-03  0.000E+00
  1.607  0.014000  0.400    1.606    1.1501    3.6845    3.6845    1.8747    2.1965    0.8172    0.9874    0.6668  3.733E+11  0.9994   3.185  0.158E-05      6.57     96.77      0.00  0.0452 -11.028   0.000  0.0002  0.693E+00  0.292E+00  0.126E-02  0.953E-04  0.193E-02  0.552E-02  0.344E-04  0.901E-05  0.188E-02  0.152E-03  0.000E+00
  1.608  0.014000  0.400    1.607    1.1778    3.6831    3.6831    1.8056    2.1339    0.8338    0.9945    0.6726  3.879E+11  0.9995   3.152  0.146E-05      6.31     95.46      0.00  0.0444 -10.987   0.000  0.0002  0.691E+00  0.294E+00  0.124E-02  0.942E-04  0.196E-02  0.551E-02  0.356E-04  0.889E-05  0.188E-02  0.152E-03  0.000E+00
  1.609  0.014000  0.400    1.608    1.2059    3.6818    3.6818    1.7353    2.0695    0.8489    1.0009    0.6778  4.030E+11  0.9995   3.119  0.135E-05      6.07     94.24      0.00  0.0437 -10.946   0.000  0.0002  0.690E+00  0.295E+00  0.122E-02  0.931E-04  0.200E-02  0.550E-02  0.367E-04  0.879E-05  0.188E-02  0.152E-03  0.000E+00
  1.609  0.014000  0.400    1.609    1.2401    3.6799    3.6799    1.6497    1.9926    0.8710    1.0104    0.6854  4.229E+11  0.9995   3.077  0.123E-05      5.78     91.92      0.00  0.0428 -10.888   0.000  0.0003  0.689E+00  0.297E+00  0.120E-02  0.919E-04  0.203E-02  0.549E-02  0.379E-04  0.868E-05  0.188E-02  0.152E-03  0.000E+00
  1.610  0.014000  0.400    1.609    1.2582    3.6789    3.6789    1.6046    1.9523    0.8832    1.0157    0.6896  4.339E+11  0.9995   3.055  0.116E-05      5.63     90.59      0.00  0.0423 -10.856   0.000  0.0003  0.688E+00  0.297E+00  0.120E-02  0.913E-04  0.204E-02  0.548E-02  0.385E-04  0.862E-05  0.188E-02  0.152E-03  0.000E+00
  1.610  0.014000  0.400    1.610    1.2763    3.6778    3.6778    1.5592    1.9117    0.8955    1.0209    0.6938  4.452E+11  0.9995   3.033  0.110E-05      5.48     89.24      0.00  0.0418 -10.824   0.000  0.0003  0.687E+00  0.298E+00  0.119E-02  0.907E-04  0.206E-02  0.548E-02  0.391E-04  0.857E-05  0.188E-02  0.152E-03  0.000E+00
  1.611  0.014000  0.400    1.610    1.2942    3.6767    3.6767    1.5144    1.8720    0.9084    1.0265    0.6983  4.568E+11  0.9996   3.010  0.104E-05      5.33     88.11      0.00  0.0413 -10.795   0.000  0.0003  0.687E+00  0.299E+00  0.118E-02  0.902E-04  0.207E-02  0.547E-02  0.397E-04  0.853E-05  0.188E-02  0.152E-03  0.000E+00
  1.611  0.014000  0.400    1.611    1.3122    3.6756    3.6756    1.4695    1.8323    0.9215    1.0321    0.7028  4.687E+11  0.9996   2.988  0.994E-06      5.19     86.99      0.00  0.0408 -10.766   0.000  0.0003  0.686E+00  0.299E+00  0.117E-02  0.897E-04  0.208E-02  0.547E-02  0.402E-04  0.849E-05  0.188E-02  0.152E-03  0.000E+00
  1.612  0.014000  0.400    1.611    1.3302    3.6745    3.6745    1.4245    1.7924    0.9346    1.0377    0.7073  4.811E+11  0.9996   2.966  0.943E-06      5.05     85.86      0.00  0.0403 -10.736   0.000  0.0003  0.686E+00  0.300E+00  0.117E-02  0.892E-04  0.209E-02  0.546E-02  0.407E-04  0.845E-05  0.188E-02  0.152E-03  0.000E+00
  1.613  0.014000  0.400    1.612    1.3652    3.6725    3.6725    1.3369    1.7145    0.9540    1.0476    0.7153  5.055E+11  0.9996   2.923  0.857E-06      4.81     83.90      0.00  0.0395 -10.680   0.000  0.0004  0.685E+00  0.301E+00  0.116E-02  0.882E-04  0.211E-02  0.546E-02  0.418E-04  0.837E-05  0.188E-02  0.152E-03  0.000E+00
  1.614  0.014000  0.400    1.613    1.3994    3.6707    3.6707    1.2515    1.6378    0.9699    1.0563    0.7223  5.300E+11  0.9996   2.882  0.783E-06      4.62     82.20      0.00  0.0390 -10.627   0.000  0.0004  0.684E+00  0.301E+00  0.115E-02  0.872E-04  0.213E-02  0.545E-02  0.427E-04  0.830E-05  0.188E-02  0.152E-03  0.000E+00
  1.614  0.014000  0.400    1.613    1.4168    3.6698    3.6698    1.2080    1.5988    0.9781    1.0608    0.7259  5.429E+11  0.9996   2.861  0.747E-06      4.52     81.32      0.00  0.0387 -10.599   0.000  0.0004  0.684E+00  0.302E+00  0.114E-02  0.868E-04  0.214E-02  0.545E-02  0.432E-04  0.827E-05  0.188E-02  0.152E-03  0.000E+00
  1.615  0.014000  0.400    1.614    1.4363    3.6687    3.6687    1.1593    1.5557    0.9883    1.0663    0.7304  5.581E+11  0.9996   2.837  0.714E-06      4.40     80.17      0.00  0.0382 -10.568   0.000  0.0005  0.683E+00  0.302E+00  0.114E-02  0.864E-04  0.214E-02  0.545E-02  0.435E-04  0.825E-05  0.188E-02  0.152E-03  0.000E+00
  1.615  0.014000  0.400    1.614    1.4558    3.6676    3.6676    1.1105    1.5124    0.9985    1.0719    0.7349  5.737E+11  0.9996   2.814  0.681E-06      4.28     79.00      0.00  0.0377 -10.536   0.000  0.0005  0.683E+00  0.302E+00  0.113E-02  0.861E-04  0.215E-02  0.544E-02  0.439E-04  0.823E-05  0.188E-02  0.152E-03  0.000E+00
  1.616  0.014000  0.400    1.614    1.4754    3.6665    3.6665    1.0615    1.4690    1.0088    1.0775    0.7394  5.898E+11  0.9996   2.790  0.648E-06      4.16     77.83      0.00  0.0373 -10.504   0.000  0.0005  0.683E+00  0.302E+00  0.113E-02  0.857E-04  0.215E-02  0.544E-02  0.442E-04  0.821E-05  0.188E-02  0.152E-03  0.000E+00
  1.616  0.014000  0.400    1.615    1.4943    3.6654    3.6654    1.0143    1.4275    1.0192    1.0832    0.7440  6.060E+11  0.9997   2.766  0.617E-06      4.05     76.80      0.00  0.0368 -10.473   0.000  0.0006  0.683E+00  0.303E+00  0.113E-02  0.854E-04  0.216E-02  0.544E-02  0.446E-04  0.819E-05  0.188E-02  0.152E-03  0.000E+00
  1.616  0.014000  0.400    1.615    1.5124    3.6642    3.6642    0.9689    1.3879    1.0298    1.0890    0.7487  6.221E+11  0.9997   2.744  0.590E-06      3.96     75.90      0.00  0.0365 -10.444   0.000  0.0006  0.682E+00  0.303E+00  0.113E-02  0.850E-04  0.216E-02  0.544E-02  0.449E-04  0.817E-05  0.188E-02  0.152E-03  0.000E+00
  1.617  0.014000  0.400    1.615    1.5306    3.6630    3.6630    0.9234    1.3482    1.0404    1.0948    0.7534  6.386E+11  0.9997   2.721  0.563E-06      3.87     75.00      0.00  0.0362 -10.415   0.000  0.0006  0.682E+00  0.303E+00  0.112E-02  0.847E-04  0.217E-02  0.544E-02  0.453E-04  0.815E-05  0.188E-02  0.152E-03  0.000E+00
  1.618  0.014000  0.400    1.616    1.5623    3.6611    3.6611    0.8442    1.2788    1.0584    1.1046    0.7614  6.684E+11  0.9997   2.681  0.518E-06      3.72     73.59      0.00  0.0357 -10.363   0.000  0.0007  0.682E+00  0.304E+00  0.112E-02  0.840E-04  0.218E-02  0.543E-02  0.460E-04  0.811E-05  0.188E-02  0.152E-03  0.000E+00
  1.620  0.014000  0.400    1.617    1.5850    3.6602    3.6602    0.7876    1.2266    1.0664    1.1090    0.7649  6.888E+11  0.9997   2.656  0.500E-06      3.70     74.29      0.00  0.0363 -10.327   0.000  0.0007  0.681E+00  0.304E+00  0.111E-02  0.829E-04  0.219E-02  0.543E-02  0.472E-04  0.805E-05  0.188E-02  0.152E-03  0.000E+00
  1.622  0.014000  0.400    1.619    1.5720    3.6619    3.6619    0.8199    1.2505    1.0511    1.1006    0.7582  6.734E+11  0.9996   2.676  0.531E-06      3.95     78.42      0.00  0.0385 -10.350   0.000  0.0006  0.680E+00  0.305E+00  0.110E-02  0.817E-04  0.221E-02  0.542E-02  0.486E-04  0.798E-05  0.188E-02  0.152E-03  0.000E+00
  1.623  0.014000  0.400    1.620    1.6022    3.6601    3.6601    0.7446    1.1841    1.0675    1.1096    0.7654  7.030E+11  0.9997   2.639  0.494E-06      3.82     77.04      0.00  0.0380 -10.301   0.000  0.0007  0.680E+00  0.306E+00  0.110E-02  0.812E-04  0.221E-02  0.542E-02  0.493E-04  0.795E-05  0.188E-02  0.152E-03  0.000E+00
  1.623  0.014000  0.400    1.620    1.6173    3.6592    3.6592    0.7067    1.1508    1.0758    1.1141    0.7691  7.183E+11  0.9997   2.620  0.475E-06      3.75     76.34      0.00  0.0378 -10.277   0.000  0.0007  0.679E+00  0.306E+00  0.110E-02  0.810E-04  0.222E-02  0.541E-02  0.496E-04  0.794E-05  0.188E-02  0.152E-03  0.000E+00
  1.623  0.014000  0.400    1.620    1.6393    3.6579    3.6579    0.6518    1.1021    1.0874    1.1204    0.7742  7.410E+11  0.9997   2.593  0.451E-06      3.65     75.25      0.00  0.0374 -10.241   0.000  0.0008  0.679E+00  0.306E+00  0.110E-02  0.807E-04  0.222E-02  0.541E-02  0.499E-04  0.793E-05  0.188E-02  0.152E-03  0.000E+00
  1.624  0.014000  0.400    1.621    1.6626    3.6566    3.6566    0.5934    1.0505    1.0997    1.1271    0.7797  7.659E+11  0.9997   2.564  0.426E-06      3.54     74.07      0.00  0.0369 -10.203   0.000  0.0008  0.679E+00  0.306E+00  0.109E-02  0.805E-04  0.222E-02  0.541E-02  0.501E-04  0.792E-05  0.188E-02  0.152E-03  0.000E+00
  1.624  0.014000  0.400    1.621    1.6860    3.6552    3.6552    0.5349    0.9988    1.1121    1.1339    0.7852  7.918E+11  0.9997   2.536  0.401E-06      3.43     72.89      0.00  0.0365 -10.166   0.000  0.0009  0.679E+00  0.307E+00  0.109E-02  0.803E-04  0.223E-02  0.541E-02  0.504E-04  0.791E-05  0.188E-02  0.152E-03  0.000E+00
  1.625  0.014000  0.400    1.621    1.7095    3.6539    3.6539    0.4763    0.9469    1.1245    1.1406    0.7907  8.185E+11  0.9997   2.507  0.376E-06      3.32     71.69      0.00  0.0360 -10.128   0.000  0.0009  0.679E+00  0.307E+00  0.109E-02  0.801E-04  0.223E-02  0.541E-02  0.507E-04  0.790E-05  0.188E-02  0.152E-03  0.000E+00
  1.625  0.014000  0.400    1.621    1.7343    3.6522    3.6522    0.4144    0.8932    1.1395    1.1488    0.7974  8.486E+11  0.9997   2.476  0.356E-06      3.22     70.33      0.00  0.0355 -10.088   0.000  0.0010  0.679E+00  0.307E+00  0.109E-02  0.799E-04  0.223E-02  0.541E-02  0.509E-04  0.789E-05  0.188E-02  0.152E-03  0.000E+00
  1.626  0.014000  0.400    1.622    1.7592    3.6506    3.6506    0.3519    0.8391    1.1549    1.1572    0.8043  8.801E+11  0.9997   2.444  0.335E-06      3.12     68.94      0.00  0.0350 -10.047   0.000  0.0011  0.678E+00  0.307E+00  0.109E-02  0.797E-04  0.223E-02  0.541E-02  0.511E-04  0.788E-05  0.188E-02  0.152E-03  0.000E+00
  1.626  0.014000  0.400    1.622    1.7843    3.6489    3.6489    0.2891    0.7860    1.1712    1.1656    0.8112  9.130E+11  0.9997   2.412  0.315E-06      3.01     67.53      0.00  0.0345 -10.006   0.000  0.0012  0.678E+00  0.307E+00  0.109E-02  0.795E-04  0.224E-02  0.540E-02  0.514E-04  0.787E-05  0.188E-02  0.152E-03  0.000E+00
  1.627  0.014000  0.400    1.622    1.8096    3.6472    3.6472    0.2261    0.7332    1.1881    1.1741    0.8181  9.472E+11  0.9997   2.380  0.295E-06      2.91     66.12      0.00  0.0340  -9.965   0.000  0.0013  0.678E+00  0.307E+00  0.109E-02  0.793E-04  0.224E-02  0.540E-02  0.516E-04  0.786E-05  0.188E-02  0.152E-03  0.000E+00
  1.627  0.014000  0.400    1.622    1.8264    3.6461    3.6461    0.1840    0.6979    1.1994    1.1797    0.8228  9.708E+11  0.9997   2.359  0.284E-06      2.85     65.33      0.00  0.0337  -9.938   0.000  0.0013  0.678E+00  0.307E+00  0.109E-02  0.792E-04  0.224E-02  0.540E-02  0.517E-04  0.786E-05  0.188E-02  0.152E-03  0.000E+00
  1.627  0.014000  0.400    1.622    1.8434    3.6449    3.6449    0.1415    0.6624    1.2108    1.1854    0.8275  9.952E+11  0.9998   2.337  0.274E-06      2.79     64.54      0.00  0.0334  -9.910   0.000  0.0014  0.678E+00  0.307E+00  0.109E-02  0.791E-04  0.224E-02  0.540E-02  0.518E-04  0.785E-05  0.188E-02  0.152E-03  0.000E+00
  1.627  0.014000  0.400    1.622    1.8604    3.6438    3.6438    0.0990    0.6268    1.2222    1.1911    0.8322  1.020E+12  0.9998   2.316  0.263E-06      2.73     63.75      0.00  0.0331  -9.881   0.000  0.0015  0.678E+00  0.307E+00  0.109E-02  0.791E-04  0.224E-02  0.540E-02  0.520E-04  0.785E-05  0.188E-02  0.152E-03  0.000E+00
  1.628  0.014000  0.400    1.622    1.8774    3.6426    3.6426    0.0564    0.5911    1.2337    1.1968    0.8369  1.046E+12  0.9998   2.294  0.253E-06      2.67     62.96      0.00  0.0328  -9.853   0.000  0.0016  0.678E+00  0.308E+00  0.109E-02  0.790E-04  0.224E-02  0.540E-02  0.521E-04  0.784E-05  0.188E-02  0.152E-03  0.000E+00
  1.628  0.014000  0.400    1.622    1.8945    3.6415    3.6415    0.0137    0.5554    1.2451    1.2026    0.8417  1.072E+12  0.9998   2.272  0.242E-06      2.61     62.16      0.00  0.0325  -9.825   0.000  0.0016  0.678E+00  0.308E+00  0.109E-02  0.789E-04  0.224E-02  0.540E-02  0.522E-04  0.784E-05  0.188E-02  0.152E-03  0.000E+00
  1.628  0.014000  0.400    1.622    1.9116    3.6403    3.6403   -0.0290    0.5197    1.2566    1.2083    0.8464  1.099E+12  0.9998   2.251  0.232E-06      2.55     61.36      0.00  0.0322  -9.797   0.000  0.0017  0.678E+00  0.308E+00  0.109E-02  0.788E-04  0.225E-02  0.540E-02  0.523E-04  0.784E-05  0.188E-02  0.152E-03  0.000E+00
  1.628  0.014000  0.400    1.622    1.9287    3.6392    3.6392   -0.0717    0.4839    1.2681    1.2141    0.8512  1.127E+12  0.9998   2.229  0.221E-06      2.49     60.56      0.00  0.0319  -9.769   0.000  0.0018  0.678E+00  0.308E+00  0.109E-02  0.787E-04  0.225E-02  0.540E-02  0.524E-04  0.783E-05  0.188E-02  0.152E-03  0.000E+00
  1.629  0.014000  0.400    1.622    1.9460    3.6380    3.6380   -0.1150    0.4477    1.2798    1.2199    0.8561  1.156E+12  0.9998   2.207  0.212E-06      2.43     59.72      0.00  0.0316  -9.740   0.000  0.0019  0.678E+00  0.308E+00  0.109E-02  0.786E-04  0.225E-02  0.540E-02  0.525E-04  0.783E-05  0.188E-02  0.152E-03  0.000E+00
  1.629  0.014000  0.400    1.622    1.9641    3.6368    3.6368   -0.1602    0.4098    1.2918    1.2259    0.8611  1.187E+12  0.9998   2.184  0.206E-06      2.38     58.76      0.00  0.0313  -9.711   0.000  0.0020  0.677E+00  0.308E+00  0.108E-02  0.785E-04  0.225E-02  0.540E-02  0.527E-04  0.782E-05  0.188E-02  0.152E-03  0.000E+00
  1.629  0.014000  0.400    1.622    1.9823    3.6356    3.6356   -0.2056    0.3717    1.3038    1.2319    0.8661  1.219E+12  0.9998   2.161  0.200E-06      2.33     57.80      0.00  0.0310  -9.682   0.000  0.0022  0.677E+00  0.308E+00  0.108E-02  0.783E-04  0.225E-02  0.539E-02  0.530E-04  0.781E-05  0.188E-02  0.152E-03  0.000E+00
  1.629  0.014000  0.400    1.622    2.0005    3.6344    3.6344   -0.2512    0.3335    1.3159    1.2380    0.8712  1.252E+12  0.9998   2.138  0.194E-06      2.28     56.83      0.00  0.0307  -9.653   0.000  0.0023  0.677E+00  0.308E+00  0.108E-02  0.782E-04  0.225E-02  0.539E-02  0.532E-04  0.781E-05  0.188E-02  0.152E-03  0.000E+00
  1.630  0.014000  0.400    1.622    2.0187    3.6332    3.6332   -0.2968    0.2952    1.3281    1.2440    0.8763  1.285E+12  0.9998   2.115  0.188E-06      2.23     55.86      0.00  0.0304  -9.623   0.000  0.0024  0.677E+00  0.308E+00  0.108E-02  0.781E-04  0.226E-02  0.539E-02  0.534E-04  0.780E-05  0.188E-02  0.152E-03  0.000E+00
  1.630  0.014000  0.400    1.622    2.0371    3.6320    3.6320   -0.3427    0.2568    1.3403    1.2501    0.8814  1.320E+12  0.9998   2.092  0.183E-06      2.17     54.88      0.00  0.0301  -9.594   0.000  0.0026  0.677E+00  0.309E+00  0.108E-02  0.780E-04  0.226E-02  0.539E-02  0.536E-04  0.779E-05  0.188E-02  0.152E-03  0.000E+00
  1.630  0.014000  0.400    1.621    2.0555    3.6308    3.6308   -0.3887    0.2182    1.3525    1.2562    0.8866  1.356E+12  0.9998   2.068  0.177E-06      2.12     53.90      0.00  0.0298  -9.564   0.000  0.0027  0.677E+00  0.309E+00  0.108E-02  0.778E-04  0.226E-02  0.539E-02  0.539E-04  0.779E-05  0.188E-02  0.152E-03  0.000E+00
  1.630  0.014000  0.400    1.621    2.0739    3.6295    3.6295   -0.4348    0.1795    1.3647    1.2624    0.8918  1.393E+12  0.9998   2.045  0.171E-06      2.07     52.92      0.00  0.0295  -9.534   0.000  0.0029  0.677E+00  0.309E+00  0.108E-02  0.777E-04  0.226E-02  0.539E-02  0.541E-04  0.778E-05  0.188E-02  0.152E-03  0.000E+00
  1.630  0.014000  0.400    1.621    2.0954    3.6280    3.6280   -0.4884    0.1351    1.3798    1.2699    0.8982  1.438E+12  0.9998   2.017  0.165E-06      2.01     51.84      0.00  0.0291  -9.499   0.000  0.0031  0.676E+00  0.309E+00  0.108E-02  0.776E-04  0.226E-02  0.539E-02  0.543E-04  0.777E-05  0.188E-02  0.152E-03  0.000E+00
  1.631  0.014000  0.400    1.620    2.1103    3.6269    3.6269   -0.5258    0.1047    1.3914    1.2757    0.9031  1.471E+12  0.9998   1.998  0.162E-06      1.98     51.15      0.00  0.0288  -9.474   0.000  0.0033  0.676E+00  0.309E+00  0.108E-02  0.776E-04  0.226E-02  0.539E-02  0.543E-04  0.777E-05  0.188E-02  0.152E-03  0.000E+00
  1.631  0.014000  0.400    1.620    2.1253    3.6257    3.6257   -0.5632    0.0743    1.4029    1.2815    0.9080  1.504E+12  0.9998   1.978  0.159E-06      1.94     50.46      0.00  0.0285  -9.449   0.000  0.0035  0.676E+00  0.309E+00  0.108E-02  0.775E-04  0.226E-02  0.539E-02  0.543E-04  0.777E-05  0.188E-02  0.152E-03  0.000E+00
  1.631  0.014000  0.400    1.620    2.1403    3.6245    3.6245   -0.6007    0.0438    1.4145    1.2873    0.9129  1.539E+12  0.9998   1.958  0.156E-06      1.91     49.78      0.00  0.0282  -9.424   0.000  0.0038  0.676E+00  0.309E+00  0.108E-02  0.775E-04  0.226E-02  0.539E-02  0.543E-04  0.777E-05  0.188E-02  0.152E-03  0.000E+00
  1.631  0.014000  0.400    1.619    2.1553    3.6234    3.6234   -0.6382    0.0133    1.4261    1.2931    0.9179  1.574E+12  0.9998   1.938  0.153E-06      1.87     49.08      0.00  0.0279  -9.399   0.000  0.0040  0.676E+00  0.309E+00  0.108E-02  0.775E-04  0.226E-02  0.539E-02  0.543E-04  0.777E-05  0.188E-02  0.152E-03  0.000E+00
  1.631  0.014000  0.400    1.619    2.1703    3.6222    3.6222   -0.6758   -0.0172    1.4377    1.2989    0.9229  1.610E+12  0.9998   1.919  0.149E-06      1.84     48.39      0.00  0.0276  -9.374   0.000  0.0042  0.676E+00  0.309E+00  0.108E-02  0.774E-04  0.226E-02  0.539E-02  0.544E-04  0.777E-05  0.188E-02  0.152E-03  0.000E+00
  1.631  0.014000  0.400    1.618    2.1854    3.6211    3.6211   -0.7135   -0.0453    1.4487    1.3047    0.9279  1.647E+12  0.9998   1.899  0.146E-06      1.80     47.70      0.00  0.0273  -9.349   0.000  0.0044  0.676E+00  0.309E+00  0.108E-02  0.774E-04  0.226E-02  0.539E-02  0.544E-04  0.777E-05  0.188E-02  0.152E-03  0.000E+00
  1.631  0.014000  0.400    1.618    2.2005    3.6199    3.6199   -0.7512   -0.0729    1.4596    1.3105    0.9329  1.685E+12  0.9998   1.879  0.143E-06      1.76     47.01      0.00  0.0270  -9.324   0.000  0.0046  0.676E+00  0.309E+00  0.108E-02  0.774E-04  0.226E-02  0.539E-02  0.544E-04  0.777E-05  0.188E-02  0.152E-03  0.000E+00
  1.631  0.014000  0.400    1.618    2.2156    3.6187    3.6187   -0.7889   -0.1006    1.4705    1.3163    0.9380  1.723E+12  0.9998   1.859  0.140E-06      1.73     46.31      0.00  0.0267  -9.299   0.000  0.0048  0.676E+00  0.309E+00  0.108E-02  0.773E-04  0.227E-02  0.539E-02  0.544E-04  0.777E-05  0.188E-02  0.152E-03  0.000E+00
  1.632  0.014000  0.400    1.617    2.2307    3.6176    3.6176   -0.8267   -0.1282    1.4814    1.3222    0.9431  1.763E+12  0.9998   1.839  0.137E-06      1.69     45.62      0.00  0.0264  -9.274   0.000  0.0050  0.676E+00  0.309E+00  0.108E-02  0.773E-04  0.227E-02  0.539E-02  0.544E-04  0.777E-05  0.188E-02  0.152E-03  0.000E+00
  1.632  0.014000  0.400    1.617    2.2458    3.6164    3.6164   -0.8645   -0.1559    1.4924    1.3280    0.9482  1.804E+12  0.9998   1.819  0.134E-06      1.66     44.92      0.00  0.0261  -9.248   0.000  0.0053  0.676E+00  0.309E+00  0.108E-02  0.773E-04  0.227E-02  0.539E-02  0.545E-04  0.777E-05  0.188E-02  0.152E-03  0.000E+00
  1.632  0.014000  0.400    1.616    2.2610    3.6152    3.6152   -0.9024   -0.1837    1.5033    1.3339    0.9533  1.846E+12  0.9998   1.799  0.131E-06      1.62     44.22      0.00  0.0258  -9.223   0.000  0.0055  0.676E+00  0.309E+00  0.108E-02  0.773E-04  0.227E-02  0.538E-02  0.545E-04  0.776E-05  0.188E-02  0.152E-03  0.000E+00
  1.632  0.014000  0.400    1.616    2.2762    3.6140    3.6140   -0.9404   -0.2114    1.5143    1.3398    0.9584  1.888E+12  0.9999   1.779  0.128E-06      1.58     43.52      0.00  0.0255  -9.198   0.000  0.0057  0.676E+00  0.309E+00  0.108E-02  0.772E-04  0.227E-02  0.538E-02  0.545E-04  0.776E-05  0.188E-02  0.152E-03  0.000E+00
  1.632  0.014000  0.400    1.615    2.2914    3.6129    3.6129   -0.9784   -0.2392    1.5252    1.3457    0.9636  1.932E+12  0.9999   1.759  0.124E-06      1.55     42.82      0.00  0.0252  -9.173   0.000  0.0059  0.676E+00  0.309E+00  0.108E-02  0.772E-04  0.227E-02  0.538E-02  0.545E-04  0.776E-05  0.188E-02  0.152E-03  0.000E+00
  1.632  0.014000  0.400    1.615    2.3066    3.6117    3.6117   -1.0164   -0.2671    1.5362    1.3516    0.9688  1.977E+12  0.9999   1.739  0.121E-06      1.51     42.12      0.00  0.0249  -9.147   0.000  0.0061  0.676E+00  0.309E+00  0.108E-02  0.772E-04  0.227E-02  0.538E-02  0.546E-04  0.776E-05  0.188E-02  0.152E-03  0.000E+00
  1.632  0.014000  0.400    1.614    2.3248    3.6102    3.6102   -1.0621   -0.2997    1.5502    1.3591    0.9755  2.033E+12  0.9999   1.715  0.118E-06      1.47     41.34      0.00  0.0245  -9.116   0.000  0.0066  0.676E+00  0.309E+00  0.108E-02  0.771E-04  0.227E-02  0.538E-02  0.546E-04  0.776E-05  0.188E-02  0.152E-03  0.000E+00
  1.632  0.014000  0.400    1.611    2.3535    3.6076    3.6076   -1.1339   -0.3489    1.5746    1.3721    0.9870  2.127E+12  0.9999   1.675  0.115E-06      1.43     40.30      0.00  0.0239  -9.067   0.000  0.0078  0.676E+00  0.309E+00  0.108E-02  0.771E-04  0.227E-02  0.538E-02  0.546E-04  0.776E-05  0.188E-02  0.152E-03  0.000E+00
  1.632  0.014000  0.400    1.608    2.3823    3.6050    3.6050   -1.2057   -0.3982    1.5989    1.3851    0.9987  2.225E+12  0.9999   1.635  0.112E-06      1.38     39.25      0.00  0.0234  -9.018   0.000  0.0090  0.676E+00  0.309E+00  0.108E-02  0.771E-04  0.227E-02  0.538E-02  0.546E-04  0.776E-05  0.188E-02  0.152E-03  0.000E+00
  1.633  0.014000  0.400    1.604    2.4110    3.6024    3.6024   -1.2776   -0.4474    1.6233    1.3982    1.0105  2.327E+12  0.9999   1.595  0.109E-06      1.34     38.21      0.00  0.0228  -8.969   0.000  0.0103  0.676E+00  0.309E+00  0.108E-02  0.770E-04  0.227E-02  0.538E-02  0.546E-04  0.776E-05  0.188E-02  0.152E-03  0.000E+00
  1.633  0.014000  0.400    1.601    2.4399    3.5997    3.5997   -1.3496   -0.4968    1.6477    1.4113    1.0225  2.435E+12  0.9999   1.554  0.106E-06      1.29     37.17      0.00  0.0222  -8.919   0.000  0.0115  0.676E+00  0.309E+00  0.108E-02  0.770E-04  0.227E-02  0.538E-02  0.547E-04  0.776E-05  0.188E-02  0.152E-03  0.000E+00
  1.633  0.014000  0.400    1.598    2.4687    3.5971    3.5971   -1.4217   -0.5462    1.6721    1.4243    1.0345  2.548E+12  0.9999   1.514  0.102E-06      1.25     36.12      0.00  0.0216  -8.870   0.000  0.0127  0.676E+00  0.309E+00  0.108E-02  0.770E-04  0.227E-02  0.538E-02  0.547E-04  0.776E-05  0.188E-02  0.152E-03  0.000E+00
  1.633  0.014000  0.400    1.595    2.4976    3.5945    3.5945   -1.4939   -0.5956    1.6966    1.4375    1.0467  2.666E+12  0.9999   1.474  0.993E-07      1.20     35.07      0.00  0.0211  -8.820   0.000  0.0140  0.676E+00  0.309E+00  0.108E-02  0.769E-04  0.227E-02  0.538E-02  0.547E-04  0.776E-05  0.188E-02  0.152E-03  0.000E+00
  1.633  0.014000  0.400    1.592    2.5265    3.5919    3.5919   -1.5662   -0.6444    1.7208    1.4506    1.0590  2.790E+12  0.9999   1.434  0.961E-07      1.16     34.02      0.00  0.0205  -8.771   0.000  0.0152  0.676E+00  0.309E+00  0.108E-02  0.769E-04  0.227E-02  0.538E-02  0.547E-04  0.776E-05  0.188E-02  0.152E-03  0.000E+00
  1.633  0.014000  0.400    1.588    2.5554    3.5893    3.5893   -1.6385   -0.6774    1.7383    1.4637    1.0714  2.919E+12  0.9999   1.393  0.930E-07      1.11     32.97      0.00  0.0199  -8.721   0.000  0.0165  0.676E+00  0.309E+00  0.108E-02  0.769E-04  0.227E-02  0.538E-02  0.547E-04  0.775E-05  0.188E-02  0.152E-03  0.000E+00
  1.633  0.014000  0.400    1.585    2.5844    3.5866    3.5866   -1.7110   -0.7103    1.7558    1.4769    1.0839  3.055E+12  0.9999   1.353  0.899E-07      1.07     31.91      0.00  0.0193  -8.671   0.000  0.0177  0.676E+00  0.309E+00  0.108E-02  0.769E-04  0.227E-02  0.538E-02  0.548E-04  0.775E-05  0.188E-02  0.152E-03  0.000E+00
  1.633  0.014000  0.400    1.582    2.6134    3.5840    3.5840   -1.7835   -0.7433    1.7734    1.4901    1.0966  3.197E+12  0.9999   1.313  0.867E-07      1.02     30.86      0.00  0.0188  -8.622   0.000  0.0190  0.676E+00  0.309E+00  0.108E-02  0.768E-04  0.227E-02  0.538E-02  0.548E-04  0.775E-05  0.188E-02  0.152E-03  0.000E+00
  1.634  0.014000  0.400    1.579    2.6424    3.5813    3.5813   -1.8561   -0.7763    1.7910    1.5033    1.1095  3.347E+12  0.9999   1.272  0.836E-07      0.98     29.80      0.00  0.0182  -8.572   0.000  0.0202  0.676E+00  0.309E+00  0.108E-02  0.768E-04  0.227E-02  0.538E-02  0.548E-04  0.775E-05  0.188E-02  0.152E-03  0.000E+00
  1.634  0.014000  0.400    1.576    2.6715    3.5787    3.5787   -1.9288   -0.8094    1.8086    1.5165    1.1225  3.503E+12  0.9999   1.232  0.805E-07      0.93     28.74      0.00  0.0176  -8.522   0.000  0.0215  0.676E+00  0.309E+00  0.108E-02  0.768E-04  0.227E-02  0.538E-02  0.548E-04  0.775E-05  0.188E-02  0.152E-03  0.000E+00
  1.634  0.014000  0.400    1.572    2.7006    3.5761    3.5761   -2.0016   -0.8425    1.8263    1.5297    1.1357  3.667E+12  0.9999   1.191  0.774E-07      0.89     27.68      0.00  0.0170  -8.472   0.000  0.0227  0.676E+00  0.309E+00  0.108E-02  0.767E-04  0.227E-02  0.538E-02  0.548E-04  0.775E-05  0.188E-02  0.152E-03  0.000E+00
  1.634  0.014000  0.400    1.569    2.7298    3.5734    3.5734   -2.0744   -0.8752    1.8408    1.5414    1.1474  3.838E+12  0.9999   1.150  0.743E-07      0.84     26.62      0.00  0.0164  -8.422   0.000  0.0240  0.676E+00  0.309E+00  0.108E-02  0.767E-04  0.227E-02  0.538E-02  0.549E-04  0.775E-05  0.188E-02  0.152E-03  0.000E+00
  1.634  0.014000  0.400    1.566    2.7589    3.5708    3.5708   -2.1474   -0.9066    1.8443    1.5476    1.1537  4.018E+12  0.9999   1.110  0.712E-07      0.79     25.55      0.00  0.0159  -8.372   0.000  0.0253  0.676E+00  0.309E+00  0.108E-02  0.767E-04  0.227E-02  0.538E-02  0.549E-04  0.775E-05  0.188E-02  0.152E-03  0.000E+00
