  0.800  0.014000  0.400    0.800   -0.5492    3.6894    3.6894    6.1231    6.5064    0.4832    0.9482    0.5920  5.161E+10  1.0000   4.601  0.225E-05      1.16      0.00      0.00  0.0000   0.000   0.000  0.0000  0.728E+00  0.258E+00  0.223E-02  0.283E-04  0.645E-03  0.561E-02  0.222E-05  0.126E-04  0.184E-02  0.149E-03  0.000E+00
  0.804  0.014000  0.400    0.804   -0.5386    3.6909    3.6909    6.0964    6.4743    0.4754    0.9404    0.5870  5.188E+10  1.0000   4.598  0.226E-05      1.17      0.00      0.00  0.0000   0.000   0.000  0.0000  0.728E+00  0.258E+00  0.223E-02  0.283E-04  0.645E-03  0.561E-02  0.222E-05  0.126E-04  0.184E-02  0.149E-03  0.000E+00
  0.807  0.014000  0.400    0.807   -0.5279    3.6925    3.6925    6.0698    6.4422    0.4675    0.9325    0.5820  5.214E+10  1.0000   4.596  0.227E-05      1.18      0.00      0.00  0.0000   0.000   0.000  0.0000  0.728E+00  0.258E+00  0.223E-02  0.284E-04  0.645E-03  0.561E-02  0.222E-05  0.126E-04  0.184E-02  0.149E-03  0.000E+00
  0.811  0.014000  0.400    0.811   -0.5173    3.6941    3.6941    6.0432    6.4103    0.4596    0.9246    0.5770  5.240E+10  1.0000   4.594  0.228E-05      1.20      0.00      0.00  0.0000   0.000   0.000  0.0000  0.728E+00  0.258E+00  0.223E-02  0.284E-04  0.645E-03  0.560E-02  0.222E-05  0.126E-04  0.184E-02  0.149E-03  0.000E+00
  0.815  0.014000  0.400    0.815   -0.5067    3.6956    3.6956    6.0167    6.3785    0.4518    0.9168    0.5720  5.266E+10  1.0000   4.591  0.229E-05      1.21      0.00      0.00  0.0000   0.000   0.000  0.0000  0.728E+00  0.258E+00  0.223E-02  0.285E-04  0.645E-03  0.560E-02  0.222E-05  0.126E-04  0.184E-02  0.149E-03  0.000E+00
  0.819  0.014000  0.400    0.819   -0.4961    3.6972    3.6972    5.9902    6.3467    0.4441    0.9091    0.5670  5.293E+10  1.0000   4.589  0.230E-05      1.22      0.00      0.00  0.0000   0.000   0.000  0.0000  0.728E+00  0.258E+00  0.223E-02  0.285E-04  0.645E-03  0.560E-02  0.222E-05  0.126E-04  0.184E-02  0.149E-03  0.000E+00
  0.822  0.014000  0.400    0.822   -0.4855    3.6987    3.6987    5.9638    6.3150    0.4363    0.9013    0.5621  5.319E+10  1.0000   4.586  0.231E-05      1.24      0.00      0.00  0.0000   0.000   0.000  0.0000  0.728E+00  0.258E+00  0.223E-02  0.286E-04  0.645E-03  0.560E-02  0.222E-05  0.126E-04  0.184E-02  0.149E-03  0.000E+00
  0.826  0.014000  0.400    0.826   -0.4750    3.7003    3.7003    5.9375    6.2834    0.4286    0.8939    0.5574  5.346E+10  1.0000   4.584  0.232E-05      1.25      0.00      0.00  0.0000   0.000   0.000  0.0000  0.728E+00  0.258E+00  0.223E-02  0.287E-04  0.645E-03  0.560E-02  0.222E-05  0.126E-04  0.184E-02  0.149E-03  0.000E+00
  0.830  0.014000  0.400    0.830   -0.4645    3.7018    3.7018    5.9112    6.2518    0.4209    0.8866    0.5527  5.373E+10  1.0000   4.582  0.234E-05      1.27      0.00      0.00  0.0000   0.000   0.000  0.0000  0.728E+00  0.258E+00  0.223E-02  0.287E-04  0.645E-03  0.560E-02  0.222E-05  0.126E-04  0.184E-02  0.149E-03  0.000E+00
  0.834  0.014000  0.400    0.834   -0.4540    3.7033    3.7033    5.8850    6.2204    0.4133    0.8794    0.5481  5.400E+10  1.0000   4.579  0.235E-05      1.28      0.00      0.00  0.0000   0.000   0.000  0.0000  0.728E+00  0.258E+00  0.223E-02  0.288E-04  0.645E-03  0.560E-02  0.222E-05  0.126E-04  0.184E-02  0.149E-03  0.000E+00
  0.837  0.014000  0.400    0.837   -0.4435    3.7049    3.7049    5.8588    6.1890    0.4057    0.8721    0.5434  5.428E+10  1.0000   4.577  0.236E-05      1.29      0.00      0.00  0.0000   0.000   0.000  0.0000  0.728E+00  0.258E+00  0.223E-02  0.289E-04  0.645E-03  0.560E-02  0.222E-05  0.126E-04  0.184E-02  0.149E-03  0.000E+00
  0.841  0.014000  0.400    0.841   -0.4331    3.7064    3.7064    5.8326    6.1577    0.3981    0.8649    0.5387  5.455E+10  1.0000   4.574  0.237E-05      1.30      0.00      0.00  0.0000   0.000   0.000  0.0000  0.728E+00  0.258E+00  0.223E-02  0.289E-04  0.645E-03  0.560E-02  0.222E-05  0.126E-04  0.184E-02  0.149E-03  0.000E+00
  0.845  0.014000  0.400    0.845   -0.4226    3.7079    3.7079    5.8065    6.1264    0.3906    0.8577    0.5341  5.483E+10  1.0000   4.572  0.238E-05      1.31      0.00      0.00  0.0000   0.000   0.000  0.0000  0.728E+00  0.258E+00  0.223E-02  0.290E-04  0.645E-03  0.560E-02  0.221E-05  0.126E-04  0.184E-02  0.149E-03  0.000E+00
  0.848  0.014000  0.400    0.848   -0.4122    3.7094    3.7094    5.7805    6.0952    0.3830    0.8505    0.5294  5.511E+10  1.0000   4.569  0.239E-05      1.33      0.00      0.00  0.0000   0.000   0.000  0.0000  0.728E+00  0.258E+00  0.223E-02  0.291E-04  0.645E-03  0.560E-02  0.221E-05  0.126E-04  0.184E-02  0.149E-03  0.000E+00
  0.852  0.014000  0.400    0.852   -0.4018    3.7109    3.7109    5.7545    6.0641    0.3755    0.8434    0.5248  5.539E+10  1.0000   4.567  0.241E-05      1.34      0.00      0.00  0.0000   0.000   0.000  0.0000  0.728E+00  0.258E+00  0.223E-02  0.292E-04  0.645E-03  0.560E-02  0.221E-05  0.126E-04  0.184E-02  0.149E-03  0.000E+00
  0.856  0.014000  0.400    0.856   -0.3914    3.7124    3.7124    5.7285    6.0330    0.3681    0.8362    0.5202  5.567E+10  1.0000   4.564  0.241E-05      1.36      0.00      0.00  0.0000   0.000   0.000  0.0000  0.728E+00  0.257E+00  0.223E-02  0.292E-04  0.645E-03  0.560E-02  0.221E-05  0.126E-04  0.184E-02  0.149E-03  0.000E+00
  0.860  0.014000  0.400    0.860   -0.3811    3.7139    3.7139    5.7026    6.0020    0.3606    0.8292    0.5155  5.595E+10  1.0000   4.562  0.242E-05      1.37      0.00      0.00  0.0000   0.000   0.000  0.0000  0.728E+00  0.257E+00  0.223E-02  0.293E-04  0.645E-03  0.560E-02  0.221E-05  0.126E-04  0.184E-02  0.148E-03  0.000E+00
  0.863  0.014000  0.400    0.863   -0.3707    3.7154    3.7154    5.6768    5.9710    0.3532    0.8221    0.5109  5.624E+10  1.0000   4.559  0.243E-05      1.38      0.00      0.00  0.0000   0.000   0.000  0.0000  0.728E+00  0.257E+00  0.223E-02  0.294E-04  0.645E-03  0.560E-02  0.221E-05  0.126E-04  0.184E-02  0.148E-03  0.000E+00
  0.867  0.014000  0.400    0.867   -0.3604    3.7168    3.7168    5.6509    5.9402    0.3458    0.8151    0.5062  5.652E+10  1.0000   4.557  0.244E-05      1.39      0.00      0.00  0.0000   0.000   0.000  0.0000  0.728E+00  0.257E+00  0.223E-02  0.295E-04  0.645E-03  0.560E-02  0.221E-05  0.126E-04  0.184E-02  0.148E-03  0.000E+00
  0.871  0.014000  0.400    0.871   -0.3500    3.7183    3.7183    5.6251    5.9093    0.3385    0.8081    0.5016  5.681E+10  1.0000   4.554  0.245E-05      1.40      0.00      0.00  0.0000   0.000   0.000  0.0000  0.728E+00  0.257E+00  0.223E-02  0.296E-04  0.645E-03  0.560E-02  0.221E-05  0.126E-04  0.184E-02  0.148E-03  0.000E+00
  0.874  0.014000  0.400    0.874   -0.3397    3.7198    3.7198    5.5993    5.8785    0.3311    0.8011    0.4970  5.710E+10  1.0000   4.551  0.246E-05      1.42      0.00      0.00  0.0000   0.000   0.000  0.0000  0.728E+00  0.257E+00  0.223E-02  0.297E-04  0.645E-03  0.560E-02  0.221E-05  0.126E-04  0.184E-02  0.148E-03  0.000E+00
  0.878  0.014000  0.400    0.878   -0.3294    3.7212    3.7212    5.5736    5.8478    0.3238    0.7938    0.4921  5.740E+10  1.0000   4.549  0.247E-05      1.43      0.00      0.00  0.0000   0.000   0.000  0.0000  0.728E+00  0.257E+00  0.223E-02  0.298E-04  0.645E-03  0.560E-02  0.221E-05  0.126E-04  0.184E-02  0.148E-03  0.000E+00
  0.882  0.014000  0.400    0.882   -0.3192    3.7227    3.7227    5.5479    5.8171    0.3165    0.7865    0.4873  5.769E+10  1.0000   4.546  0.247E-05      1.43      0.00      0.00  0.0000   0.000   0.000  0.0000  0.728E+00  0.257E+00  0.223E-02  0.299E-04  0.645E-03  0.560E-02  0.221E-05  0.126E-04  0.184E-02  0.148E-03  0.000E+00
  0.886  0.014000  0.400    0.886   -0.3089    3.7241    3.7241    5.5222    5.7865    0.3093    0.7793    0.4824  5.799E+10  1.0000   4.544  0.247E-05      1.44      0.00      0.00  0.0000   0.000   0.000  0.0000  0.728E+00  0.257E+00  0.223E-02  0.300E-04  0.645E-03  0.560E-02  0.221E-05  0.126E-04  0.184E-02  0.148E-03  0.000E+00
  0.889  0.014000  0.400    0.889   -0.2986    3.7256    3.7256    5.4966    5.7559    0.3021    0.7721    0.4775  5.829E+10  1.0000   4.541  0.248E-05      1.45      0.00      0.00  0.0000   0.000   0.000  0.0000  0.728E+00  0.257E+00  0.223E-02  0.302E-04  0.645E-03  0.560E-02  0.221E-05  0.126E-04  0.184E-02  0.148E-03  0.000E+00
  0.893  0.014000  0.400    0.893   -0.2884    3.7270    3.7270    5.4710    5.7254    0.2949    0.7649    0.4726  5.859E+10  1.0000   4.538  0.248E-05      1.46      0.00      0.00  0.0000   0.000   0.000  0.0000  0.728E+00  0.257E+00  0.222E-02  0.303E-04  0.645E-03  0.560E-02  0.221E-05  0.126E-04  0.184E-02  0.148E-03  0.000E+00
  0.897  0.014000  0.400    0.897   -0.2782    3.7285    3.7285    5.4454    5.6949    0.2877    0.7577    0.4678  5.890E+10  1.0000   4.536  0.249E-05      1.47      0.00      0.00  0.0000   0.000   0.000  0.0000  0.728E+00  0.257E+00  0.222E-02  0.304E-04  0.645E-03  0.560E-02  0.221E-05  0.126E-04  0.184E-02  0.148E-03  0.000E+00
  0.901  0.014000  0.400    0.901   -0.2679    3.7299    3.7299    5.4198    5.6645    0.2807    0.7507    0.4629  5.921E+10  1.0000   4.533  0.250E-05      1.49      0.00      0.00  0.0000   0.000   0.000  0.0000  0.728E+00  0.257E+00  0.222E-02  0.305E-04  0.645E-03  0.560E-02  0.221E-05  0.126E-04  0.184E-02  0.148E-03  0.000E+00
  0.904  0.014000  0.400    0.904   -0.2577    3.7311    3.7311    5.3942    5.6345    0.2744    0.7444    0.4586  5.957E+10  1.0000   4.529  0.252E-05      1.51      0.00      0.00  0.0000   0.000   0.000  0.0000  0.728E+00  0.257E+00  0.222E-02  0.306E-04  0.645E-03  0.560E-02  0.221E-05  0.126E-04  0.184E-02  0.148E-03  0.000E+00
  0.908  0.014000  0.400    0.908   -0.2474    3.7324    3.7324    5.3686    5.6046    0.2681    0.7381    0.4542  5.992E+10  1.0000   4.526  0.254E-05      1.53      0.00      0.00  0.0000   0.000   0.000  0.0000  0.728E+00  0.257E+00  0.222E-02  0.307E-04  0.645E-03  0.560E-02  0.221E-05  0.126E-04  0.184E-02  0.148E-03  0.000E+00
  0.912  0.014000  0.400    0.912   -0.2372    3.7336    3.7336    5.3430    5.5747    0.2618    0.7318    0.4499  6.029E+10  1.0000   4.522  0.255E-05      1.54      0.00      0.00  0.0000   0.000   0.000  0.0000  0.728E+00  0.257E+00  0.222E-02  0.308E-04  0.645E-03  0.560E-02  0.221E-05  0.126E-04  0.184E-02  0.148E-03  0.000E+00
  0.915  0.014000  0.400    0.915   -0.2270    3.7349    3.7349    5.3174    5.5449    0.2556    0.7256    0.4455  6.065E+10  1.0000   4.519  0.256E-05      1.56      0.00      0.00  0.0000   0.000   0.000  0.0000  0.728E+00  0.257E+00  0.222E-02  0.308E-04  0.645E-03  0.560E-02  0.221E-05  0.126E-04  0.184E-02  0.148E-03  0.000E+00
  0.919  0.014000  0.400    0.919   -0.2167    3.7361    3.7361    5.2918    5.5151    0.2493    0.7193    0.4412  6.102E+10  1.0000   4.516  0.257E-05      1.57      0.00      0.00  0.0000   0.000   0.000  0.0000  0.728E+00  0.257E+00  0.222E-02  0.309E-04  0.645E-03  0.559E-02  0.221E-05  0.126E-04  0.184E-02  0.148E-03  0.000E+00
  0.923  0.014000  0.400    0.923   -0.2065    3.7374    3.7374    5.2663    5.4853    0.2432    0.7132    0.4368  6.139E+10  1.0000   4.512  0.258E-05      1.59      0.00      0.00  0.0000   0.000   0.000  0.0000  0.728E+00  0.257E+00  0.222E-02  0.310E-04  0.645E-03  0.559E-02  0.221E-05  0.126E-04  0.184E-02  0.148E-03  0.000E+00
  0.927  0.014000  0.400    0.927   -0.1963    3.7386    3.7386    5.2408    5.4556    0.2370    0.7070    0.4325  6.177E+10  1.0000   4.508  0.259E-05      1.61      0.00      0.00  0.0000   0.000   0.000  0.0000  0.728E+00  0.257E+00  0.222E-02  0.311E-04  0.645E-03  0.559E-02  0.221E-05  0.126E-04  0.184E-02  0.148E-03  0.000E+00
  0.930  0.014000  0.400    0.930   -0.1861    3.7398    3.7398    5.2153    5.4259    0.2309    0.7009    0.4281  6.215E+10  1.0000   4.505  0.260E-05      1.63      0.00      0.00  0.0000   0.000   0.000  0.0000  0.728E+00  0.257E+00  0.222E-02  0.312E-04  0.645E-03  0.559E-02  0.221E-05  0.126E-04  0.184E-02  0.148E-03  0.000E+00
  0.938  0.014000  0.400    0.938   -0.1657    3.7422    3.7422    5.1643    5.3667    0.2188    0.6912    0.4212  6.292E+10  1.0000   4.498  0.262E-05      1.66      0.00      0.00  0.0000   0.000   0.000  0.0000  0.728E+00  0.257E+00  0.222E-02  0.315E-04  0.645E-03  0.559E-02  0.221E-05  0.126E-04  0.184E-02  0.148E-03  0.000E+00
  0.945  0.014000  0.400    0.945   -0.1454    3.7446    3.7446    5.1134    5.3076    0.2069    0.6817    0.4144  6.370E+10  1.0000   4.490  0.263E-05      1.69      0.00      0.00  0.0000   0.000   0.000  0.0000  0.728E+00  0.257E+00  0.222E-02  0.317E-04  0.645E-03  0.559E-02  0.221E-05  0.126E-04  0.184E-02  0.148E-03  0.000E+00
  0.953  0.014000  0.400    0.953   -0.1250    3.7470    3.7470    5.0625    5.2486    0.1950    0.6724    0.4076  6.451E+10  1.0000   4.483  0.264E-05      1.72      0.00      0.00  0.0000   0.000   0.000  0.0000  0.728E+00  0.257E+00  0.222E-02  0.320E-04  0.645E-03  0.559E-02  0.221E-05  0.126E-04  0.184E-02  0.148E-03  0.000E+00
  0.960  0.014000  0.400    0.960   -0.1047    3.7493    3.7493    5.0117    5.1898    0.1834    0.6632    0.4009  6.533E+10  1.0000   4.475  0.267E-05      1.75      0.00      0.00  0.0000   0.000   0.000  0.0000  0.728E+00  0.257E+00  0.222E-02  0.322E-04  0.645E-03  0.559E-02  0.221E-05  0.126E-04  0.184E-02  0.148E-03  0.000E+00
  0.968  0.014000  0.400    0.968   -0.0843    3.7516    3.7516    4.9608    5.1311    0.1719    0.6541    0.3942  6.617E+10  1.0000   4.467  0.267E-05      1.78      0.00      0.00  0.0000   0.000   0.000  0.0000  0.728E+00  0.257E+00  0.222E-02  0.325E-04  0.645E-03  0.559E-02  0.221E-05  0.126E-04  0.184E-02  0.148E-03  0.000E+00
  0.975  0.014000  0.400    0.975   -0.0640    3.7539    3.7539    4.9100    5.0724    0.1603    0.6450    0.3875  6.702E+10  1.0000   4.460  0.269E-05      1.82      0.00      0.00  0.0000   0.000   0.000  0.0000  0.729E+00  0.257E+00  0.222E-02  0.328E-04  0.645E-03  0.559E-02  0.221E-05  0.126E-04  0.184E-02  0.148E-03  0.000E+00
  0.983  0.014000  0.400    0.983   -0.0437    3.7562    3.7562    4.8592    5.0137    0.1490    0.6360    0.3808  6.790E+10  1.0000   4.452  0.271E-05      1.85      0.00      0.00  0.0000   0.000   0.000  0.0000  0.729E+00  0.257E+00  0.222E-02  0.332E-04  0.645E-03  0.559E-02  0.221E-05  0.126E-04  0.184E-02  0.148E-03  0.000E+00
  0.990  0.014000  0.400    0.990   -0.0233    3.7585    3.7585    4.8083    4.9551    0.1377    0.6271    0.3741  6.879E+10  1.0000   4.444  0.273E-05      1.88      0.00      0.00  0.0000   0.000   0.000  0.0000  0.729E+00  0.257E+00  0.222E-02  0.336E-04  0.646E-03  0.559E-02  0.221E-05  0.126E-04  0.184E-02  0.148E-03  0.000E+00
  0.997  0.014000  0.400    0.997   -0.0030    3.7607    3.7607    4.7574    4.8967    0.1266    0.6184    0.3675  6.971E+10  1.0000   4.435  0.273E-05      1.90      0.00      0.00  0.0000   0.000   0.000  0.0000  0.728E+00  0.257E+00  0.222E-02  0.340E-04  0.646E-03  0.559E-02  0.221E-05  0.126E-04  0.184E-02  0.148E-03  0.000E+00
  1.005  0.014000  0.400    1.005    0.0174    3.7627    3.7627    4.7066    4.8390    0.1166    0.6105    0.3615  7.070E+10  1.0000   4.426  0.274E-05      1.94      0.00      0.00  0.0000   0.000   0.000  0.0000  0.729E+00  0.257E+00  0.221E-02  0.342E-04  0.646E-03  0.559E-02  0.221E-05  0.125E-04  0.184E-02  0.148E-03  0.000E+00
  1.012  0.014000  0.400    1.012    0.0377    3.7646    3.7646    4.6558    4.7818    0.1072    0.6031    0.3558  7.175E+10  1.0000   4.417  0.276E-05      1.99      0.00      0.00  0.0000   0.000   0.000  0.0000  0.729E+00  0.257E+00  0.221E-02  0.344E-04  0.646E-03  0.559E-02  0.221E-05  0.125E-04  0.184E-02  0.148E-03  0.000E+00
  1.020  0.014000  0.400    1.020    0.0580    3.7663    3.7663    4.6051    4.7250    0.0983    0.5960    0.3504  7.284E+10  1.0000   4.407  0.277E-05      2.03      0.00      0.00  0.0000   0.000   0.000  0.0000  0.729E+00  0.257E+00  0.221E-02  0.346E-04  0.646E-03  0.559E-02  0.221E-05  0.125E-04  0.184E-02  0.148E-03  0.000E+00
  1.027  0.014000  0.400    1.027    0.0783    3.7681    3.7681    4.5543    4.6682    0.0895    0.5891    0.3450  7.397E+10  1.0000   4.397  0.279E-05      2.08      0.00      0.00  0.0000   0.000   0.000  0.0000  0.729E+00  0.257E+00  0.221E-02  0.349E-04  0.646E-03  0.559E-02  0.221E-05  0.125E-04  0.184E-02  0.148E-03  0.000E+00
  1.035  0.014000  0.400    1.035    0.0986    3.7698    3.7698    4.5035    4.6116    0.0810    0.5824    0.3398  7.513E+10  1.0000   4.386  0.279E-05      2.11      0.00      0.00  0.0000   0.000   0.000  0.0000  0.729E+00  0.257E+00  0.221E-02  0.351E-04  0.646E-03  0.558E-02  0.221E-05  0.125E-04  0.184E-02  0.148E-03  0.000E+00
  1.042  0.014000  0.400    1.042    0.1189    3.7715    3.7715    4.4528    4.5552    0.0727    0.5758    0.3347  7.632E+10  1.0000   4.376  0.282E-05      2.17      0.00      0.00  0.0000   0.000   0.000  0.0000  0.729E+00  0.256E+00  0.221E-02  0.354E-04  0.646E-03  0.558E-02  0.221E-05  0.125E-04  0.184E-02  0.148E-03  0.000E+00
  1.050  0.014000  0.400    1.050    0.1391    3.7731    3.7731    4.4022    4.4991    0.0647    0.5695    0.3297  7.754E+10  1.0000   4.365  0.282E-05      2.21      0.00      0.00  0.0000   0.000   0.000  0.0000  0.729E+00  0.256E+00  0.221E-02  0.357E-04  0.647E-03  0.558E-02  0.221E-05  0.125E-04  0.184E-02  0.148E-03  0.000E+00
  1.057  0.014000  0.400    1.057    0.1593    3.7746    3.7746    4.3517    4.4434    0.0570    0.5635    0.3250  7.881E+10  1.0000   4.354  0.284E-05      2.25      0.00      0.00  0.0000   0.000   0.000  0.0000  0.729E+00  0.256E+00  0.221E-02  0.360E-04  0.647E-03  0.558E-02  0.221E-05  0.125E-04  0.184E-02  0.148E-03  0.000E+00
  1.064  0.014000  0.400    1.064    0.1794    3.7761    3.7761    4.3014    4.3880    0.0497    0.5576    0.3203  8.011E+10  1.0000   4.343  0.286E-05      2.30      0.00      0.00  0.0000   0.000   0.000  0.0000  0.729E+00  0.256E+00  0.221E-02  0.364E-04  0.647E-03  0.558E-02  0.221E-05  0.125E-04  0.184E-02  0.148E-03  0.000E+00
  1.072  0.014000  0.400    1.072    0.1995    3.7775    3.7775    4.2513    4.3331    0.0426    0.5520    0.3159  8.144E+10  1.0000   4.331  0.287E-05      2.35      0.00      0.00  0.0000   0.000   0.000  0.0000  0.729E+00  0.256E+00  0.221E-02  0.368E-04  0.648E-03  0.558E-02  0.221E-05  0.125E-04  0.184E-02  0.148E-03  0.000E+00
  1.087  0.014000  0.400    1.087    0.2385    3.7800    3.7800    4.1538    4.2293    0.0368    0.5426    0.3084  8.421E+10  1.0000   4.308  0.291E-05      2.45      0.00      0.00  0.0000   0.000   0.000  0.0000  0.729E+00  0.256E+00  0.221E-02  0.376E-04  0.649E-03  0.558E-02  0.221E-05  0.125E-04  0.184E-02  0.148E-03  0.000E+00
  1.117  0.014000  0.400    1.117    0.3029    3.7813    3.7813    3.9928    4.0654    0.0348    0.5379    0.3046  9.016E+10  1.0000   4.261  0.300E-05      2.73      0.00      0.00  0.0000   0.000   0.000  0.0000  0.727E+00  0.258E+00  0.218E-02  0.463E-04  0.675E-03  0.560E-02  0.222E-05  0.125E-04  0.184E-02  0.148E-03  0.000E+00
  1.146  0.014000  0.400    1.146    0.3639    3.7812    3.7812    3.8403    3.9130    0.0349    0.5382    0.3048  9.676E+10  1.0000   4.211  0.309E-05      3.06      0.00      0.00  0.0000   0.000   0.000  0.0000  0.724E+00  0.261E+00  0.215E-02  0.601E-04  0.720E-03  0.562E-02  0.224E-05  0.125E-04  0.185E-02  0.149E-03  0.000E+00
  1.161  0.014000  0.400    1.161    0.4019    3.7824    3.7824    3.7451    3.8150    0.0329    0.5336    0.3011  1.005E+11  1.0000   4.184  0.314E-05      3.23      0.00      0.00  0.0000   0.000   0.000  0.0000  0.723E+00  0.262E+00  0.213E-02  0.668E-04  0.742E-03  0.564E-02  0.225E-05  0.125E-04  0.185E-02  0.150E-03  0.000E+00
  1.169  0.014000  0.400    1.169    0.4256    3.7837    3.7837    3.6861    3.7530    0.0308    0.5287    0.2972  1.027E+11  1.0000   4.168  0.314E-05      3.30      0.00      0.00  0.0000   0.000   0.000  0.0000  0.722E+00  0.263E+00  0.212E-02  0.702E-04  0.753E-03  0.564E-02  0.225E-05  0.125E-04  0.185E-02  0.150E-03  0.000E+00
  1.184  0.014000  0.400    1.184    0.4879    3.7862    3.7862    3.5302    3.5914    0.0268    0.5194    0.2896  1.090E+11  1.0000   4.121  0.300E-05      3.38      0.00      0.00  0.0000   0.000   0.000  0.0000  0.721E+00  0.264E+00  0.210E-02  0.769E-04  0.775E-03  0.566E-02  0.226E-05  0.125E-04  0.186E-02  0.150E-03  0.000E+00
  1.199  0.014000  0.400    1.199    0.5304    3.7855    3.7855    3.4241    3.4871    0.0281    0.5223    0.2920  1.149E+11  1.0000   4.081  0.306E-05      3.60      0.00      0.00  0.0000   0.000   0.000  0.0000  0.719E+00  0.266E+00  0.209E-02  0.837E-04  0.799E-03  0.567E-02  0.227E-05  0.125E-04  0.186E-02  0.151E-03  0.000E+00
  1.213  0.014000  0.400    1.213    0.5730    3.7840    3.7840    3.3176    3.3838    0.0303    0.5276    0.2963  1.215E+11  1.0000   4.038  0.312E-05      3.87      0.00      0.00  0.0000   0.000   0.000  0.0000  0.718E+00  0.267E+00  0.207E-02  0.905E-04  0.823E-03  0.569E-02  0.228E-05  0.125E-04  0.187E-02  0.151E-03  0.000E+00
  1.221  0.014000  0.400    1.221    0.5945    3.7829    3.7829    3.2639    3.3328    0.0322    0.5319    0.2998  1.252E+11  1.0000   4.015  0.314E-05      4.00      0.00      0.00  0.0000   0.000   0.000  0.0000  0.717E+00  0.268E+00  0.206E-02  0.938E-04  0.836E-03  0.570E-02  0.229E-05  0.125E-04  0.187E-02  0.151E-03  0.000E+00
  1.228  0.014000  0.400    1.228    0.6160    3.7812    3.7812    3.2099    3.2826    0.0349    0.5381    0.3048  1.293E+11  1.0000   3.989  0.316E-05      4.14      0.00      0.00  0.0000   0.000   0.000  0.0000  0.716E+00  0.269E+00  0.205E-02  0.972E-04  0.848E-03  0.570E-02  0.229E-05  0.125E-04  0.187E-02  0.151E-03  0.000E+00
  1.236  0.014000  0.400    1.236    0.6375    3.7788    3.7788    3.1563    3.2344    0.0387    0.5470    0.3119  1.340E+11  1.0000   3.961  0.317E-05      4.28      0.00      0.00  0.0000   0.000   0.000  0.0000  0.715E+00  0.269E+00  0.204E-02  0.101E-03  0.861E-03  0.571E-02  0.230E-05  0.125E-04  0.187E-02  0.152E-03  0.000E+00
  1.240  0.014000  0.400    1.240    0.6480    3.7772    3.7772    3.1301    3.2128    0.0440    0.5531    0.3168  1.367E+11  1.0000   3.945  0.317E-05      4.36      0.00      0.00  0.0000   0.000   0.000  0.0000  0.715E+00  0.270E+00  0.203E-02  0.102E-03  0.868E-03  0.571E-02  0.230E-05  0.125E-04  0.187E-02  0.152E-03  0.000E+00
  1.243  0.014000  0.400    1.243    0.6580    3.7748    3.7748    3.1049    3.1959    0.0561    0.5627    0.3244  1.398E+11  1.0000   3.926  0.316E-05      4.43      0.00      0.00  0.0000   0.000   0.000  0.0000  0.715E+00  0.270E+00  0.203E-02  0.104E-03  0.875E-03  0.571E-02  0.230E-05  0.125E-04  0.188E-02  0.152E-03  0.000E+00
  1.245  0.014000  0.400    1.245    0.6629    3.7734    3.7734    3.0928    3.1886    0.0631    0.5682    0.3287  1.415E+11  1.0000   3.917  0.315E-05      4.47      0.00      0.00  0.0000   0.000   0.000  0.0000  0.715E+00  0.270E+00  0.202E-02  0.105E-03  0.878E-03  0.571E-02  0.230E-05  0.125E-04  0.188E-02  0.152E-03  0.000E+00
  1.247  0.014000  0.400    1.247    0.6674    3.7718    3.7718    3.0814    3.1826    0.0710    0.5744    0.3336  1.433E+11  1.0000   3.907  0.314E-05      4.50      0.00      0.00  0.0000   0.000   0.000  0.0000  0.714E+00  0.270E+00  0.202E-02  0.106E-03  0.881E-03  0.572E-02  0.230E-05  0.125E-04  0.188E-02  0.152E-03  0.000E+00
  1.249  0.014000  0.400    1.249    0.6717    3.7700    3.7700    3.0708    3.1770    0.0815    0.5817    0.3392  1.452E+11  1.0000   3.896  0.313E-05      4.55      0.00      0.00  0.0000   0.000   0.000  0.0000  0.714E+00  0.271E+00  0.202E-02  0.107E-03  0.885E-03  0.572E-02  0.231E-05  0.125E-04  0.188E-02  0.152E-03  0.000E+00
  1.251  0.014000  0.400    1.251    0.6754    3.7679    3.7679    3.0615    3.1724    0.0959    0.5910    0.3464  1.472E+11  1.0000   3.884  0.311E-05      4.59      0.00      0.00  0.0000   0.000   0.000  0.0000  0.714E+00  0.271E+00  0.201E-02  0.107E-03  0.888E-03  0.572E-02  0.231E-05  0.125E-04  0.188E-02  0.152E-03  0.000E+00
  1.252  0.014000  0.400    1.252    0.6769    3.7666    3.7666    3.0578    3.1715    0.1047    0.5967    0.3508  1.484E+11  1.0000   3.878  0.310E-05      4.60      0.00      0.00  0.0000   0.000   0.000  0.0000  0.714E+00  0.271E+00  0.201E-02  0.107E-03  0.889E-03  0.572E-02  0.231E-05  0.125E-04  0.188E-02  0.152E-03  0.000E+00
  1.253  0.014000  0.400    1.253    0.6781    3.7652    3.7652    3.0547    3.1713    0.1141    0.6029    0.3555  1.496E+11  1.0000   3.871  0.309E-05      4.61      0.00      0.00  0.0000   0.000   0.000  0.0000  0.714E+00  0.271E+00  0.201E-02  0.107E-03  0.889E-03  0.572E-02  0.231E-05  0.125E-04  0.188E-02  0.152E-03  0.000E+00
  1.254  0.014000  0.400    1.254    0.6790    3.7636    3.7636    3.0525    3.1722    0.1242    0.6095    0.3606  1.508E+11  1.0000   3.865  0.307E-05      4.64      0.00      0.00  0.0000   0.000   0.000  0.0000  0.714E+00  0.271E+00  0.201E-02  0.107E-03  0.890E-03  0.572E-02  0.231E-05  0.125E-04  0.188E-02  0.152E-03  0.000E+00
  1.254  0.014000  0.400    1.254    0.6795    3.7620    3.7620    3.0513    3.1741    0.1350    0.6167    0.3662  1.520E+11  1.0000   3.858  0.305E-05      4.64      0.00      0.00  0.0000   0.000   0.000  0.0000  0.714E+00  0.271E+00  0.201E-02  0.108E-03  0.891E-03  0.572E-02  0.231E-05  0.125E-04  0.188E-02  0.152E-03  0.000E+00
  1.255  0.014000  0.400    1.255    0.6795    3.7603    3.7603    3.0513    3.1774    0.1464    0.6244    0.3722  1.532E+11  1.0000   3.851  0.304E-05      4.66      0.00      0.00  0.0000   0.000   0.000  0.0000  0.714E+00  0.271E+00  0.201E-02  0.108E-03  0.892E-03  0.572E-02  0.231E-05  0.125E-04  0.188E-02  0.152E-03  0.000E+00
  1.256  0.014000  0.400    1.256    0.6789    3.7585    3.7585    3.0528    3.1821    0.1580    0.6323    0.3783  1.544E+11  1.0000   3.845  0.302E-05      4.66      0.00      0.00  0.0000   0.000   0.000  0.0000  0.714E+00  0.271E+00  0.201E-02  0.108E-03  0.893E-03  0.572E-02  0.231E-05  0.125E-04  0.188E-02  0.152E-03  0.000E+00
  1.257  0.014000  0.400    1.257    0.6776    3.7567    3.7567    3.0559    3.1884    0.1695    0.6402    0.3844  1.554E+11  1.0000   3.840  0.301E-05      4.68      0.00      0.00  0.0000   0.000   0.000  0.0000  0.714E+00  0.271E+00  0.201E-02  0.108E-03  0.894E-03  0.572E-02  0.231E-05  0.125E-04  0.188E-02  0.152E-03  0.000E+00
  1.258  0.014000  0.400    1.258    0.6766    3.7555    3.7555    3.0586    3.1932    0.1776    0.6458    0.3888  1.561E+11  1.0000   3.836  0.300E-05      4.68      0.00      0.00  0.0000   0.000   0.000  0.0000  0.714E+00  0.271E+00  0.201E-02  0.108E-03  0.895E-03  0.572E-02  0.231E-05  0.125E-04  0.188E-02  0.152E-03  0.000E+00
  1.258  0.014000  0.400    1.258    0.6752    3.7541    3.7541    3.0620    3.1988    0.1865    0.6520    0.3936  1.568E+11  1.0000   3.832  0.298E-05      4.68      0.00      0.00  0.0000   0.000   0.000  0.0000  0.714E+00  0.271E+00  0.201E-02  0.108E-03  0.896E-03  0.572E-02  0.231E-05  0.125E-04  0.188E-02  0.152E-03  0.000E+00
  1.259  0.014000  0.400    1.259    0.6737    3.7527    3.7527    3.0658    3.2049    0.1958    0.6584    0.3987  1.576E+11  1.0000   3.828  0.297E-05      4.68      0.00      0.00  0.0000   0.000   0.000  0.0000  0.714E+00  0.271E+00  0.201E-02  0.108E-03  0.896E-03  0.572E-02  0.231E-05  0.125E-04  0.188E-02  0.152E-03  0.000E+00
  1.259  0.014000  0.400    1.259    0.6717    3.7512    3.7512    3.0707    3.2123    0.2058    0.6655    0.4042  1.583E+11  1.0000   3.824  0.295E-05      4.68      0.00      0.00  0.0000   0.000   0.000  0.0000  0.714E+00  0.271E+00  0.201E-02  0.108E-03  0.897E-03  0.572E-02  0.231E-05  0.125E-04  0.188E-02  0.152E-03  0.000E+00
  1.260  0.014000  0.400    1.260    0.6696    3.7496    3.7496    3.0761    3.2199    0.2161    0.6727    0.4099  1.591E+11  1.0000   3.820  0.294E-05      4.68      0.00      0.00  0.0000   0.000   0.000  0.0000  0.714E+00  0.271E+00  0.201E-02  0.108E-03  0.898E-03  0.572E-02  0.231E-05  0.125E-04  0.188E-02  0.152E-03  0.000E+00
  1.260  0.014000  0.400    1.260    0.6669    3.7480    3.7480    3.0829    3.2291    0.2268    0.6803    0.4159  1.598E+11  1.0000   3.816  0.292E-05      4.67      0.00      0.00  0.0000   0.000   0.000  0.0000  0.714E+00  0.271E+00  0.200E-02  0.108E-03  0.899E-03  0.572E-02  0.231E-05  0.125E-04  0.188E-02  0.152E-03  0.000E+00
  1.261  0.014000  0.400    1.261    0.6640    3.7463    3.7463    3.0900    3.2390    0.2384    0.6881    0.4220  1.605E+11  1.0000   3.812  0.291E-05      4.67      0.00      0.00  0.0000   0.000   0.000  0.0000  0.714E+00  0.271E+00  0.200E-02  0.108E-03  0.900E-03  0.572E-02  0.231E-05  0.125E-04  0.188E-02  0.152E-03  0.000E+00
  1.261  0.014000  0.400    1.261    0.6604    3.7444    3.7444    3.0989    3.2512    0.2526    0.6968    0.4289  1.613E+11  1.0000   3.809  0.289E-05      4.66      0.00      0.00  0.0000   0.000   0.000  0.0000  0.714E+00  0.271E+00  0.200E-02  0.109E-03  0.901E-03  0.572E-02  0.231E-05  0.125E-04  0.188E-02  0.152E-03  0.000E+00
  1.261  0.014000  0.400    1.261    0.6565    3.7424    3.7424    3.1087    3.2643    0.2675    0.7057    0.4360  1.620E+11  1.0000   3.805  0.287E-05      4.65      0.00      0.00  0.0000   0.000   0.000  0.0000  0.714E+00  0.271E+00  0.200E-02  0.109E-03  0.902E-03  0.572E-02  0.232E-05  0.125E-04  0.188E-02  0.152E-03  0.000E+00
  1.262  0.014000  0.400    1.262    0.6523    3.7404    3.7404    3.1191    3.2781    0.2829    0.7150    0.4434  1.627E+11  1.0000   3.801  0.285E-05      4.63      0.00      0.00  0.0000   0.000   0.000  0.0000  0.714E+00  0.271E+00  0.200E-02  0.109E-03  0.903E-03  0.572E-02  0.232E-05  0.125E-04  0.188E-02  0.152E-03  0.000E+00
  1.262  0.014000  0.400    1.262    0.6479    3.7384    3.7384    3.1302    3.2925    0.2981    0.7247    0.4510  1.634E+11  1.0000   3.798  0.283E-05      4.61      0.00      0.00  0.0000   0.000   0.000  0.0000  0.714E+00  0.271E+00  0.200E-02  0.109E-03  0.905E-03  0.572E-02  0.232E-05  0.125E-04  0.188E-02  0.152E-03  0.000E+00
  1.263  0.014000  0.400    1.263    0.6434    3.7365    3.7365    3.1416    3.3071    0.3134    0.7344    0.4588  1.640E+11  1.0000   3.795  0.280E-05      4.60      0.00      0.00  0.0000   0.000   0.000  0.0000  0.714E+00  0.271E+00  0.200E-02  0.109E-03  0.906E-03  0.572E-02  0.232E-05  0.125E-04  0.188E-02  0.152E-03  0.000E+00
  1.263  0.014000  0.400    1.263    0.6406    3.7354    3.7354    3.1485    3.3158    0.3220    0.7398    0.4631  1.643E+11  1.0000   3.793  0.279E-05      4.59      0.00      0.00  0.0000   0.000   0.000  0.0000  0.714E+00  0.271E+00  0.200E-02  0.109E-03  0.907E-03  0.572E-02  0.232E-05  0.124E-04  0.188E-02  0.152E-03  0.000E+00
  1.263  0.014000  0.400    1.263    0.6378    3.7343    3.7343    3.1555    3.3246    0.3307    0.7452    0.4674  1.646E+11  1.0000   3.792  0.278E-05      4.58      0.00      0.00  0.0000   0.000   0.000  0.0000  0.714E+00  0.271E+00  0.200E-02  0.109E-03  0.908E-03  0.572E-02  0.232E-05  0.124E-04  0.188E-02  0.152E-03  0.000E+00
  1.264  0.014000  0.400    1.264    0.6350    3.7332    3.7332    3.1625    3.3333    0.3396    0.7506    0.4717  1.649E+11  1.0000   3.790  0.277E-05      4.56      0.00      0.00  0.0000   0.000   0.000  0.0000  0.714E+00  0.271E+00  0.199E-02  0.110E-03  0.909E-03  0.572E-02  0.232E-05  0.124E-04  0.188E-02  0.152E-03  0.000E+00
  1.264  0.014000  0.400    1.264    0.6321    3.7321    3.7321    3.1697    3.3423    0.3485    0.7560    0.4760  1.652E+11  1.0000   3.789  0.276E-05      4.55      0.00      0.00  0.0000   0.000   0.000  0.0000  0.714E+00  0.271E+00  0.199E-02  0.110E-03  0.910E-03  0.572E-02  0.232E-05  0.124E-04  0.188E-02  0.152E-03  0.000E+00
  1.264  0.014000  0.400    1.264    0.6292    3.7310    3.7310    3.1771    3.3515    0.3576    0.7614    0.4804  1.655E+11  1.0000   3.787  0.275E-05      4.53      0.00      0.00  0.0000   0.000   0.000  0.0000  0.714E+00  0.271E+00  0.199E-02  0.110E-03  0.911E-03  0.572E-02  0.232E-05  0.124E-04  0.188E-02  0.152E-03  0.000E+00
  1.264  0.014000  0.400    1.264    0.6262    3.7299    3.7299    3.1845    3.3607    0.3667    0.7669    0.4847  1.657E+11  1.0000   3.786  0.273E-05      4.52      0.00      0.00  0.0000   0.000   0.000  0.0000  0.714E+00  0.271E+00  0.199E-02  0.110E-03  0.912E-03  0.572E-02  0.232E-05  0.124E-04  0.188E-02  0.152E-03  0.000E+00
  1.264  0.014000  0.400    1.264    0.6232    3.7288    3.7288    3.1920    3.3699    0.3759    0.7722    0.4891  1.660E+11  1.0000   3.785  0.272E-05      4.50      0.00      0.00  0.0000   0.000   0.000  0.0000  0.714E+00  0.271E+00  0.199E-02  0.110E-03  0.914E-03  0.572E-02  0.232E-05  0.124E-04  0.188E-02  0.152E-03  0.000E+00
  1.265  0.014000  0.400    1.265    0.6201    3.7276    3.7276    3.1999    3.3796    0.3862    0.7781    0.4939  1.663E+11  1.0000   3.783  0.270E-05      4.48      0.00      0.00  0.0000   0.000   0.000  0.0000  0.714E+00  0.271E+00  0.199E-02  0.110E-03  0.915E-03  0.572E-02  0.232E-05  0.124E-04  0.188E-02  0.152E-03  0.000E+00
  1.265  0.014000  0.400    1.265    0.6169    3.7263    3.7263    3.2078    3.3894    0.3966    0.7841    0.4987  1.667E+11  1.0000   3.781  0.268E-05      4.46      0.00      0.00  0.0000   0.000   0.000  0.0000  0.714E+00  0.271E+00  0.199E-02  0.111E-03  0.917E-03  0.572E-02  0.232E-05  0.124E-04  0.188E-02  0.152E-03  0.000E+00
  1.265  0.014000  0.400    1.265    0.6137    3.7251    3.7251    3.2157    3.3991    0.4072    0.7900    0.5036  1.670E+11  1.0000   3.780  0.266E-05      4.43      0.00      0.00  0.0000   0.000   0.000  0.0000  0.714E+00  0.271E+00  0.199E-02  0.111E-03  0.918E-03  0.572E-02  0.232E-05  0.124E-04  0.188E-02  0.152E-03  0.000E+00
  1.265  0.014000  0.400    1.265    0.6106    3.7238    3.7238    3.2236    3.4089    0.4182    0.7960    0.5085  1.674E+11  1.0000   3.778  0.264E-05      4.41      0.00      0.00  0.0000   0.000   0.000  0.0000  0.714E+00  0.271E+00  0.198E-02  0.111E-03  0.920E-03  0.572E-02  0.233E-05  0.124E-04  0.188E-02  0.152E-03  0.000E+00
  1.266  0.014000  0.400    1.266    0.6074    3.7225    3.7225    3.2314    3.4192    0.4300    0.8023    0.5137  1.678E+11  1.0000   3.776  0.262E-05      4.38      0.00      0.00  0.0000   0.000   0.000  0.0000  0.714E+00  0.271E+00  0.198E-02  0.111E-03  0.922E-03  0.572E-02  0.233E-05  0.124E-04  0.188E-02  0.152E-03  0.000E+00
  1.266  0.014000  0.400    1.266    0.6043    3.7212    3.7212    3.2393    3.4295    0.4419    0.8086    0.5190  1.682E+11  1.0000   3.774  0.260E-05      4.36      0.00      0.00  0.0000   0.000   0.000  0.0000  0.713E+00  0.271E+00  0.198E-02  0.111E-03  0.923E-03  0.572E-02  0.233E-05  0.124E-04  0.188E-02  0.152E-03  0.000E+00
  1.266  0.014000  0.400    1.266    0.6011    3.7199    3.7199    3.2471    3.4398    0.4540    0.8148    0.5242  1.686E+11  1.0000   3.772  0.258E-05      4.33      0.00      0.00  0.0000   0.000   0.000  0.0000  0.713E+00  0.271E+00  0.198E-02  0.112E-03  0.925E-03  0.572E-02  0.233E-05  0.124E-04  0.188E-02  0.152E-03  0.000E+00
  1.266  0.014000  0.400    1.266    0.5982    3.7185    3.7185    3.2546    3.4498    0.4672    0.8214    0.5298  1.691E+11  1.0000   3.769  0.255E-05      4.29      0.00      0.00  0.0000   0.000   0.000  0.0000  0.713E+00  0.271E+00  0.198E-02  0.112E-03  0.927E-03  0.572E-02  0.233E-05  0.124E-04  0.188E-02  0.152E-03  0.000E+00
  1.267  0.014000  0.400    1.267    0.5952    3.7172    3.7172    3.2620    3.4598    0.4806    0.8280    0.5354  1.696E+11  1.0000   3.767  0.252E-05      4.26      0.00      0.00  0.0000   0.000   0.000  0.0000  0.713E+00  0.271E+00  0.197E-02  0.112E-03  0.929E-03  0.572E-02  0.233E-05  0.124E-04  0.188E-02  0.152E-03  0.000E+00
  1.267  0.014000  0.400    1.267    0.5922    3.7158    3.7158    3.2694    3.4698    0.4941    0.8346    0.5410  1.701E+11  1.0000   3.764  0.250E-05      4.23      0.00      0.00  0.0000   0.000   0.000  0.0000  0.713E+00  0.272E+00  0.197E-02  0.112E-03  0.932E-03  0.572E-02  0.233E-05  0.124E-04  0.188E-02  0.152E-03  0.000E+00
  1.267  0.014000  0.400    1.267    0.5895    3.7144    3.7144    3.2763    3.4792    0.5079    0.8412    0.5467  1.706E+11  1.0000   3.762  0.247E-05      4.19      0.00      0.00  0.0000   0.000   0.000  0.0000  0.713E+00  0.272E+00  0.197E-02  0.113E-03  0.934E-03  0.572E-02  0.233E-05  0.124E-04  0.188E-02  0.152E-03  0.000E+00
  1.267  0.014000  0.400    1.267    0.5869    3.7130    3.7130    3.2827    3.4880    0.5219    0.8477    0.5524  1.712E+11  1.0000   3.759  0.244E-05      4.15      0.00      0.00  0.0000   0.000   0.000  0.0000  0.713E+00  0.272E+00  0.197E-02  0.113E-03  0.936E-03  0.572E-02  0.234E-05  0.124E-04  0.188E-02  0.152E-03  0.000E+00
  1.267  0.014000  0.400    1.267    0.5844    3.7116    3.7116    3.2891    3.4968    0.5361    0.8543    0.5582  1.718E+11  1.0000   3.756  0.240E-05      4.11      0.00      0.00  0.0000   0.000   0.000  0.0000  0.713E+00  0.272E+00  0.197E-02  0.113E-03  0.938E-03  0.572E-02  0.234E-05  0.124E-04  0.188E-02  0.152E-03  0.000E+00
  1.268  0.014000  0.400    1.268    0.5819    3.7102    3.7102    3.2952    3.5052    0.5502    0.8607    0.5638  1.724E+11  1.0000   3.753  0.237E-05      4.07      0.00      0.00  0.0000   0.000   0.000  0.0000  0.713E+00  0.272E+00  0.196E-02  0.113E-03  0.941E-03  0.572E-02  0.234E-05  0.124E-04  0.188E-02  0.152E-03  0.000E+00
  1.268  0.014000  0.400    1.268    0.5803    3.7091    3.7091    3.2993    3.5112    0.5626    0.8661    0.5687  1.730E+11  1.0000   3.750  0.234E-05      4.02      0.00      0.00  0.0000   0.000   0.000  0.0000  0.713E+00  0.272E+00  0.196E-02  0.114E-03  0.944E-03  0.572E-02  0.234E-05  0.124E-04  0.188E-02  0.152E-03  0.000E+00
  1.268  0.014000  0.400    1.268    0.5787    3.7079    3.7079    3.3033    3.5172    0.5751    0.8716    0.5737  1.736E+11  1.0000   3.747  0.231E-05      3.98      0.00      0.00  0.0000   0.000   0.000  0.0000  0.713E+00  0.272E+00  0.196E-02  0.114E-03  0.946E-03  0.572E-02  0.234E-05  0.124E-04  0.188E-02  0.152E-03  0.000E+00
  1.268  0.014000  0.400    1.268    0.5770    3.7067    3.7067    3.3074    3.5250    0.5844    0.8768    0.5779  1.743E+11  1.0000   3.744  0.228E-05      3.94      0.00      0.00  0.0000   0.000   0.000  0.0000  0.713E+00  0.272E+00  0.196E-02  0.114E-03  0.949E-03  0.572E-02  0.235E-05  0.123E-04  0.188E-02  0.152E-03  0.000E+00
  1.269  0.014000  0.400    1.269    0.5761    3.7056    3.7056    3.3099    3.5316    0.5931    0.8818    0.5819  1.749E+11  1.0000   3.741  0.224E-05      3.89      0.00      0.00  0.0000   0.000   0.000  0.0000  0.713E+00  0.272E+00  0.195E-02  0.115E-03  0.952E-03  0.572E-02  0.235E-05  0.123E-04  0.188E-02  0.152E-03  0.000E+00
  1.269  0.014000  0.400    1.269    0.5753    3.7046    3.7046    3.3118    3.5388    0.6022    0.8870    0.5861  1.756E+11  1.0000   3.737  0.221E-05      3.85      0.00      0.00  0.0000   0.000   0.000  0.0000  0.713E+00  0.272E+00  0.195E-02  0.115E-03  0.955E-03  0.572E-02  0.235E-05  0.123E-04  0.188E-02  0.152E-03  0.000E+00
  1.269  0.014000  0.400    1.269    0.5745    3.7036    3.7036    3.3138    3.5459    0.6113    0.8922    0.5903  1.763E+11  1.0000   3.734  0.217E-05      3.80      0.00      0.00  0.0000   0.000   0.000  0.0000  0.713E+00  0.272E+00  0.195E-02  0.115E-03  0.958E-03  0.572E-02  0.235E-05  0.123E-04  0.188E-02  0.152E-03  0.000E+00
  1.270  0.014000  0.400    1.270    0.5740    3.7016    3.7016    3.3150    3.5568    0.6282    0.9018    0.5980  1.778E+11  1.0000   3.727  0.211E-05      3.72      0.00      0.00  0.0000   0.000   0.000  0.0000  0.712E+00  0.272E+00  0.194E-02  0.116E-03  0.965E-03  0.572E-02  0.236E-05  0.123E-04  0.188E-02  0.152E-03  0.000E+00
  1.270  0.014000  0.400    1.270    0.5745    3.6999    3.6999    3.3137    3.5643    0.6436    0.9107    0.6052  1.793E+11  1.0000   3.720  0.204E-05      3.63      0.00      0.00  0.0000   0.000   0.000  0.0000  0.712E+00  0.273E+00  0.193E-02  0.116E-03  0.972E-03  0.572E-02  0.237E-05  0.123E-04  0.188E-02  0.152E-03  0.000E+00
  1.271  0.014000  0.400    1.271    0.5770    3.6984    3.6984    3.3074    3.5652    0.6561    0.9178    0.6109  1.810E+11  1.0000   3.712  0.197E-05      3.55      0.00      0.00  0.0000 -24.759   0.000  0.0000  0.712E+00  0.273E+00  0.193E-02  0.117E-03  0.981E-03  0.572E-02  0.238E-05  0.123E-04  0.188E-02  0.152E-03  0.000E+00
  1.271  0.014000  0.400    1.271    0.5795    3.6970    3.6970    3.3012    3.5657    0.6716    0.9250    0.6167  1.827E+11  1.0000   3.703  0.191E-05      3.46      0.00      0.00  0.0000 -18.875   0.000  0.0000  0.712E+00  0.273E+00  0.192E-02  0.118E-03  0.989E-03  0.572E-02  0.239E-05  0.122E-04  0.188E-02  0.152E-03  0.000E+00
  1.271  0.014000  0.400    1.271    0.5831    3.6957    3.6957    3.2923    3.5627    0.6865    0.9313    0.6218  1.846E+11  1.0000   3.695  0.185E-05      3.38      0.00      0.00  0.0000 -16.281   0.000  0.0000  0.712E+00  0.273E+00  0.191E-02  0.118E-03  0.998E-03  0.572E-02  0.240E-05  0.122E-04  0.188E-02  0.152E-03  0.000E+00
  1.272  0.014000  0.400    1.272    0.5875    3.6946    3.6946    3.2813    3.5570    0.6998    0.9371    0.6264  1.865E+11  1.0000   3.686  0.179E-05      3.31      0.00      0.00  0.0000 -16.372   0.000  0.0000  0.711E+00  0.273E+00  0.190E-02  0.119E-03  0.101E-02  0.572E-02  0.241E-05  0.122E-04  0.188E-02  0.152E-03  0.000E+00
  1.273  0.014000  0.400    1.273    0.5982    3.6927    3.6927    3.2546    3.5391    0.7224    0.9467    0.6342  1.905E+11  1.0000   3.668  0.168E-05      3.17      0.00      0.00  0.0000 -14.526   0.000  0.0000  0.711E+00  0.274E+00  0.188E-02  0.120E-03  0.103E-02  0.572E-02  0.245E-05  0.121E-04  0.188E-02  0.152E-03  0.000E+00
  1.274  0.014000  0.400    1.274    0.6106    3.6909    3.6909    3.2234    3.5157    0.7423    0.9553    0.6410  1.948E+11  1.0000   3.649  0.158E-05      3.05      0.00      0.00  0.0000 -11.748   0.000  0.0000  0.710E+00  0.274E+00  0.186E-02  0.121E-03  0.105E-02  0.572E-02  0.249E-05  0.121E-04  0.188E-02  0.152E-03  0.000E+00
  1.275  0.014000  0.400    1.275    0.6241    3.6891    3.6891    3.1898    3.4907    0.7643    0.9647    0.6486  1.995E+11  1.0000   3.628  0.148E-05      2.93      0.00      0.00  0.0000 -11.722   0.000  0.0000  0.710E+00  0.275E+00  0.184E-02  0.122E-03  0.107E-02  0.572E-02  0.254E-05  0.120E-04  0.188E-02  0.152E-03  0.000E+00
  1.276  0.014000  0.400    1.276    0.6407    3.6880    3.6880    3.1482    3.4543    0.7772    0.9702    0.6531  2.044E+11  1.0000   3.608  0.139E-05      2.84      0.00      0.00  0.0000 -11.696   0.000  0.0000  0.709E+00  0.276E+00  0.182E-02  0.123E-03  0.110E-02  0.572E-02  0.262E-05  0.119E-04  0.188E-02  0.152E-03  0.000E+00
  1.277  0.014000  0.400    1.276    0.6576    3.6864    3.6864    3.1060    3.4191    0.7951    0.9779    0.6592  2.099E+11  1.0000   3.585  0.131E-05      2.74      0.00      0.00  0.0000 -11.669   0.000  0.0000  0.708E+00  0.277E+00  0.179E-02  0.124E-03  0.113E-02  0.572E-02  0.272E-05  0.118E-04  0.188E-02  0.152E-03  0.000E+00
  1.277  0.014000  0.400    1.277    0.6758    3.6851    3.6851    3.0605    3.3797    0.8107    0.9846    0.6646  2.157E+11  1.0000   3.562  0.124E-05      2.65      0.00      0.00  0.0000 -11.640   0.000  0.0000  0.707E+00  0.278E+00  0.176E-02  0.124E-03  0.117E-02  0.572E-02  0.285E-05  0.117E-04  0.188E-02  0.152E-03  0.000E+00
  1.278  0.014000  0.400    1.278    0.6956    3.6841    3.6841    3.0111    3.3350    0.8226    0.9897    0.6687  2.217E+11  1.0000   3.538  0.117E-05      2.57      0.00      0.00  0.0000 -11.609   0.000  0.0000  0.706E+00  0.279E+00  0.173E-02  0.125E-03  0.121E-02  0.572E-02  0.301E-05  0.116E-04  0.188E-02  0.152E-03  0.000E+00
  1.280  0.014000  0.400    1.280    0.7402    3.6826    3.6826    2.8996    3.2303    0.8399    0.9971    0.6747  2.350E+11  1.0000   3.488  0.102E-05      2.41      0.00      0.00  0.0000 -11.540   0.000  0.0000  0.703E+00  0.281E+00  0.166E-02  0.124E-03  0.129E-02  0.572E-02  0.346E-05  0.113E-04  0.188E-02  0.152E-03  0.000E+00
  1.282  0.014000  0.400    1.282    0.7896    3.6809    3.6809    2.7761    3.1146    0.8600    1.0057    0.6816  2.507E+11  1.0000   3.433  0.906E-06      2.25      0.00      0.00  0.0000 -11.462   0.000  0.0000  0.701E+00  0.284E+00  0.159E-02  0.122E-03  0.137E-02  0.572E-02  0.411E-05  0.109E-04  0.188E-02  0.152E-03  0.000E+00
  1.283  0.014000  0.400    1.283    0.8162    3.6800    3.6800    2.7094    3.0520    0.8702    1.0101    0.6851  2.596E+11  1.0000   3.403  0.825E-06      2.17      0.00      0.00  0.0000 -11.421   0.000  0.0000  0.699E+00  0.286E+00  0.156E-02  0.121E-03  0.141E-02  0.572E-02  0.450E-05  0.108E-04  0.188E-02  0.152E-03  0.000E+00
  1.285  0.014000  0.400    1.284    0.8768    3.6787    3.6787    2.5581    2.9065    0.8852    1.0165    0.6903  2.800E+11  1.0000   3.338  0.724E-06      2.01      0.00      0.00  0.0000 -11.329   0.000  0.0000  0.697E+00  0.288E+00  0.150E-02  0.118E-03  0.148E-02  0.571E-02  0.541E-05  0.105E-04  0.188E-02  0.152E-03  0.000E+00
  1.286  0.014000  0.400    1.285    0.9097    3.6774    3.6774    2.4757    2.8302    0.9005    1.0231    0.6956  2.925E+11  1.0000   3.300  0.669E-06      1.94      0.00      0.00  0.0000 -11.278   0.000  0.0000  0.695E+00  0.290E+00  0.147E-02  0.117E-03  0.151E-02  0.571E-02  0.613E-05  0.103E-04  0.188E-02  0.152E-03  0.000E+00
  1.287  0.014000  0.400    1.286    0.9482    3.6761    3.6761    2.3796    2.7400    0.9157    1.0296    0.7008  3.076E+11  1.0000   3.256  0.607E-06      1.84      0.00      0.00  0.0000 -11.220   0.000  0.0000  0.694E+00  0.291E+00  0.145E-02  0.115E-03  0.154E-02  0.571E-02  0.695E-05  0.102E-04  0.188E-02  0.152E-03  0.000E+00
  1.288  0.014000  0.400    1.287    0.9904    3.6745    3.6745    2.2741    2.6416    0.9337    1.0373    0.7070  3.252E+11  1.0000   3.208  0.546E-06      1.75      0.00      0.00  0.0000 -11.152   0.000  0.0000  0.692E+00  0.293E+00  0.143E-02  0.114E-03  0.157E-02  0.571E-02  0.777E-05  0.101E-04  0.188E-02  0.152E-03  0.000E+00
  1.289  0.014000  0.400    1.288    1.0329    3.6729    3.6729    2.1678    2.5435    0.9504    1.0457    0.7137  3.442E+11  1.0000   3.159  0.489E-06      1.66      0.00      0.00  0.0000 -11.081   0.000  0.0000  0.691E+00  0.294E+00  0.141E-02  0.112E-03  0.159E-02  0.571E-02  0.852E-05  0.995E-05  0.188E-02  0.152E-03  0.000E+00
  1.290  0.014000  0.400    1.289    1.0737    3.6715    3.6715    2.0658    2.4485    0.9633    1.0527    0.7194  3.631E+11  1.0000   3.113  0.436E-06      1.58      0.00      0.00  0.0000 -11.019   0.000  0.0000  0.690E+00  0.295E+00  0.140E-02  0.111E-03  0.161E-02  0.571E-02  0.924E-05  0.986E-05  0.188E-02  0.152E-03  0.000E+00
  1.291  0.014000  0.400    1.289    1.1191    3.6698    3.6698    1.9522    2.3434    0.9788    1.0611    0.7262  3.856E+11  1.0000   3.061  0.388E-06      1.49      0.00      0.00  0.0000 -10.949   0.000  0.0000  0.690E+00  0.295E+00  0.139E-02  0.111E-03  0.162E-02  0.571E-02  0.985E-05  0.980E-05  0.188E-02  0.152E-03  0.000E+00
  1.291  0.014000  0.400    1.290    1.1448    3.6688    3.6688    1.8879    2.2840    0.9879    1.0661    0.7302  3.990E+11  1.0000   3.032  0.364E-06      1.44      0.00      0.00  0.0000 -10.908   0.000  0.0000  0.689E+00  0.296E+00  0.139E-02  0.110E-03  0.162E-02  0.571E-02  0.102E-04  0.977E-05  0.188E-02  0.152E-03  0.000E+00
  1.291  0.014000  0.400    1.290    1.1718    3.6677    3.6677    1.8205    2.2219    0.9975    1.0714    0.7345  4.136E+11  1.0000   3.001  0.340E-06      1.40      0.00      0.00  0.0000 -10.866   0.000  0.0000  0.689E+00  0.296E+00  0.138E-02  0.110E-03  0.163E-02  0.571E-02  0.106E-04  0.974E-05  0.188E-02  0.152E-03  0.000E+00
  1.292  0.014000  0.400    1.291    1.2034    3.6663    3.6663    1.7415    2.1502    1.0110    1.0787    0.7404  4.318E+11  1.0000   2.963  0.315E-06      1.35      0.00      0.00  0.0000 -10.814   0.000  0.0000  0.688E+00  0.297E+00  0.138E-02  0.110E-03  0.164E-02  0.571E-02  0.109E-04  0.971E-05  0.188E-02  0.152E-03  0.000E+00
