  0.800  0.014000  0.000    0.800   -0.4984    3.6950    3.6950    5.9959    6.3597    0.4548    0.9198    0.5739  5.331E+10  1.0000   4.572  0.000E+00      0.00      0.00      0.00  0.0000   0.000   0.000  0.0000  0.751E+00  0.236E+00  0.208E-02  0.250E-04  0.604E-03  0.526E-02  0.207E-05  0.117E-04  0.174E-02  0.139E-03  0.000E+00
  0.804  0.014000  0.000    0.804   -0.4868    3.6967    3.6967    5.9669    6.3251    0.4466    0.9116    0.5687  5.362E+10  1.0000   4.569  0.000E+00      0.00      0.00      0.00  0.0000   0.000   0.000  0.0000  0.751E+00  0.236E+00  0.208E-02  0.250E-04  0.603E-03  0.526E-02  0.207E-05  0.117E-04  0.174E-02  0.139E-03  0.000E+00
  0.807  0.014000  0.000    0.807   -0.4751    3.6983    3.6983    5.9378    6.2904    0.4384    0.9034    0.5634  5.394E+10  1.0000   4.566  0.000E+00      0.00      0.00      0.00  0.0000   0.000   0.000  0.0000  0.752E+00  0.235E+00  0.208E-02  0.250E-04  0.603E-03  0.525E-02  0.207E-05  0.117E-04  0.174E-02  0.139E-03  0.000E+00
  0.811  0.014000  0.000    0.811   -0.4635    3.6999    3.6999    5.9088    6.2559    0.4303    0.8955    0.5584  5.426E+10  1.0000   4.563  0.000E+00      0.00      0.00      0.00  0.0000   0.000   0.000  0.0000  0.752E+00  0.235E+00  0.208E-02  0.249E-04  0.602E-03  0.525E-02  0.207E-05  0.117E-04  0.173E-02  0.139E-03  0.000E+00
  0.815  0.014000  0.000    0.815   -0.4519    3.7016    3.7016    5.8798    6.2213    0.4222    0.8878    0.5535  5.458E+10  1.0000   4.560  0.000E+00      0.00      0.00      0.00  0.0000   0.000   0.000  0.0000  0.752E+00  0.235E+00  0.207E-02  0.249E-04  0.602E-03  0.524E-02  0.206E-05  0.117E-04  0.173E-02  0.139E-03  0.000E+00
  0.819  0.014000  0.000    0.819   -0.4403    3.7032    3.7032    5.8509    6.1869    0.4141    0.8801    0.5486  5.490E+10  1.0000   4.557  0.000E+00      0.00      0.00      0.00  0.0000   0.000   0.000  0.0000  0.752E+00  0.234E+00  0.207E-02  0.249E-04  0.601E-03  0.524E-02  0.206E-05  0.117E-04  0.173E-02  0.139E-03  0.000E+00
  0.822  0.014000  0.000    0.822   -0.4288    3.7048    3.7048    5.8219    6.1524    0.4061    0.8725    0.5437  5.523E+10  1.0000   4.554  0.000E+00      0.00      0.00      0.00  0.0000   0.000   0.000  0.0000  0.753E+00  0.234E+00  0.207E-02  0.249E-04  0.600E-03  0.523E-02  0.206E-05  0.116E-04  0.173E-02  0.138E-03  0.000E+00
  0.826  0.014000  0.000    0.826   -0.4172    3.7064    3.7064    5.7929    6.1179    0.3981    0.8648    0.5387  5.556E+10  1.0000   4.551  0.000E+00      0.00      0.00      0.00  0.0000   0.000   0.000  0.0000  0.753E+00  0.234E+00  0.207E-02  0.248E-04  0.600E-03  0.523E-02  0.206E-05  0.116E-04  0.173E-02  0.138E-03  0.000E+00
  0.830  0.014000  0.000    0.830   -0.4056    3.7080    3.7080    5.7639    6.0834    0.3900    0.8572    0.5338  5.589E+10  1.0000   4.547  0.000E+00      0.00      0.00      0.00  0.0000   0.000   0.000  0.0000  0.753E+00  0.233E+00  0.207E-02  0.248E-04  0.599E-03  0.522E-02  0.206E-05  0.116E-04  0.173E-02  0.138E-03  0.000E+00
  0.834  0.014000  0.000    0.834   -0.3940    3.7096    3.7096    5.7350    6.0491    0.3822    0.8497    0.5289  5.623E+10  1.0000   4.544  0.000E+00      0.00      0.00      0.00  0.0000   0.000   0.000  0.0000  0.754E+00  0.233E+00  0.206E-02  0.248E-04  0.599E-03  0.522E-02  0.205E-05  0.116E-04  0.173E-02  0.138E-03  0.000E+00
  0.837  0.014000  0.000    0.837   -0.3824    3.7111    3.7111    5.7061    6.0148    0.3743    0.8422    0.5240  5.657E+10  1.0000   4.541  0.000E+00      0.00      0.00      0.00  0.0000   0.000   0.000  0.0000  0.754E+00  0.233E+00  0.206E-02  0.248E-04  0.598E-03  0.522E-02  0.205E-05  0.116E-04  0.172E-02  0.138E-03  0.000E+00
  0.841  0.014000  0.000    0.841   -0.3709    3.7127    3.7127    5.6772    5.9805    0.3665    0.8347    0.5192  5.692E+10  1.0000   4.537  0.000E+00      0.00      0.00      0.00  0.0000   0.000   0.000  0.0000  0.754E+00  0.232E+00  0.206E-02  0.247E-04  0.598E-03  0.521E-02  0.205E-05  0.116E-04  0.172E-02  0.138E-03  0.000E+00
  0.845  0.014000  0.000    0.845   -0.3593    3.7143    3.7143    5.6483    5.9463    0.3587    0.8273    0.5143  5.727E+10  1.0000   4.534  0.000E+00      0.00      0.00      0.00  0.0000   0.000   0.000  0.0000  0.755E+00  0.232E+00  0.206E-02  0.247E-04  0.597E-03  0.521E-02  0.205E-05  0.116E-04  0.172E-02  0.138E-03  0.000E+00
  0.848  0.014000  0.000    0.848   -0.3477    3.7158    3.7158    5.6194    5.9121    0.3510    0.8200    0.5095  5.763E+10  1.0000   4.530  0.000E+00      0.00      0.00      0.00  0.0000   0.000   0.000  0.0000  0.755E+00  0.232E+00  0.206E-02  0.247E-04  0.597E-03  0.520E-02  0.205E-05  0.116E-04  0.172E-02  0.138E-03  0.000E+00
  0.852  0.014000  0.000    0.852   -0.3362    3.7173    3.7173    5.5905    5.8780    0.3433    0.8127    0.5047  5.799E+10  1.0000   4.527  0.000E+00      0.00      0.00      0.00  0.0000   0.000   0.000  0.0000  0.755E+00  0.232E+00  0.205E-02  0.246E-04  0.596E-03  0.520E-02  0.204E-05  0.116E-04  0.172E-02  0.137E-03  0.000E+00
  0.856  0.014000  0.000    0.856   -0.3246    3.7188    3.7188    5.5615    5.8439    0.3358    0.8055    0.4999  5.836E+10  1.0000   4.523  0.000E+00      0.00      0.00      0.00  0.0000   0.000   0.000  0.0000  0.756E+00  0.231E+00  0.205E-02  0.246E-04  0.595E-03  0.519E-02  0.204E-05  0.115E-04  0.172E-02  0.137E-03  0.000E+00
  0.860  0.014000  0.000    0.860   -0.3131    3.7204    3.7204    5.5326    5.8098    0.3282    0.7982    0.4951  5.873E+10  1.0000   4.520  0.000E+00      0.00      0.00      0.00  0.0000   0.000   0.000  0.0000  0.756E+00  0.231E+00  0.205E-02  0.246E-04  0.595E-03  0.519E-02  0.204E-05  0.115E-04  0.172E-02  0.137E-03  0.000E+00
  0.863  0.014000  0.000    0.863   -0.3015    3.7219    3.7219    5.5037    5.7758    0.3207    0.7907    0.4900  5.910E+10  1.0000   4.516  0.000E+00      0.00      0.00      0.00  0.0000   0.000   0.000  0.0000  0.756E+00  0.231E+00  0.205E-02  0.246E-04  0.594E-03  0.518E-02  0.204E-05  0.115E-04  0.171E-02  0.137E-03  0.000E+00
  0.867  0.014000  0.000    0.867   -0.2899    3.7234    3.7234    5.4748    5.7417    0.3132    0.7832    0.4850  5.949E+10  1.0000   4.512  0.000E+00      0.00      0.00      0.00  0.0000   0.000   0.000  0.0000  0.757E+00  0.230E+00  0.204E-02  0.245E-04  0.594E-03  0.518E-02  0.204E-05  0.115E-04  0.171E-02  0.137E-03  0.000E+00
  0.871  0.014000  0.000    0.871   -0.2783    3.7248    3.7248    5.4459    5.7077    0.3058    0.7758    0.4800  5.987E+10  1.0000   4.508  0.000E+00      0.00      0.00      0.00  0.0000   0.000   0.000  0.0000  0.757E+00  0.230E+00  0.204E-02  0.245E-04  0.593E-03  0.517E-02  0.203E-05  0.115E-04  0.171E-02  0.137E-03  0.000E+00
  0.874  0.014000  0.000    0.874   -0.2668    3.7263    3.7263    5.4169    5.6738    0.2985    0.7685    0.4751  6.027E+10  1.0000   4.505  0.000E+00      0.00      0.00      0.00  0.0000   0.000   0.000  0.0000  0.758E+00  0.230E+00  0.204E-02  0.245E-04  0.593E-03  0.517E-02  0.203E-05  0.115E-04  0.171E-02  0.137E-03  0.000E+00
  0.878  0.014000  0.000    0.878   -0.2552    3.7278    3.7278    5.3880    5.6398    0.2912    0.7612    0.4701  6.067E+10  1.0000   4.501  0.000E+00      0.00      0.00      0.00  0.0000   0.000   0.000  0.0000  0.758E+00  0.229E+00  0.204E-02  0.245E-04  0.592E-03  0.516E-02  0.203E-05  0.115E-04  0.171E-02  0.137E-03  0.000E+00
  0.882  0.014000  0.000    0.882   -0.2436    3.7292    3.7292    5.3590    5.6059    0.2840    0.7540    0.4652  6.108E+10  1.0000   4.497  0.000E+00      0.00      0.00      0.00  0.0000   0.000   0.000  0.0000  0.758E+00  0.229E+00  0.204E-02  0.244E-04  0.591E-03  0.516E-02  0.203E-05  0.115E-04  0.171E-02  0.137E-03  0.000E+00
  0.886  0.014000  0.000    0.886   -0.2320    3.7306    3.7306    5.3300    5.5720    0.2768    0.7468    0.4603  6.149E+10  1.0000   4.493  0.000E+00      0.00      0.00      0.00  0.0000   0.000   0.000  0.0000  0.759E+00  0.229E+00  0.203E-02  0.244E-04  0.591E-03  0.516E-02  0.203E-05  0.114E-04  0.171E-02  0.136E-03  0.000E+00
  0.889  0.014000  0.000    0.889   -0.2204    3.7320    3.7320    5.3010    5.5382    0.2698    0.7398    0.4554  6.192E+10  1.0000   4.489  0.000E+00      0.00      0.00      0.00  0.0000   0.000   0.000  0.0000  0.759E+00  0.228E+00  0.203E-02  0.244E-04  0.590E-03  0.515E-02  0.202E-05  0.114E-04  0.170E-02  0.136E-03  0.000E+00
  0.893  0.014000  0.000    0.893   -0.2088    3.7334    3.7334    5.2720    5.5044    0.2628    0.7328    0.4506  6.235E+10  1.0000   4.484  0.000E+00      0.00      0.00      0.00  0.0000   0.000   0.000  0.0000  0.759E+00  0.228E+00  0.203E-02  0.243E-04  0.590E-03  0.515E-02  0.202E-05  0.114E-04  0.170E-02  0.136E-03  0.000E+00
  0.897  0.014000  0.000    0.897   -0.1972    3.7348    3.7348    5.2429    5.4706    0.2559    0.7259    0.4458  6.279E+10  1.0000   4.480  0.000E+00      0.00      0.00      0.00  0.0000   0.000   0.000  0.0000  0.760E+00  0.228E+00  0.203E-02  0.243E-04  0.589E-03  0.514E-02  0.202E-05  0.114E-04  0.170E-02  0.136E-03  0.000E+00
  0.901  0.014000  0.000    0.901   -0.1855    3.7362    3.7362    5.2138    5.4369    0.2492    0.7192    0.4411  6.324E+10  1.0000   4.476  0.000E+00      0.00      0.00      0.00  0.0000   0.000   0.000  0.0000  0.760E+00  0.227E+00  0.203E-02  0.243E-04  0.589E-03  0.514E-02  0.202E-05  0.114E-04  0.170E-02  0.136E-03  0.000E+00
  0.904  0.014000  0.000    0.904   -0.1738    3.7374    3.7374    5.1846    5.4035    0.2431    0.7131    0.4368  6.374E+10  1.0000   4.470  0.000E+00      0.00      0.00      0.00  0.0000   0.000   0.000  0.0000  0.760E+00  0.227E+00  0.202E-02  0.243E-04  0.588E-03  0.513E-02  0.202E-05  0.114E-04  0.170E-02  0.136E-03  0.000E+00
  0.908  0.014000  0.000    0.908   -0.1621    3.7386    3.7386    5.1553    5.3701    0.2371    0.7071    0.4325  6.425E+10  1.0000   4.465  0.000E+00      0.00      0.00      0.00  0.0000   0.000   0.000  0.0000  0.761E+00  0.226E+00  0.202E-02  0.242E-04  0.587E-03  0.512E-02  0.201E-05  0.114E-04  0.170E-02  0.136E-03  0.000E+00
  0.912  0.014000  0.000    0.912   -0.1504    3.7398    3.7398    5.1260    5.3367    0.2311    0.7011    0.4283  6.477E+10  1.0000   4.460  0.000E+00      0.00      0.00      0.00  0.0000   0.000   0.000  0.0000  0.761E+00  0.226E+00  0.202E-02  0.242E-04  0.586E-03  0.512E-02  0.201E-05  0.114E-04  0.169E-02  0.135E-03  0.000E+00
  0.919  0.014000  0.000    0.919   -0.1269    3.7421    3.7421    5.0672    5.2700    0.2194    0.6916    0.4215  6.583E+10  1.0000   4.450  0.000E+00      0.00      0.00      0.00  0.0000   0.000   0.000  0.0000  0.762E+00  0.225E+00  0.201E-02  0.241E-04  0.585E-03  0.510E-02  0.201E-05  0.113E-04  0.169E-02  0.135E-03  0.000E+00
  0.927  0.014000  0.000    0.927   -0.1033    3.7444    3.7444    5.0083    5.2032    0.2079    0.6825    0.4149  6.692E+10  1.0000   4.439  0.000E+00      0.00      0.00      0.00  0.0000   0.000   0.000  0.0000  0.763E+00  0.224E+00  0.201E-02  0.240E-04  0.583E-03  0.509E-02  0.200E-05  0.113E-04  0.169E-02  0.135E-03  0.000E+00
  0.934  0.014000  0.000    0.934   -0.0797    3.7467    3.7467    4.9492    5.1364    0.1966    0.6736    0.4085  6.806E+10  1.0000   4.428  0.000E+00      0.00      0.00      0.00  0.0000   0.000   0.000  0.0000  0.764E+00  0.223E+00  0.200E-02  0.239E-04  0.581E-03  0.508E-02  0.199E-05  0.112E-04  0.168E-02  0.134E-03  0.000E+00
  0.942  0.014000  0.000    0.942   -0.0559    3.7489    3.7489    4.8898    5.0695    0.1856    0.6650    0.4022  6.924E+10  1.0000   4.416  0.000E+00      0.00      0.00      0.00  0.0000   0.000   0.000  0.0000  0.765E+00  0.222E+00  0.199E-02  0.239E-04  0.580E-03  0.506E-02  0.199E-05  0.112E-04  0.168E-02  0.134E-03  0.000E+00
  0.949  0.014000  0.000    0.949   -0.0321    3.7510    3.7510    4.8302    5.0025    0.1748    0.6564    0.3959  7.047E+10  1.0000   4.404  0.000E+00      0.00      0.00      0.00  0.0000   0.000   0.000  0.0000  0.766E+00  0.221E+00  0.199E-02  0.238E-04  0.578E-03  0.505E-02  0.198E-05  0.112E-04  0.167E-02  0.134E-03  0.000E+00
  0.956  0.014000  0.000    0.956   -0.0081    3.7531    3.7531    4.7703    4.9353    0.1643    0.6482    0.3898  7.174E+10  1.0000   4.392  0.000E+00      0.00      0.00      0.00  0.0000   0.000   0.000  0.0000  0.767E+00  0.220E+00  0.198E-02  0.237E-04  0.576E-03  0.503E-02  0.198E-05  0.111E-04  0.167E-02  0.133E-03  0.000E+00
  0.964  0.014000  0.000    0.964    0.0159    3.7551    3.7551    4.7102    4.8685    0.1544    0.6403    0.3840  7.308E+10  1.0000   4.379  0.000E+00      0.00      0.00      0.00  0.0000   0.000   0.000  0.0000  0.768E+00  0.219E+00  0.197E-02  0.236E-04  0.575E-03  0.502E-02  0.197E-05  0.111E-04  0.167E-02  0.133E-03  0.000E+00
  0.971  0.014000  0.000    0.971    0.0400    3.7570    3.7570    4.6500    4.8018    0.1450    0.6329    0.3784  7.449E+10  1.0000   4.366  0.000E+00      0.00      0.00      0.00  0.0000   0.000   0.000  0.0000  0.769E+00  0.218E+00  0.197E-02  0.235E-04  0.573E-03  0.501E-02  0.197E-05  0.111E-04  0.166E-02  0.133E-03  0.000E+00
  0.979  0.014000  0.000    0.979    0.0640    3.7588    3.7588    4.5899    4.7357    0.1362    0.6259    0.3732  7.596E+10  1.0000   4.353  0.000E+00      0.00      0.00      0.00  0.0000   0.000   0.000  0.0000  0.770E+00  0.217E+00  0.196E-02  0.235E-04  0.571E-03  0.499E-02  0.196E-05  0.110E-04  0.166E-02  0.132E-03  0.000E+00
  0.986  0.014000  0.000    0.986    0.0878    3.7603    3.7603    4.5304    4.6709    0.1285    0.6198    0.3686  7.752E+10  1.0000   4.338  0.000E+00      0.00      0.00      0.00  0.0000   0.000   0.000  0.0000  0.771E+00  0.216E+00  0.196E-02  0.234E-04  0.570E-03  0.498E-02  0.195E-05  0.110E-04  0.165E-02  0.132E-03  0.000E+00
  1.001  0.014000  0.000    1.001    0.1343    3.7627    3.7627    4.4143    4.5465    0.1164    0.6103    0.3613  8.087E+10  1.0000   4.308  0.000E+00      0.00      0.00      0.00  0.0000   0.000   0.000  0.0000  0.773E+00  0.214E+00  0.194E-02  0.232E-04  0.566E-03  0.495E-02  0.194E-05  0.109E-04  0.165E-02  0.131E-03  0.000E+00
  1.016  0.014000  0.000    1.016    0.1849    3.7647    3.7647    4.2876    4.4131    0.1065    0.6025    0.3554  8.495E+10  1.0000   4.272  0.000E+00      0.00      0.00      0.00  0.0000   0.000   0.000  0.0000  0.777E+00  0.210E+00  0.192E-02  0.229E-04  0.560E-03  0.490E-02  0.192E-05  0.108E-04  0.163E-02  0.130E-03  0.000E+00
  1.031  0.014000  0.000    1.031    0.2383    3.7666    3.7666    4.1543    4.2733    0.0969    0.5949    0.3495  8.953E+10  1.0000   4.232  0.000E+00      0.00      0.00      0.00  0.0000   0.000   0.000  0.0000  0.778E+00  0.209E+00  0.191E-02  0.228E-04  0.558E-03  0.489E-02  0.191E-05  0.108E-04  0.163E-02  0.129E-03  0.000E+00
  1.046  0.014000  0.000    1.046    0.2941    3.7674    3.7674    4.0147    4.1309    0.0929    0.5918    0.3471  9.513E+10  1.0000   4.186  0.000E+00      0.00      0.00      0.00  0.0000   0.000   0.000  0.0000  0.779E+00  0.208E+00  0.191E-02  0.228E-04  0.558E-03  0.488E-02  0.191E-05  0.108E-04  0.162E-02  0.129E-03  0.000E+00
  1.061  0.014000  0.000    1.061    0.3529    3.7664    3.7664    3.8676    3.9874    0.0981    0.5959    0.3502  1.023E+11  1.0000   4.129  0.000E+00      0.00      0.00      0.00  0.0000   0.000   0.000  0.0000  0.778E+00  0.209E+00  0.192E-02  0.229E-04  0.561E-03  0.491E-02  0.193E-05  0.108E-04  0.163E-02  0.130E-03  0.000E+00
  1.068  0.014000  0.000    1.068    0.3832    3.7646    3.7646    3.7920    3.9177    0.1068    0.6027    0.3555  1.068E+11  1.0000   4.095  0.000E+00      0.00      0.00      0.00  0.0000   0.000   0.000  0.0000  0.777E+00  0.211E+00  0.194E-02  0.231E-04  0.565E-03  0.495E-02  0.194E-05  0.109E-04  0.164E-02  0.131E-03  0.000E+00
  1.072  0.014000  0.000    1.072    0.3984    3.7633    3.7633    3.7540    3.8843    0.1135    0.6080    0.3596  1.093E+11  1.0000   4.076  0.000E+00      0.00      0.00      0.00  0.0000   0.000   0.000  0.0000  0.775E+00  0.212E+00  0.195E-02  0.233E-04  0.568E-03  0.497E-02  0.195E-05  0.110E-04  0.165E-02  0.132E-03  0.000E+00
  1.076  0.014000  0.000    1.076    0.4137    3.7616    3.7616    3.7158    3.8518    0.1218    0.6146    0.3646  1.121E+11  1.0000   4.055  0.000E+00      0.00      0.00      0.00  0.0000   0.000   0.000  0.0000  0.774E+00  0.214E+00  0.196E-02  0.234E-04  0.572E-03  0.501E-02  0.196E-05  0.111E-04  0.166E-02  0.132E-03  0.000E+00
  1.079  0.014000  0.000    1.079    0.4285    3.7594    3.7594    3.6788    3.8226    0.1332    0.6236    0.3714  1.152E+11  1.0000   4.033  0.000E+00      0.00      0.00      0.00  0.0000   0.000   0.000  0.0000  0.768E+00  0.220E+00  0.200E-02  0.240E-04  0.584E-03  0.510E-02  0.200E-05  0.113E-04  0.169E-02  0.135E-03  0.000E+00
  1.081  0.014000  0.000    1.081    0.4355    3.7578    3.7578    3.6612    3.8101    0.1408    0.6295    0.3759  1.170E+11  1.0000   4.021  0.000E+00      0.00      0.00      0.00  0.0000   0.000   0.000  0.0000  0.766E+00  0.221E+00  0.201E-02  0.241E-04  0.586E-03  0.512E-02  0.201E-05  0.113E-04  0.170E-02  0.135E-03  0.000E+00
  1.083  0.014000  0.000    1.083    0.4423    3.7561    3.7561    3.6443    3.7966    0.1523    0.6372    0.3817  1.188E+11  1.0000   4.008  0.000E+00      0.00      0.00      0.00  0.0000   0.000   0.000  0.0000  0.765E+00  0.223E+00  0.202E-02  0.242E-04  0.589E-03  0.514E-02  0.202E-05  0.114E-04  0.170E-02  0.136E-03  0.000E+00
  1.085  0.014000  0.000    1.085    0.4485    3.7541    3.7541    3.6287    3.7839    0.1667    0.6464    0.3888  1.208E+11  1.0000   3.994  0.000E+00      0.00      0.00      0.00  0.0000   0.000   0.000  0.0000  0.762E+00  0.225E+00  0.204E-02  0.244E-04  0.592E-03  0.517E-02  0.203E-05  0.115E-04  0.171E-02  0.137E-03  0.000E+00
  1.086  0.014000  0.000    1.086    0.4513    3.7529    3.7529    3.6218    3.7787    0.1748    0.6517    0.3928  1.219E+11  1.0000   3.987  0.000E+00      0.00      0.00      0.00  0.0000   0.000   0.000  0.0000  0.761E+00  0.226E+00  0.204E-02  0.245E-04  0.595E-03  0.519E-02  0.204E-05  0.115E-04  0.172E-02  0.137E-03  0.000E+00
  1.087  0.014000  0.000    1.087    0.4539    3.7517    3.7517    3.6153    3.7738    0.1833    0.6573    0.3971  1.229E+11  1.0000   3.980  0.000E+00      0.00      0.00      0.00  0.0000   0.000   0.000  0.0000  0.760E+00  0.227E+00  0.205E-02  0.246E-04  0.597E-03  0.521E-02  0.205E-05  0.116E-04  0.173E-02  0.138E-03  0.000E+00
  1.088  0.014000  0.000    1.088    0.4561    3.7504    3.7504    3.6098    3.7700    0.1924    0.6633    0.4018  1.240E+11  1.0000   3.973  0.000E+00      0.00      0.00      0.00  0.0000   0.000   0.000  0.0000  0.759E+00  0.228E+00  0.206E-02  0.247E-04  0.599E-03  0.523E-02  0.206E-05  0.116E-04  0.173E-02  0.139E-03  0.000E+00
  1.089  0.014000  0.000    1.089    0.4578    3.7490    3.7490    3.6054    3.7676    0.2024    0.6700    0.4069  1.250E+11  1.0000   3.966  0.000E+00      0.00      0.00      0.00  0.0000   0.000   0.000  0.0000  0.757E+00  0.230E+00  0.207E-02  0.248E-04  0.601E-03  0.525E-02  0.207E-05  0.117E-04  0.174E-02  0.139E-03  0.000E+00
  1.090  0.014000  0.000    1.090    0.4593    3.7475    3.7475    3.6017    3.7658    0.2129    0.6771    0.4125  1.261E+11  1.0000   3.959  0.000E+00      0.00      0.00      0.00  0.0000   0.000   0.000  0.0000  0.756E+00  0.231E+00  0.208E-02  0.250E-04  0.604E-03  0.527E-02  0.207E-05  0.117E-04  0.174E-02  0.139E-03  0.000E+00
  1.091  0.014000  0.000    1.091    0.4601    3.7455    3.7455    3.5998    3.7668    0.2274    0.6863    0.4196  1.274E+11  1.0000   3.950  0.000E+00      0.00      0.00      0.00  0.0000   0.000   0.000  0.0000  0.754E+00  0.233E+00  0.209E-02  0.251E-04  0.607E-03  0.529E-02  0.208E-05  0.118E-04  0.174E-02  0.140E-03  0.000E+00
  1.091  0.014000  0.000    1.091    0.4604    3.7444    3.7444    3.5990    3.7675    0.2351    0.6911    0.4234  1.281E+11  1.0000   3.946  0.000E+00      0.00      0.00      0.00  0.0000   0.000   0.000  0.0000  0.753E+00  0.234E+00  0.210E-02  0.252E-04  0.608E-03  0.531E-02  0.209E-05  0.118E-04  0.175E-02  0.140E-03  0.000E+00
  1.091  0.014000  0.000    1.091    0.4605    3.7433    3.7433    3.5989    3.7690    0.2438    0.6964    0.4275  1.288E+11  1.0000   3.942  0.000E+00      0.00      0.00      0.00  0.0000   0.000   0.000  0.0000  0.752E+00  0.235E+00  0.210E-02  0.253E-04  0.610E-03  0.532E-02  0.209E-05  0.119E-04  0.175E-02  0.140E-03  0.000E+00
  1.092  0.014000  0.000    1.092    0.4602    3.7420    3.7420    3.5996    3.7716    0.2534    0.7023    0.4322  1.295E+11  1.0000   3.937  0.000E+00      0.00      0.00      0.00  0.0000   0.000   0.000  0.0000  0.751E+00  0.236E+00  0.211E-02  0.253E-04  0.612E-03  0.533E-02  0.210E-05  0.119E-04  0.175E-02  0.140E-03  0.000E+00
  1.092  0.014000  0.000    1.092    0.4599    3.7407    3.7407    3.6003    3.7742    0.2633    0.7083    0.4368  1.302E+11  1.0000   3.932  0.000E+00      0.00      0.00      0.00  0.0000   0.000   0.000  0.0000  0.750E+00  0.237E+00  0.211E-02  0.254E-04  0.613E-03  0.534E-02  0.211E-05  0.119E-04  0.175E-02  0.140E-03  0.000E+00
  1.093  0.014000  0.000    1.093    0.4592    3.7393    3.7393    3.6019    3.7778    0.2741    0.7152    0.4423  1.309E+11  1.0000   3.927  0.000E+00      0.00      0.00      0.00  0.0000   0.000   0.000  0.0000  0.749E+00  0.238E+00  0.212E-02  0.255E-04  0.615E-03  0.536E-02  0.211E-05  0.120E-04  0.176E-02  0.141E-03  0.000E+00
  1.093  0.014000  0.000    1.093    0.4583    3.7378    3.7378    3.6044    3.7825    0.2861    0.7232    0.4486  1.317E+11  1.0000   3.923  0.000E+00      0.00      0.00      0.00  0.0000   0.000   0.000  0.0000  0.748E+00  0.239E+00  0.213E-02  0.256E-04  0.616E-03  0.537E-02  0.212E-05  0.120E-04  0.176E-02  0.141E-03  0.000E+00
  1.094  0.014000  0.000    1.094    0.4573    3.7363    3.7363    3.6069    3.7871    0.2984    0.7313    0.4549  1.325E+11  1.0000   3.918  0.000E+00      0.00      0.00      0.00  0.0000   0.000   0.000  0.0000  0.747E+00  0.240E+00  0.213E-02  0.257E-04  0.618E-03  0.538E-02  0.212E-05  0.120E-04  0.176E-02  0.142E-03  0.000E+00
  1.094  0.014000  0.000    1.094    0.4558    3.7346    3.7346    3.6105    3.7931    0.3118    0.7399    0.4616  1.333E+11  1.0000   3.913  0.000E+00      0.00      0.00      0.00  0.0000   0.000   0.000  0.0000  0.746E+00  0.241E+00  0.214E-02  0.257E-04  0.620E-03  0.540E-02  0.213E-05  0.121E-04  0.177E-02  0.142E-03  0.000E+00
  1.095  0.014000  0.000    1.095    0.4538    3.7328    3.7328    3.6154    3.8005    0.3264    0.7491    0.4689  1.341E+11  1.0000   3.908  0.000E+00      0.00      0.00      0.00  0.0000   0.000   0.000  0.0000  0.745E+00  0.242E+00  0.214E-02  0.258E-04  0.621E-03  0.541E-02  0.213E-05  0.121E-04  0.177E-02  0.142E-03  0.000E+00
  1.095  0.014000  0.000    1.095    0.4519    3.7310    3.7310    3.6203    3.8078    0.3413    0.7582    0.4762  1.349E+11  1.0000   3.902  0.000E+00      0.00      0.00      0.00  0.0000   0.000   0.000  0.0000  0.744E+00  0.243E+00  0.215E-02  0.259E-04  0.623E-03  0.542E-02  0.214E-05  0.121E-04  0.178E-02  0.143E-03  0.000E+00
  1.096  0.014000  0.000    1.096    0.4499    3.7292    3.7292    3.6253    3.8151    0.3565    0.7673    0.4835  1.357E+11  1.0000   3.897  0.000E+00      0.00      0.00      0.00  0.0000   0.000   0.000  0.0000  0.743E+00  0.244E+00  0.215E-02  0.260E-04  0.624E-03  0.543E-02  0.214E-05  0.122E-04  0.178E-02  0.143E-03  0.000E+00
  1.096  0.014000  0.000    1.096    0.4487    3.7281    3.7281    3.6283    3.8195    0.3656    0.7727    0.4878  1.362E+11  1.0000   3.894  0.000E+00      0.00      0.00      0.00  0.0000   0.000   0.000  0.0000  0.742E+00  0.244E+00  0.216E-02  0.260E-04  0.625E-03  0.544E-02  0.215E-05  0.122E-04  0.178E-02  0.143E-03  0.000E+00
  1.096  0.014000  0.000    1.096    0.4474    3.7270    3.7270    3.6316    3.8242    0.3756    0.7784    0.4924  1.367E+11  1.0000   3.891  0.000E+00      0.00      0.00      0.00  0.0000   0.000   0.000  0.0000  0.742E+00  0.245E+00  0.216E-02  0.260E-04  0.626E-03  0.545E-02  0.215E-05  0.122E-04  0.179E-02  0.143E-03  0.000E+00
  1.096  0.014000  0.000    1.096    0.4461    3.7258    3.7258    3.6349    3.8289    0.3857    0.7842    0.4971  1.372E+11  1.0000   3.888  0.000E+00      0.00      0.00      0.00  0.0000   0.000   0.000  0.0000  0.741E+00  0.245E+00  0.216E-02  0.261E-04  0.626E-03  0.545E-02  0.215E-05  0.122E-04  0.179E-02  0.144E-03  0.000E+00
  1.097  0.014000  0.000    1.097    0.4447    3.7247    3.7247    3.6382    3.8335    0.3959    0.7899    0.5017  1.378E+11  1.0000   3.885  0.000E+00      0.00      0.00      0.00  0.0000   0.000   0.000  0.0000  0.741E+00  0.246E+00  0.217E-02  0.261E-04  0.627E-03  0.546E-02  0.215E-05  0.122E-04  0.179E-02  0.144E-03  0.000E+00
  1.097  0.014000  0.000    1.097    0.4434    3.7235    3.7235    3.6415    3.8384    0.4064    0.7956    0.5064  1.383E+11  1.0000   3.882  0.000E+00      0.00      0.00      0.00  0.0000   0.000   0.000  0.0000  0.740E+00  0.246E+00  0.217E-02  0.262E-04  0.628E-03  0.547E-02  0.216E-05  0.122E-04  0.179E-02  0.144E-03  0.000E+00
  1.097  0.014000  0.000    1.097    0.4421    3.7223    3.7223    3.6448    3.8436    0.4171    0.8014    0.5112  1.388E+11  1.0000   3.878  0.000E+00      0.00      0.00      0.00  0.0000   0.000   0.000  0.0000  0.740E+00  0.247E+00  0.217E-02  0.262E-04  0.629E-03  0.547E-02  0.216E-05  0.122E-04  0.180E-02  0.144E-03  0.000E+00
  1.097  0.014000  0.000    1.097    0.4408    3.7212    3.7212    3.6481    3.8488    0.4282    0.8072    0.5160  1.394E+11  1.0000   3.875  0.000E+00      0.00      0.00      0.00  0.0000   0.000   0.000  0.0000  0.739E+00  0.247E+00  0.217E-02  0.262E-04  0.630E-03  0.548E-02  0.216E-05  0.123E-04  0.180E-02  0.145E-03  0.000E+00
  1.098  0.014000  0.000    1.098    0.4396    3.7199    3.7199    3.6510    3.8535    0.4400    0.8132    0.5211  1.400E+11  1.0000   3.871  0.000E+00      0.00      0.00      0.00  0.0000   0.000   0.000  0.0000  0.739E+00  0.248E+00  0.218E-02  0.263E-04  0.630E-03  0.548E-02  0.216E-05  0.123E-04  0.180E-02  0.145E-03  0.000E+00
  1.098  0.014000  0.000    1.098    0.4385    3.7187    3.7187    3.6538    3.8583    0.4520    0.8192    0.5261  1.406E+11  1.0000   3.868  0.000E+00      0.00      0.00      0.00  0.0000   0.000   0.000  0.0000  0.738E+00  0.248E+00  0.218E-02  0.263E-04  0.631E-03  0.549E-02  0.217E-05  0.123E-04  0.180E-02  0.145E-03  0.000E+00
  1.098  0.014000  0.000    1.098    0.4373    3.7174    3.7174    3.6567    3.8631    0.4641    0.8252    0.5312  1.412E+11  1.0000   3.864  0.000E+00      0.00      0.00      0.00  0.0000   0.000   0.000  0.0000  0.738E+00  0.249E+00  0.218E-02  0.263E-04  0.632E-03  0.550E-02  0.217E-05  0.123E-04  0.180E-02  0.145E-03  0.000E+00
  1.098  0.014000  0.000    1.098    0.4361    3.7162    3.7162    3.6596    3.8679    0.4764    0.8311    0.5363  1.418E+11  1.0000   3.860  0.000E+00      0.00      0.00      0.00  0.0000   0.000   0.000  0.0000  0.737E+00  0.249E+00  0.218E-02  0.264E-04  0.632E-03  0.550E-02  0.217E-05  0.123E-04  0.181E-02  0.145E-03  0.000E+00
  1.098  0.014000  0.000    1.098    0.4350    3.7150    3.7150    3.6625    3.8727    0.4889    0.8371    0.5414  1.424E+11  1.0000   3.857  0.000E+00      0.00      0.00      0.00  0.0000   0.000   0.000  0.0000  0.737E+00  0.249E+00  0.219E-02  0.264E-04  0.633E-03  0.551E-02  0.217E-05  0.123E-04  0.181E-02  0.145E-03  0.000E+00
  1.099  0.014000  0.000    1.099    0.4344    3.7137    3.7137    3.6640    3.8759    0.5017    0.8430    0.5466  1.432E+11  1.0000   3.852  0.000E+00      0.00      0.00      0.00  0.0000   0.000   0.000  0.0000  0.736E+00  0.250E+00  0.219E-02  0.264E-04  0.634E-03  0.551E-02  0.218E-05  0.124E-04  0.181E-02  0.146E-03  0.000E+00
  1.099  0.014000  0.000    1.099    0.4341    3.7125    3.7125    3.6647    3.8782    0.5147    0.8489    0.5518  1.439E+11  1.0000   3.848  0.000E+00      0.00      0.00      0.00  0.0000   0.000   0.000  0.0000  0.736E+00  0.250E+00  0.219E-02  0.265E-04  0.634E-03  0.552E-02  0.218E-05  0.124E-04  0.181E-02  0.146E-03  0.000E+00
  1.099  0.014000  0.000    1.099    0.4339    3.7113    3.7113    3.6654    3.8805    0.5279    0.8548    0.5570  1.447E+11  1.0000   3.843  0.000E+00      0.00      0.00      0.00  0.0000   0.000   0.000  0.0000  0.736E+00  0.251E+00  0.219E-02  0.265E-04  0.635E-03  0.552E-02  0.218E-05  0.124E-04  0.181E-02  0.146E-03  0.000E+00
  1.099  0.014000  0.000    1.099    0.4336    3.7100    3.7100    3.6660    3.8828    0.5413    0.8606    0.5623  1.455E+11  1.0000   3.839  0.000E+00      0.00      0.00      0.00  0.0000   0.000   0.000  0.0000  0.735E+00  0.251E+00  0.220E-02  0.265E-04  0.635E-03  0.553E-02  0.218E-05  0.124E-04  0.181E-02  0.146E-03  0.000E+00
  1.100  0.014000  0.000    1.100    0.4333    3.7088    3.7088    3.6667    3.8851    0.5549    0.8665    0.5675  1.463E+11  1.0000   3.834  0.000E+00      0.00      0.00      0.00  0.0000   0.000   0.000  0.0000  0.735E+00  0.251E+00  0.220E-02  0.266E-04  0.636E-03  0.553E-02  0.219E-05  0.124E-04  0.182E-02  0.146E-03  0.000E+00
  1.100  0.014000  0.000    1.100    0.4330    3.7076    3.7076    3.6674    3.8874    0.5686    0.8724    0.5729  1.471E+11  1.0000   3.829  0.000E+00      0.00      0.00      0.00  0.0000   0.000   0.000  0.0000  0.734E+00  0.252E+00  0.220E-02  0.266E-04  0.637E-03  0.554E-02  0.219E-05  0.124E-04  0.182E-02  0.146E-03  0.000E+00
  1.100  0.014000  0.000    1.100    0.4333    3.7064    3.7064    3.6667    3.8881    0.5814    0.8776    0.5778  1.479E+11  1.0000   3.825  0.000E+00      0.00      0.00      0.00  0.0000   0.000   0.000  0.0000  0.734E+00  0.252E+00  0.220E-02  0.266E-04  0.637E-03  0.554E-02  0.219E-05  0.124E-04  0.182E-02  0.146E-03  0.000E+00
  1.101  0.014000  0.000    1.101    0.4355    3.7046    3.7046    3.6612    3.8884    0.6026    0.8872    0.5863  1.495E+11  1.0000   3.815  0.000E+00      0.00      0.00      0.00  0.0000   0.000   0.000  0.0000  0.733E+00  0.253E+00  0.221E-02  0.267E-04  0.638E-03  0.555E-02  0.219E-05  0.124E-04  0.182E-02  0.147E-03  0.000E+00
  1.101  0.014000  0.000    1.101    0.4377    3.7027    3.7027    3.6556    3.8923    0.6191    0.8967    0.5939  1.512E+11  1.0000   3.806  0.000E+00      0.00      0.00      0.00  0.0000   0.000   0.000  0.0000  0.733E+00  0.253E+00  0.221E-02  0.267E-04  0.639E-03  0.555E-02  0.220E-05  0.125E-04  0.182E-02  0.147E-03  0.000E+00
  1.101  0.014000  0.000    1.101    0.4400    3.7008    3.7008    3.6501    3.8962    0.6356    0.9061    0.6015  1.529E+11  1.0000   3.796  0.000E+00      0.00      0.00      0.00  0.0000   0.000   0.000  0.0000  0.732E+00  0.254E+00  0.221E-02  0.267E-04  0.640E-03  0.556E-02  0.220E-05  0.125E-04  0.183E-02  0.147E-03  0.000E+00
  1.102  0.014000  0.000    1.102    0.4433    3.6990    3.6990    3.6419    3.8967    0.6510    0.9148    0.6085  1.548E+11  1.0000   3.786  0.000E+00      0.00      0.00      0.00  0.0000   0.000   0.000  0.0000  0.731E+00  0.254E+00  0.222E-02  0.268E-04  0.641E-03  0.557E-02  0.220E-05  0.125E-04  0.183E-02  0.147E-03  0.000E+00
  1.102  0.014000  0.000    1.102    0.4485    3.6975    3.6975    3.6287    3.8908    0.6655    0.9223    0.6146  1.568E+11  1.0000   3.775  0.000E+00      0.00      0.00      0.00  0.0000   0.000   0.000  0.0000  0.731E+00  0.255E+00  0.222E-02  0.268E-04  0.641E-03  0.557E-02  0.220E-05  0.125E-04  0.183E-02  0.147E-03  0.000E+00
  1.103  0.014000  0.000    1.103    0.4538    3.6960    3.6960    3.6155    3.8845    0.6830    0.9298    0.6206  1.588E+11  1.0000   3.764  0.000E+00      0.00      0.00      0.00  0.0000   0.000   0.000  0.0000  0.730E+00  0.255E+00  0.222E-02  0.269E-04  0.642E-03  0.558E-02  0.221E-05  0.125E-04  0.183E-02  0.148E-03  0.000E+00
  1.103  0.014000  0.000    1.103    0.4594    3.6946    3.6946    3.6016    3.8773    0.7000    0.9371    0.6265  1.609E+11  1.0000   3.752  0.000E+00      0.00      0.00      0.00  0.0000   0.000   0.000  0.0000  0.730E+00  0.256E+00  0.222E-02  0.269E-04  0.642E-03  0.558E-02  0.221E-05  0.125E-04  0.183E-02  0.148E-03  0.000E+00
  1.104  0.014000  0.000    1.104    0.4667    3.6934    3.6934    3.5833    3.8644    0.7139    0.9431    0.6313  1.632E+11  1.0000   3.741  0.000E+00      0.00      0.00      0.00  0.0000   0.000   0.000  0.0000  0.729E+00  0.256E+00  0.222E-02  0.270E-04  0.643E-03  0.559E-02  0.221E-05  0.126E-04  0.183E-02  0.148E-03  0.000E+00
  1.104  0.014000  0.000    1.104    0.4740    3.6922    3.6922    3.5649    3.8516    0.7278    0.9491    0.6361  1.655E+11  1.0000   3.729  0.000E+00      0.00      0.00      0.00  0.0000   0.000   0.000  0.0000  0.729E+00  0.257E+00  0.223E-02  0.271E-04  0.643E-03  0.559E-02  0.221E-05  0.126E-04  0.184E-02  0.148E-03  0.000E+00
  1.105  0.014000  0.000    1.105    0.4814    3.6910    3.6910    3.5466    3.8387    0.7418    0.9550    0.6409  1.678E+11  1.0000   3.717  0.000E+00      0.00      0.00      0.00  0.0000   0.000   0.000  0.0000  0.728E+00  0.257E+00  0.223E-02  0.272E-04  0.644E-03  0.560E-02  0.221E-05  0.126E-04  0.184E-02  0.148E-03  0.000E+00
  1.106  0.014000  0.000    1.106    0.4993    3.6891    3.6891    3.5017    3.8022    0.7633    0.9643    0.6483  1.728E+11  1.0000   3.692  0.000E+00      0.00      0.00      0.00  0.0000 -17.477   0.000  0.0000  0.727E+00  0.258E+00  0.223E-02  0.276E-04  0.645E-03  0.560E-02  0.222E-05  0.126E-04  0.184E-02  0.148E-03  0.000E+00
  1.107  0.014000  0.000    1.107    0.5190    3.6875    3.6875    3.4524    3.7604    0.7821    0.9723    0.6548  1.781E+11  1.0000   3.666  0.000E+00      0.00      0.00      0.00  0.0000 -11.818   0.000  0.0000  0.726E+00  0.259E+00  0.223E-02  0.289E-04  0.646E-03  0.561E-02  0.222E-05  0.126E-04  0.184E-02  0.149E-03  0.000E+00
  1.108  0.014000  0.000    1.107    0.5398    3.6860    3.6860    3.4006    3.7154    0.7995    0.9798    0.6607  1.836E+11  1.0000   3.640  0.000E+00      0.00      0.00      0.00  0.0000 -11.784   0.000  0.0000  0.725E+00  0.260E+00  0.223E-02  0.307E-04  0.647E-03  0.562E-02  0.222E-05  0.126E-04  0.184E-02  0.149E-03  0.000E+00
  1.108  0.014000  0.000    1.108    0.5626    3.6848    3.6848    3.3434    3.6639    0.8141    0.9860    0.6658  1.896E+11  1.0000   3.612  0.000E+00      0.00      0.00      0.00  0.0000 -11.748   0.000  0.0000  0.724E+00  0.261E+00  0.223E-02  0.356E-04  0.649E-03  0.562E-02  0.222E-05  0.126E-04  0.184E-02  0.149E-03  0.000E+00
  1.110  0.014000  0.000    1.110    0.6128    3.6829    3.6829    3.2181    3.5475    0.8366    0.9957    0.6735  2.027E+11  1.0000   3.555  0.000E+00      0.00      0.00      0.00  0.0000 -11.669   0.000  0.0000  0.721E+00  0.264E+00  0.221E-02  0.515E-04  0.665E-03  0.563E-02  0.223E-05  0.126E-04  0.185E-02  0.149E-03  0.000E+00
  1.112  0.014000  0.000    1.112    0.6688    3.6812    3.6812    3.0780    3.4150    0.8560    1.0040    0.6802  2.178E+11  1.0000   3.493  0.000E+00      0.00      0.00      0.00  0.0000 -11.582   0.000  0.0000  0.718E+00  0.267E+00  0.216E-02  0.646E-04  0.715E-03  0.564E-02  0.223E-05  0.126E-04  0.185E-02  0.149E-03  0.000E+00
  1.113  0.014000  0.000    1.113    0.6992    3.6802    3.6802    3.0021    3.3438    0.8681    1.0092    0.6844  2.267E+11  1.0000   3.459  0.000E+00      0.00      0.00      0.00  0.0000 -11.535   0.000  0.0000  0.717E+00  0.268E+00  0.212E-02  0.661E-04  0.759E-03  0.564E-02  0.224E-05  0.126E-04  0.185E-02  0.149E-03  0.000E+00
  1.114  0.014000  0.000    1.114    0.7315    3.6791    3.6791    2.9213    3.2679    0.8804    1.0145    0.6886  2.364E+11  1.0000   3.423  0.000E+00      0.00      0.00      0.00  0.0000 -11.485   0.000  0.0000  0.715E+00  0.270E+00  0.209E-02  0.664E-04  0.799E-03  0.564E-02  0.224E-05  0.125E-04  0.185E-02  0.150E-03  0.000E+00
  1.116  0.014000  0.000    1.115    0.8034    3.6771    3.6771    2.7415    3.0973    0.9037    1.0244    0.6966  2.592E+11  1.0000   3.343  0.000E+00      0.00      0.00      0.00  0.0000 -11.374   0.000  0.0000  0.713E+00  0.272E+00  0.203E-02  0.650E-04  0.869E-03  0.565E-02  0.227E-05  0.123E-04  0.185E-02  0.150E-03  0.000E+00
  1.117  0.014000  0.000    1.116    0.8429    3.6760    3.6760    2.6426    3.0035    0.9168    1.0301    0.7012  2.726E+11  1.0000   3.300  0.000E+00      0.00      0.00      0.00  0.0000 -11.312   0.000  0.0000  0.711E+00  0.274E+00  0.201E-02  0.644E-04  0.899E-03  0.565E-02  0.228E-05  0.122E-04  0.185E-02  0.150E-03  0.000E+00
  1.118  0.014000  0.000    1.117    0.8858    3.6744    3.6744    2.5355    2.9038    0.9357    1.0382    0.7077  2.886E+11  1.0000   3.251  0.000E+00      0.00      0.00      0.00  0.0000 -11.245   0.000  0.0000  0.710E+00  0.275E+00  0.199E-02  0.639E-04  0.920E-03  0.565E-02  0.231E-05  0.121E-04  0.185E-02  0.150E-03  0.000E+00
  1.119  0.014000  0.000    1.118    0.9331    3.6725    3.6725    2.4172    2.7947    0.9537    1.0475    0.7152  3.074E+11  1.0000   3.196  0.000E+00      0.00      0.00      0.00  0.0000 -11.171   0.000  0.0000  0.710E+00  0.275E+00  0.198E-02  0.636E-04  0.936E-03  0.565E-02  0.233E-05  0.120E-04  0.185E-02  0.150E-03  0.000E+00
  1.119  0.014000  0.000    1.118    0.9575    3.6715    3.6715    2.3563    2.7386    0.9626    1.0524    0.7191  3.175E+11  1.0000   3.168  0.000E+00      0.00      0.00      0.00  0.0000 -11.132   0.000  0.0000  0.709E+00  0.276E+00  0.197E-02  0.635E-04  0.942E-03  0.565E-02  0.234E-05  0.120E-04  0.185E-02  0.150E-03  0.000E+00
  1.120  0.014000  0.000    1.119    0.9831    3.6705    3.6705    2.2922    2.6799    0.9724    1.0577    0.7234  3.286E+11  1.0000   3.138  0.000E+00      0.00      0.00      0.00  0.0000 -11.091   0.000  0.0000  0.709E+00  0.276E+00  0.197E-02  0.634E-04  0.948E-03  0.565E-02  0.235E-05  0.120E-04  0.185E-02  0.150E-03  0.000E+00
  1.120  0.014000  0.000    1.119    1.0119    3.6692    3.6692    2.2201    2.6142    0.9842    1.0641    0.7286  3.417E+11  1.0000   3.104  0.000E+00      0.00      0.00      0.00  0.0000 -11.046   0.000  0.0000  0.709E+00  0.276E+00  0.196E-02  0.633E-04  0.953E-03  0.565E-02  0.236E-05  0.119E-04  0.186E-02  0.150E-03  0.000E+00
  1.121  0.014000  0.000    1.119    1.0407    3.6679    3.6679    2.1481    2.5486    0.9959    1.0705    0.7338  3.554E+11  1.0000   3.071  0.000E+00      0.00      0.00      0.00  0.0000 -11.001   0.000  0.0000  0.708E+00  0.277E+00  0.196E-02  0.633E-04  0.958E-03  0.565E-02  0.237E-05  0.119E-04  0.186E-02  0.150E-03  0.000E+00
  1.121  0.014000  0.000    1.120    1.0701    3.6666    3.6666    2.0748    2.4818    1.0077    1.0769    0.7390  3.698E+11  1.0000   3.036  0.000E+00      0.00      0.00      0.00  0.0000 -10.955   0.000  0.0000  0.708E+00  0.277E+00  0.195E-02  0.632E-04  0.963E-03  0.565E-02  0.238E-05  0.119E-04  0.186E-02  0.150E-03  0.000E+00
  1.122  0.014000  0.000    1.120    1.1057    3.6652    3.6652    1.9857    2.3994    1.0202    1.0838    0.7445  3.877E+11  1.0000   2.995  0.000E+00      0.00      0.00      0.00  0.0000 -10.899   0.000  0.0000  0.708E+00  0.277E+00  0.195E-02  0.632E-04  0.965E-03  0.565E-02  0.239E-05  0.119E-04  0.186E-02  0.150E-03  0.000E+00
  1.122  0.014000  0.000    1.120    1.1414    3.6639    3.6639    1.8966    2.3172    1.0327    1.0906    0.7500  4.064E+11  1.0000   2.954  0.000E+00      0.00      0.00      0.00  0.0000 -10.843   0.000  0.0000  0.708E+00  0.277E+00  0.195E-02  0.632E-04  0.967E-03  0.565E-02  0.240E-05  0.119E-04  0.186E-02  0.150E-03  0.000E+00
  1.122  0.014000  0.000    1.121    1.1770    3.6625    3.6625    1.8076    2.2350    1.0452    1.0974    0.7555  4.261E+11  1.0000   2.913  0.000E+00      0.00      0.00      0.00  0.0000 -10.787   0.000  0.0000  0.708E+00  0.277E+00  0.195E-02  0.632E-04  0.970E-03  0.565E-02  0.240E-05  0.119E-04  0.186E-02  0.150E-03  0.000E+00
  1.123  0.014000  0.000    1.121    1.1978    3.6615    3.6615    1.7555    2.1879    1.0543    1.1023    0.7596  4.385E+11  1.0000   2.889  0.000E+00      0.00      0.00      0.00  0.0000 -10.753   0.000  0.0000  0.708E+00  0.277E+00  0.195E-02  0.632E-04  0.970E-03  0.565E-02  0.240E-05  0.119E-04  0.186E-02  0.150E-03  0.000E+00
  1.123  0.014000  0.000    1.121    1.2201    3.6604    3.6604    1.6998    2.1379    1.0648    1.1081    0.7642  4.522E+11  1.0000   2.862  0.000E+00      0.00      0.00      0.00  0.0000 -10.718   0.000  0.0000  0.708E+00  0.277E+00  0.195E-02  0.632E-04  0.971E-03  0.565E-02  0.240E-05  0.119E-04  0.186E-02  0.150E-03  0.000E+00
  1.123  0.014000  0.000    1.121    1.2424    3.6592    3.6592    1.6441    2.0879    1.0753    1.1138    0.7688  4.664E+11  1.0000   2.835  0.000E+00      0.00      0.00      0.00  0.0000 -10.682   0.000  0.0000  0.708E+00  0.277E+00  0.195E-02  0.632E-04  0.971E-03  0.565E-02  0.241E-05  0.119E-04  0.186E-02  0.150E-03  0.000E+00
  1.123  0.014000  0.000    1.121    1.2646    3.6581    3.6581    1.5884    2.0379    1.0857    1.1195    0.7735  4.811E+11  1.0000   2.808  0.000E+00      0.00      0.00      0.00  0.0000 -10.646   0.000  0.0000  0.708E+00  0.277E+00  0.195E-02  0.632E-04  0.972E-03  0.565E-02  0.241E-05  0.119E-04  0.186E-02  0.150E-03  0.000E+00
  1.124  0.014000  0.000    1.121    1.2869    3.6570    3.6570    1.5327    1.9879    1.0962    1.1252    0.7781  4.962E+11  1.0000   2.782  0.000E+00      0.00      0.00      0.00  0.0000 -10.610   0.000  0.0000  0.708E+00  0.277E+00  0.195E-02  0.633E-04  0.972E-03  0.565E-02  0.241E-05  0.119E-04  0.186E-02  0.150E-03  0.000E+00
  1.124  0.014000  0.000    1.121    1.3092    3.6558    3.6558    1.4770    1.9379    1.1067    1.1309    0.7828  5.117E+11  1.0000   2.755  0.000E+00      0.00      0.00      0.00  0.0000 -10.575   0.000  0.0000  0.708E+00  0.277E+00  0.195E-02  0.633E-04  0.973E-03  0.565E-02  0.241E-05  0.119E-04  0.186E-02  0.150E-03  0.000E+00
  1.124  0.014000  0.000    1.122    1.3334    3.6546    3.6546    1.4166    1.8836    1.1179    1.1370    0.7878  5.291E+11  1.0000   2.726  0.000E+00      0.00      0.00      0.00  0.0000 -10.536   0.000  0.0000  0.708E+00  0.277E+00  0.195E-02  0.633E-04  0.973E-03  0.565E-02  0.241E-05  0.119E-04  0.186E-02  0.150E-03  0.000E+00
  1.124  0.014000  0.000    1.122    1.3618    3.6532    3.6532    1.3455    1.8196    1.1308    1.1441    0.7935  5.503E+11  1.0000   2.692  0.000E+00      0.00      0.00      0.00  0.0000 -10.491   0.000  0.0000  0.708E+00  0.277E+00  0.195E-02  0.633E-04  0.974E-03  0.565E-02  0.241E-05  0.119E-04  0.186E-02  0.150E-03  0.000E+00
  1.125  0.014000  0.000    1.122    1.3902    3.6518    3.6518    1.2744    1.7555    1.1437    1.1511    0.7993  5.723E+11  1.0000   2.658  0.000E+00      0.00      0.00      0.00  0.0000 -10.445   0.000  0.0000  0.708E+00  0.277E+00  0.195E-02  0.633E-04  0.974E-03  0.565E-02  0.241E-05  0.119E-04  0.186E-02  0.150E-03  0.000E+00
  1.125  0.014000  0.000    1.122    1.4187    3.6504    3.6504    1.2034    1.6915    1.1566    1.1582    0.8051  5.952E+11  1.0000   2.624  0.000E+00      0.00      0.00      0.00  0.0000 -10.400   0.000  0.0000  0.708E+00  0.277E+00  0.195E-02  0.633E-04  0.974E-03  0.566E-02  0.241E-05  0.119E-04  0.186E-02  0.150E-03  0.000E+00
  1.125  0.014000  0.000    1.122    1.4471    3.6490    3.6490    1.1323    1.6287    1.1704    1.1652    0.8108  6.190E+11  1.0000   2.589  0.000E+00      0.00      0.00      0.00  0.0000 -10.355   0.000  0.0000  0.708E+00  0.277E+00  0.195E-02  0.633E-04  0.975E-03  0.566E-02  0.241E-05  0.119E-04  0.186E-02  0.150E-03  0.000E+00
  1.125  0.014000  0.000    1.122    1.4755    3.6476    3.6476    1.0613    1.5662    1.1845    1.1722    0.8166  6.438E+11  1.0000   2.555  0.000E+00      0.00      0.00      0.00  0.0000 -10.309   0.000  0.0000  0.708E+00  0.277E+00  0.194E-02  0.634E-04  0.975E-03  0.566E-02  0.241E-05  0.119E-04  0.186E-02  0.150E-03  0.000E+00
  1.126  0.014000  0.000    1.122    1.5125    3.6458    3.6458    0.9688    1.4843    1.2021    1.1810    0.8239  6.772E+11  1.0000   2.511  0.000E+00      0.00      0.00      0.00  0.0000 -10.250   0.000  0.0000  0.708E+00  0.278E+00  0.194E-02  0.634E-04  0.976E-03  0.566E-02  0.241E-05  0.119E-04  0.186E-02  0.150E-03  0.000E+00
  1.127  0.014000  0.000    1.122    1.5371    3.6449    3.6449    0.9072    1.4280    1.2108    1.1854    0.8275  6.995E+11  1.0000   2.483  0.000E+00      0.00      0.00      0.00  0.0000 -10.211   0.000  0.0000  0.707E+00  0.278E+00  0.194E-02  0.634E-04  0.978E-03  0.566E-02  0.242E-05  0.119E-04  0.186E-02  0.150E-03  0.000E+00
  1.127  0.014000  0.000    1.121    1.5692    3.6432    3.6432    0.8271    1.3587    1.2285    1.1942    0.8348  7.318E+11  1.0000   2.444  0.000E+00      0.00      0.00      0.00  0.0000 -10.160   0.000  0.0000  0.707E+00  0.278E+00  0.194E-02  0.635E-04  0.979E-03  0.566E-02  0.242E-05  0.119E-04  0.186E-02  0.150E-03  0.000E+00
  1.127  0.014000  0.000    1.121    1.5940    3.6416    3.6416    0.7651    1.3062    1.2442    1.2021    0.8413  7.584E+11  1.0000   2.413  0.000E+00      0.00      0.00      0.00  0.0000 -10.119   0.000  0.0000  0.707E+00  0.278E+00  0.194E-02  0.635E-04  0.979E-03  0.566E-02  0.242E-05  0.118E-04  0.186E-02  0.150E-03  0.000E+00
  1.127  0.014000  0.000    1.121    1.6188    3.6400    3.6400    0.7030    1.2537    1.2599    1.2100    0.8478  7.861E+11  1.0000   2.382  0.000E+00      0.00      0.00      0.00  0.0000 -10.079   0.000  0.0000  0.707E+00  0.278E+00  0.194E-02  0.635E-04  0.979E-03  0.566E-02  0.242E-05  0.118E-04  0.186E-02  0.150E-03  0.000E+00
  1.127  0.014000  0.000    1.121    1.6436    3.6384    3.6384    0.6410    1.2012    1.2756    1.2178    0.8543  8.147E+11  1.0000   2.351  0.000E+00      0.00      0.00      0.00  0.0000 -10.039   0.000  0.0000  0.707E+00  0.278E+00  0.194E-02  0.635E-04  0.980E-03  0.566E-02  0.242E-05  0.118E-04  0.186E-02  0.150E-03  0.000E+00
  1.128  0.014000  0.000    1.121    1.6684    3.6369    3.6369    0.5790    1.1487    1.2914    1.2257    0.8609  8.444E+11  1.0000   2.319  0.000E+00      0.00      0.00      0.00  0.0000  -9.998   0.000  0.0000  0.707E+00  0.278E+00  0.194E-02  0.635E-04  0.980E-03  0.566E-02  0.242E-05  0.118E-04  0.186E-02  0.150E-03  0.000E+00
  1.128  0.014000  0.000    1.120    1.6932    3.6353    3.6353    0.5170    1.0963    1.3071    1.2335    0.8675  8.752E+11  1.0000   2.288  0.000E+00      0.00      0.00      0.00  0.0000  -9.958   0.000  0.0000  0.707E+00  0.278E+00  0.194E-02  0.635E-04  0.980E-03  0.566E-02  0.242E-05  0.118E-04  0.186E-02  0.150E-03  0.000E+00
  1.128  0.014000  0.000    1.120    1.7180    3.6337    3.6337    0.4550    1.0439    1.3228    1.2414    0.8741  9.071E+11  1.0000   2.257  0.000E+00      0.00      0.00      0.00  0.0000  -9.918   0.000  0.0000  0.707E+00  0.278E+00  0.194E-02  0.635E-04  0.980E-03  0.566E-02  0.242E-05  0.118E-04  0.186E-02  0.150E-03  0.000E+00
  1.128  0.014000  0.000    1.120    1.7428    3.6322    3.6322    0.3931    0.9914    1.3385    1.2492    0.8807  9.401E+11  1.0000   2.226  0.000E+00      0.00      0.00      0.00  0.0000  -9.877   0.000  0.0000  0.707E+00  0.278E+00  0.194E-02  0.635E-04  0.981E-03  0.566E-02  0.242E-05  0.118E-04  0.186E-02  0.150E-03  0.000E+00
  1.128  0.014000  0.000    1.120    1.7676    3.6306    3.6306    0.3311    0.9390    1.3542    1.2571    0.8873  9.743E+11  1.0000   2.195  0.000E+00      0.00      0.00      0.00  0.0000  -9.837   0.000  0.0000  0.707E+00  0.278E+00  0.194E-02  0.635E-04  0.981E-03  0.566E-02  0.242E-05  0.118E-04  0.186E-02  0.150E-03  0.000E+00
  1.128  0.014000  0.000    1.120    1.7923    3.6290    3.6290    0.2692    0.8866    1.3699    1.2649    0.8939  1.010E+12  1.0000   2.164  0.000E+00      0.00      0.00      0.00  0.0000  -9.797   0.000  0.0000  0.707E+00  0.278E+00  0.194E-02  0.635E-04  0.981E-03  0.566E-02  0.242E-05  0.118E-04  0.186E-02  0.150E-03  0.000E+00
  1.128  0.014000  0.000    1.120    1.8171    3.6274    3.6274    0.2073    0.8343    1.3856    1.2728    0.9006  1.047E+12  1.0000   2.133  0.000E+00      0.00      0.00      0.00  0.0000  -9.757   0.000  0.0000  0.707E+00  0.278E+00  0.194E-02  0.636E-04  0.981E-03  0.566E-02  0.242E-05  0.118E-04  0.186E-02  0.150E-03  0.000E+00
  1.128  0.014000  0.000    1.119    1.8418    3.6259    3.6259    0.1454    0.7819    1.4013    1.2806    0.9073  1.085E+12  1.0000   2.101  0.000E+00      0.00      0.00      0.00  0.0000  -9.716   0.000  0.0000  0.707E+00  0.278E+00  0.194E-02  0.636E-04  0.982E-03  0.566E-02  0.242E-05  0.118E-04  0.186E-02  0.150E-03  0.000E+00
  1.129  0.014000  0.000    1.118    1.8803    3.6231    3.6231    0.0491    0.7024    1.4289    1.2945    0.9191  1.148E+12  1.0000   2.052  0.000E+00      0.00      0.00      0.00  0.0000  -9.653   0.000  0.0000  0.707E+00  0.278E+00  0.194E-02  0.636E-04  0.982E-03  0.566E-02  0.242E-05  0.118E-04  0.186E-02  0.150E-03  0.000E+00
  1.129  0.014000  0.000    1.116    1.9437    3.6182    3.6182   -0.1092    0.5839    1.4756    1.3191    0.9404  1.263E+12  1.0000   1.968  0.000E+00      0.00      0.00      0.00  0.0000  -9.547   0.000  0.0000  0.707E+00  0.278E+00  0.194E-02  0.636E-04  0.982E-03  0.566E-02  0.242E-05  0.118E-04  0.186E-02  0.150E-03  0.000E+00
  1.129  0.014000  0.000    1.113    2.0070    3.6133    3.6133   -0.2674    0.4683    1.5215    1.3437    0.9618  1.390E+12  1.0000   1.884  0.000E+00      0.00      0.00      0.00  0.0000  -9.441   0.000  0.0000  0.707E+00  0.278E+00  0.194E-02  0.636E-04  0.982E-03  0.566E-02  0.242E-05  0.118E-04  0.186E-02  0.150E-03  0.000E+00
  1.129  0.014000  0.000    1.111    2.0702    3.6084    3.6084   -0.4255    0.3527    1.5673    1.3682    0.9836  1.529E+12  1.0000   1.800  0.000E+00      0.00      0.00      0.00  0.0000  -9.335   0.000  0.0000  0.707E+00  0.278E+00  0.194E-02  0.636E-04  0.982E-03  0.566E-02  0.243E-05  0.118E-04  0.186E-02  0.150E-03  0.000E+00
  1.129  0.014000  0.000    1.108    2.1334    3.6034    3.6034   -0.5836    0.2372    1.6132    1.3928    1.0056  1.682E+12  1.0000   1.716  0.000E+00      0.00      0.00      0.00  0.0000  -9.229   0.000  0.0000  0.707E+00  0.278E+00  0.194E-02  0.636E-04  0.983E-03  0.566E-02  0.243E-05  0.118E-04  0.186E-02  0.150E-03  0.000E+00
  1.129  0.014000  0.000    1.106    2.1966    3.5985    3.5985   -0.7415    0.1218    1.6589    1.4173    1.0280  1.851E+12  1.0000   1.632  0.000E+00      0.00      0.00      0.00  0.0000  -9.124   0.000  0.0000  0.707E+00  0.278E+00  0.194E-02  0.636E-04  0.983E-03  0.566E-02  0.243E-05  0.118E-04  0.186E-02  0.150E-03  0.000E+00
  1.129  0.014000  0.000    1.103    2.2597    3.5936    3.5936   -0.8993    0.0065    1.7047    1.4418    1.0507  2.035E+12  1.0000   1.548  0.000E+00      0.00      0.00      0.00  0.0000  -9.018   0.000  0.0000  0.707E+00  0.278E+00  0.194E-02  0.636E-04  0.983E-03  0.566E-02  0.243E-05  0.118E-04  0.186E-02  0.150E-03  0.000E+00
  1.129  0.014000  0.000    1.101    2.3228    3.5887    3.5887   -1.0570   -0.0881    1.7417    1.4663    1.0738  2.239E+12  1.0000   1.465  0.000E+00      0.00      0.00      0.00  0.0000  -8.913   0.000  0.0000  0.707E+00  0.278E+00  0.194E-02  0.636E-04  0.983E-03  0.566E-02  0.243E-05  0.118E-04  0.186E-02  0.150E-03  0.000E+00
  1.129  0.014000  0.000    1.098    2.3858    3.5839    3.5839   -1.2146   -0.1723    1.7743    1.4907    1.0973  2.462E+12  1.0000   1.381  0.000E+00      0.00      0.00      0.00  0.0000  -8.807   0.000  0.0000  0.707E+00  0.278E+00  0.194E-02  0.636E-04  0.984E-03  0.566E-02  0.243E-05  0.118E-04  0.186E-02  0.150E-03  0.000E+00
  1.130  0.014000  0.000    1.096    2.4488    3.5790    3.5790   -1.3721   -0.2565    1.8069    1.5152    1.1212  2.708E+12  1.0000   1.298  0.000E+00      0.00      0.00      0.00  0.0000  -8.702   0.000  0.0000  0.707E+00  0.278E+00  0.194E-02  0.636E-04  0.984E-03  0.566E-02  0.243E-05  0.118E-04  0.186E-02  0.150E-03  0.000E+00
  1.130  0.014000  0.000    1.093    2.5118    3.5741    3.5741   -1.5294   -0.3406    1.8395    1.5396    1.1456  2.977E+12  1.0000   1.214  0.000E+00      0.00      0.00      0.00  0.0000  -8.597   0.000  0.0000  0.707E+00  0.278E+00  0.194E-02  0.636E-04  0.984E-03  0.566E-02  0.243E-05  0.118E-04  0.186E-02  0.150E-03  0.000E+00
  1.130  0.014000  0.000    1.091    2.5747    3.5692    3.5692   -1.6867   -0.4215    1.8464    1.5512    1.1574  3.274E+12  1.0000   1.131  0.000E+00      0.00      0.00      0.00  0.0000  -8.491   0.000  0.0000  0.707E+00  0.278E+00  0.194E-02  0.637E-04  0.984E-03  0.566E-02  0.243E-05  0.118E-04  0.186E-02  0.150E-03  0.000E+00
  1.130  0.014000  0.000    1.088    2.6376    3.5643    3.5643   -1.8439   -0.5022    1.8529    1.5626    1.1691  3.599E+12  1.0000   1.047  0.000E+00      0.00      0.00      0.00  0.0000  -8.386   0.000  0.0000  0.707E+00  0.278E+00  0.194E-02  0.637E-04  0.985E-03  0.566E-02  0.243E-05  0.118E-04  0.186E-02  0.150E-03  0.000E+00
